/*--------------------------------*- C++ -*----------------------------------*\
| =========                 |                                                 |
| \\      /  F ield         | OpenFOAM: The Open Source CFD Toolbox           |
|  \\    /   O peration     | Version:  v1912                                 |
|   \\  /    A nd           | Website:  www.openfoam.com                      |
|    \\/     M anipulation  |                                                 |
\*---------------------------------------------------------------------------*/
FoamFile
{
    version     2.0;
    format      ascii;
    class       surfaceScalarField;
    location    "250";
    object      phi;
}
// * * * * * * * * * * * * * * * * * * * * * * * * * * * * * * * * * * * * * //

dimensions      [0 3 -1 0 0 0 0];
oriented        oriented;


internalField   nonuniform List<scalar> 
5952
(
5.53168e-06
-5.44116e-06
9.32191e-06
-3.79207e-06
1.20571e-05
-2.73341e-06
1.25977e-05
-5.39148e-07
9.9989e-06
2.59984e-06
4.32745e-06
5.67569e-06
-6.82868e-06
1.11562e-05
-2.32809e-05
1.64542e-05
-3.72325e-05
1.39513e-05
-4.80406e-05
1.08079e-05
-5.63231e-05
8.28242e-06
6.10245e-06
-6.24262e-05
2.12078e-06
-7.56166e-06
2.86543e-06
-4.53665e-06
2.33437e-07
-1.00249e-07
-6.1952e-06
5.8913e-06
-1.73438e-05
1.37492e-05
-3.04523e-05
1.87852e-05
-3.99655e-05
2.06698e-05
-4.36507e-05
2.014e-05
-4.66418e-05
1.69426e-05
-4.9575e-05
1.3741e-05
-5.21618e-05
1.08693e-05
7.89134e-06
-5.39512e-05
-7.36289e-07
-6.82506e-06
-4.1132e-06
-1.15908e-06
-1.11415e-05
6.92871e-06
-2.07517e-05
1.55024e-05
-2.85108e-05
2.15089e-05
-3.34036e-05
2.36787e-05
-3.6149e-05
2.34156e-05
-3.74706e-05
2.14619e-05
-3.87412e-05
1.82132e-05
-4.0064e-05
1.50636e-05
-4.1151e-05
1.19563e-05
8.80858e-06
-4.20685e-05
-4.37677e-06
-2.44742e-06
-1.03224e-05
4.787e-06
-1.67395e-05
1.33462e-05
-2.22092e-05
2.09729e-05
-2.56922e-05
2.49924e-05
-2.76759e-05
2.56628e-05
-2.87352e-05
2.44751e-05
-2.92885e-05
2.20153e-05
-2.98538e-05
1.87785e-05
-3.03442e-05
1.55538e-05
-3.07331e-05
1.23451e-05
9.17688e-06
-3.11017e-05
-5.50117e-06
3.05448e-06
-1.07992e-05
1.00854e-05
-1.5156e-05
1.77037e-05
-1.80671e-05
2.38848e-05
-1.95328e-05
2.64585e-05
-2.01289e-05
2.62593e-05
-2.01233e-05
2.44695e-05
-1.99244e-05
2.18164e-05
-1.987e-05
1.87237e-05
-1.98903e-05
1.55737e-05
-1.99655e-05
1.242e-05
9.28036e-06
-2.00694e-05
-4.87716e-06
7.93214e-06
-8.86132e-06
1.40705e-05
-1.14604e-05
2.03034e-05
-1.25275e-05
2.49528e-05
-1.25807e-05
2.65125e-05
-1.20406e-05
2.57197e-05
-1.12735e-05
2.37027e-05
-1.05593e-05
2.1102e-05
-1.00348e-05
1.81991e-05
-9.67378e-06
1.52124e-05
-9.44566e-06
1.21916e-05
9.14544e-06
-9.31102e-06
-3.82203e-06
1.17555e-05
-6.58393e-06
1.68333e-05
-7.62393e-06
2.13447e-05
-7.12112e-06
2.44514e-05
-5.78879e-06
2.51811e-05
-4.19707e-06
2.4129e-05
-2.68274e-06
2.21888e-05
-1.38991e-06
1.98096e-05
-3.80841e-07
1.719e-05
3.72066e-07
1.44595e-05
9.11326e-07
1.16522e-05
8.77349e-06
1.28317e-06
-3.04296e-06
1.48008e-05
-4.64148e-06
1.84334e-05
-4.19726e-06
2.09023e-05
-2.15928e-06
2.24149e-05
5.44753e-07
2.24785e-05
3.21675e-06
2.1458e-05
5.57719e-06
1.98291e-05
7.5364e-06
1.78508e-05
9.08433e-06
1.56424e-05
1.02673e-05
1.32765e-05
1.11462e-05
1.07734e-05
8.14103e-06
1.17787e-05
-2.45066e-06
1.72537e-05
-3.06476e-06
1.90493e-05
-9.40581e-07
1.87798e-05
2.67591e-06
1.87999e-05
6.71457e-06
1.84414e-05
1.04865e-05
1.76874e-05
1.3734e-05
1.65826e-05
1.64047e-05
1.5181e-05
1.85254e-05
1.35222e-05
2.01648e-05
1.16374e-05
2.14057e-05
9.53279e-06
7.22598e-06
2.23209e-05
-3.09609e-06
2.03514e-05
-1.19949e-06
1.71547e-05
3.51873e-06
1.40629e-05
8.84771e-06
1.34726e-05
1.40776e-05
1.32129e-05
1.87492e-05
1.30171e-05
2.27076e-05
1.26252e-05
2.59481e-05
1.19413e-05
2.85287e-05
1.09419e-05
3.05357e-05
9.63075e-06
3.20711e-05
7.99745e-06
6.07764e-06
3.32195e-05
3.85996e-08
2.03152e-05
6.55356e-06
1.0641e-05
1.34436e-05
7.17404e-06
1.97768e-05
7.14057e-06
2.53725e-05
7.61846e-06
3.0178e-05
8.21292e-06
3.4202e-05
8.60243e-06
3.7488e-05
8.65616e-06
4.01115e-05
8.31908e-06
4.21577e-05
7.58503e-06
4.37326e-05
6.42279e-06
4.89452e-06
4.4916e-05
1.98771e-05
4.38269e-07
2.8448e-05
2.07052e-06
3.43313e-05
1.29116e-06
3.92443e-05
2.2279e-06
4.33071e-05
3.55629e-06
4.67652e-05
4.75547e-06
4.97112e-05
5.65697e-06
5.21634e-05
6.20436e-06
5.41453e-05
6.3375e-06
5.56894e-05
6.04087e-06
5.68751e-05
5.23705e-06
5.77526e-05
4.01701e-06
-6.63953e-05
3.96923e-06
-6.8535e-05
2.13909e-06
-6.88471e-05
3.12759e-07
-6.75471e-05
-1.30078e-06
-6.46121e-05
-2.93467e-06
-5.99522e-05
-4.66081e-06
-5.34698e-05
-6.48207e-06
-4.50259e-05
-8.44351e-06
-3.44825e-05
-1.05434e-05
-2.19975e-05
-1.24841e-05
-9.21402e-06
-1.27823e-05
-9.21363e-06
-5.5123e-05
5.14141e-06
-5.55701e-05
2.58573e-06
-5.54166e-05
1.59817e-07
-5.45242e-05
-2.19341e-06
-5.28019e-05
-4.65661e-06
-5.01251e-05
-7.33767e-06
-4.63108e-05
-1.02959e-05
-4.11432e-05
-1.36105e-05
-3.4389e-05
-1.72967e-05
-2.57915e-05
-2.10813e-05
-1.44698e-05
-2.41033e-05
-2.36832e-05
-4.27412e-05
5.81419e-06
-4.31029e-05
2.94715e-06
-4.30608e-05
1.18012e-07
-4.24571e-05
-2.79723e-06
-4.12177e-05
-5.89577e-06
-3.92692e-05
-9.28601e-06
-3.64956e-05
-1.30689e-05
-3.27958e-05
-1.73096e-05
-2.80466e-05
-2.20455e-05
-2.17661e-05
-2.73614e-05
-1.30968e-05
-3.2772e-05
-3.67797e-05
-3.13715e-05
6.08384e-06
-3.14465e-05
3.02196e-06
-3.12439e-05
-8.45866e-08
-3.07047e-05
-3.33654e-06
-2.97749e-05
-6.82544e-06
-2.84101e-05
-1.06507e-05
-2.65331e-05
-1.49455e-05
-2.40593e-05
-1.9783e-05
-2.08213e-05
-2.5283e-05
-1.64123e-05
-3.177e-05
-9.98591e-06
-3.91978e-05
-4.67653e-05
-2.01377e-05
6.15194e-06
-2.01116e-05
2.99554e-06
-1.99429e-05
-2.53313e-07
-1.96008e-05
-3.67874e-06
-1.90601e-05
-7.36612e-06
-1.82935e-05
-1.14172e-05
-1.72596e-05
-1.59791e-05
-1.58947e-05
-2.11475e-05
-1.40238e-05
-2.71536e-05
-1.14768e-05
-3.43166e-05
-7.39349e-06
-4.32805e-05
-5.41586e-05
-9.22038e-06
6.06101e-06
-9.132e-06
2.90704e-06
-9.01818e-06
-3.67291e-07
-8.86666e-06
-3.83017e-06
-8.67325e-06
-7.55952e-06
-8.43534e-06
-1.16548e-05
-8.16952e-06
-1.62446e-05
-7.84265e-06
-2.1474e-05
-7.38656e-06
-2.76096e-05
-6.61237e-06
-3.50904e-05
-4.83163e-06
-4.5061e-05
-5.89901e-05
1.53215e-06
5.812e-06
1.69034e-06
2.74877e-06
1.773e-06
-4.49792e-07
1.77612e-06
-3.83322e-06
1.68109e-06
-7.46419e-06
1.45693e-06
-1.14304e-05
1.0614e-06
-1.58488e-05
4.66379e-07
-2.08789e-05
-3.27991e-07
-2.68149e-05
-1.22364e-06
-3.41948e-05
-1.82435e-06
-4.446e-05
-6.08143e-05
1.2214e-05
5.37672e-06
1.24817e-05
2.48108e-06
1.25894e-05
-5.57293e-07
1.25197e-05
-3.76324e-06
1.22318e-05
-7.17592e-06
1.16633e-05
-1.08617e-05
1.07282e-05
-1.49134e-05
9.32405e-06
-1.94745e-05
7.33849e-06
-2.48295e-05
4.71772e-06
-3.15737e-05
1.7955e-06
-4.15375e-05
-5.90185e-05
2.29722e-05
4.72561e-06
2.33922e-05
2.06135e-06
2.35865e-05
-7.51239e-07
2.35299e-05
-3.7063e-06
2.31643e-05
-6.80986e-06
2.24003e-05
-1.00973e-05
2.11045e-05
-1.36173e-05
1.90965e-05
-1.74664e-05
1.61293e-05
-2.18618e-05
1.19304e-05
-2.73746e-05
6.5193e-06
-3.61258e-05
-5.24989e-05
3.40589e-05
3.88635e-06
3.46264e-05
1.49413e-06
3.49311e-05
-1.05555e-06
3.49476e-05
-3.72238e-06
3.46087e-05
-6.47049e-06
3.38078e-05
-9.29604e-06
3.23718e-05
-1.2181e-05
3.00488e-05
-1.5143e-05
2.64316e-05
-1.82444e-05
2.1022e-05
-2.19645e-05
1.29377e-05
-2.80409e-05
-3.95602e-05
4.58007e-05
3.00196e-06
4.64209e-05
8.74392e-07
4.67895e-05
-1.4236e-06
4.68844e-05
-3.8168e-06
4.66387e-05
-6.22427e-06
4.5944e-05
-8.60086e-06
4.4608e-05
-1.08447e-05
4.2351e-05
-1.28856e-05
3.86186e-05
-1.45114e-05
3.26733e-05
-1.60186e-05
2.1984e-05
-1.73505e-05
-1.75753e-05
5.84291e-05
2.32561e-06
5.89218e-05
3.8201e-07
5.92446e-05
-1.74592e-06
5.93751e-05
-3.94677e-06
5.92507e-05
-6.0994e-06
5.87741e-05
-8.12382e-06
5.77672e-05
-9.83734e-06
5.59864e-05
-1.11043e-05
5.29092e-05
-1.14337e-05
4.75791e-05
-1.06881e-05
3.62196e-05
-5.99003e-06
1.86453e-05
5.46787e-06
-5.46563e-06
9.28906e-06
-3.82216e-06
1.20397e-05
-2.74966e-06
1.25918e-05
-5.51911e-07
1.00089e-05
2.58372e-06
4.35501e-06
5.65814e-06
-6.76084e-06
1.11174e-05
-2.32046e-05
1.64471e-05
-3.71709e-05
1.39675e-05
-4.79819e-05
1.08122e-05
-5.62712e-05
8.29044e-06
6.10642e-06
-6.23771e-05
2.12349e-06
-7.5878e-06
2.86378e-06
-4.56132e-06
2.38212e-07
-1.2345e-07
-6.17211e-06
5.85953e-06
-1.73004e-05
1.37123e-05
-3.04058e-05
1.87643e-05
-3.99436e-05
2.06557e-05
-4.36364e-05
2.01407e-05
-4.66185e-05
1.69503e-05
-4.9551e-05
1.3745e-05
-5.21357e-05
1.08756e-05
7.89634e-06
-5.39256e-05
-7.40402e-07
-6.84494e-06
-4.11328e-06
-1.18713e-06
-1.11267e-05
6.89097e-06
-2.07291e-05
1.54626e-05
-2.84952e-05
2.14789e-05
-3.33928e-05
2.36625e-05
-3.61433e-05
2.34065e-05
-3.74632e-05
2.14609e-05
-3.87287e-05
1.82158e-05
-4.00496e-05
1.50657e-05
-4.11344e-05
1.19604e-05
8.81278e-06
-4.20511e-05
-4.37607e-06
-2.46623e-06
-1.03159e-05
4.7539e-06
-1.67309e-05
1.33072e-05
-2.22032e-05
2.09355e-05
-2.56905e-05
2.49669e-05
-2.76753e-05
2.56478e-05
-2.87344e-05
2.44657e-05
-2.92853e-05
2.2012e-05
-2.98476e-05
1.87779e-05
-3.03364e-05
1.55543e-05
-3.07235e-05
1.23471e-05
9.17947e-06
-3.10906e-05
-5.49703e-06
3.03294e-06
-1.07961e-05
1.00544e-05
-1.51549e-05
1.76665e-05
-1.80697e-05
2.38518e-05
-1.95374e-05
2.64356e-05
-2.01334e-05
2.62444e-05
-2.01271e-05
2.44601e-05
-1.99261e-05
2.18108e-05
-1.98689e-05
1.87208e-05
-1.98874e-05
1.55723e-05
-1.99607e-05
1.24202e-05
9.28159e-06
-2.00633e-05
-4.87646e-06
7.91171e-06
-8.86296e-06
1.4041e-05
-1.14648e-05
2.02704e-05
-1.25355e-05
2.49237e-05
-1.25901e-05
2.64916e-05
-1.20494e-05
2.57054e-05
-1.12812e-05
2.36925e-05
-1.05647e-05
2.10952e-05
-1.00383e-05
1.81945e-05
-9.67536e-06
1.52096e-05
-9.44576e-06
1.21904e-05
9.14566e-06
-9.30984e-06
-3.82424e-06
1.17383e-05
-6.589e-06
1.68085e-05
-7.63385e-06
2.13167e-05
-7.13439e-06
2.44265e-05
-5.80274e-06
2.51624e-05
-4.2103e-06
2.41148e-05
-2.69413e-06
2.21781e-05
-1.39951e-06
1.98016e-05
-3.88432e-07
1.71843e-05
3.66063e-07
1.44555e-05
9.06803e-07
1.16501e-05
8.77284e-06
1.27982e-06
-3.0473e-06
1.47893e-05
-4.65053e-06
1.84138e-05
-4.2115e-06
2.08807e-05
-2.17661e-06
2.23943e-05
5.26829e-07
2.24612e-05
3.19989e-06
2.14439e-05
5.56195e-06
1.98176e-05
7.52306e-06
1.78417e-05
9.07277e-06
1.56354e-05
1.02574e-05
1.32715e-05
1.11377e-05
1.07701e-05
8.13947e-06
1.17714e-05
-2.45639e-06
1.72489e-05
-3.07478e-06
1.90358e-05
-9.5647e-07
1.87636e-05
2.6569e-06
1.87833e-05
6.6946e-06
1.84258e-05
1.04671e-05
1.76734e-05
1.3716e-05
1.65705e-05
1.63883e-05
1.51708e-05
1.85108e-05
1.3514e-05
2.01518e-05
1.16312e-05
2.13941e-05
9.52833e-06
7.22333e-06
2.23107e-05
-3.09952e-06
2.03526e-05
-1.2084e-06
1.71456e-05
3.50595e-06
1.40529e-05
8.83092e-06
1.34598e-05
1.40592e-05
1.31995e-05
1.87305e-05
1.30038e-05
2.26897e-05
1.26129e-05
2.59313e-05
1.19304e-05
2.85134e-05
1.09328e-05
3.05217e-05
9.62335e-06
3.20585e-05
7.9919e-06
6.07385e-06
3.32082e-05
4.06246e-08
2.03145e-05
6.55162e-06
1.0638e-05
1.34366e-05
7.16708e-06
1.97665e-05
7.13149e-06
2.53601e-05
7.60745e-06
3.01645e-05
8.20105e-06
3.4188e-05
8.59086e-06
3.74743e-05
8.64545e-06
4.00983e-05
8.30973e-06
4.21453e-05
7.57705e-06
4.37212e-05
6.41652e-06
4.88981e-06
4.49057e-05
1.98833e-05
4.32846e-07
2.84526e-05
2.06804e-06
3.43335e-05
1.28856e-06
3.92435e-05
2.22186e-06
4.33034e-05
3.54792e-06
4.67592e-05
4.74593e-06
4.97036e-05
5.64705e-06
5.21549e-05
6.1948e-06
5.41363e-05
6.32865e-06
5.56807e-05
6.03304e-06
5.68668e-05
5.23041e-06
5.7745e-05
4.01178e-06
-6.63506e-05
3.97454e-06
-6.84934e-05
2.14292e-06
-6.88096e-05
3.17231e-07
-6.75127e-05
-1.29723e-06
-6.45814e-05
-2.93084e-06
-5.99248e-05
-4.65729e-06
-5.34463e-05
-6.47824e-06
-4.50061e-05
-8.43984e-06
-3.44668e-05
-1.05394e-05
-2.19859e-05
-1.24801e-05
-9.20829e-06
-1.27764e-05
-9.20797e-06
-5.50973e-05
5.14687e-06
-5.55452e-05
2.59061e-06
-5.53921e-05
1.64746e-07
-5.45008e-05
-2.1887e-06
-5.27798e-05
-4.65156e-06
-5.01049e-05
-7.3323e-06
-4.62927e-05
-1.02901e-05
-4.11276e-05
-1.36044e-05
-3.43762e-05
-1.72902e-05
-2.57822e-05
-2.1074e-05
-1.44632e-05
-2.40949e-05
-2.3671e-05
-4.2723e-05
5.81874e-06
-4.30845e-05
2.95185e-06
-4.30428e-05
1.23047e-07
-4.24399e-05
-2.79183e-06
-4.12016e-05
-5.88983e-06
-3.92545e-05
-9.27942e-06
-3.64827e-05
-1.30616e-05
-3.27851e-05
-1.73017e-05
-2.80384e-05
-2.20366e-05
-2.17608e-05
-2.73514e-05
-1.30946e-05
-3.27607e-05
-3.67654e-05
-3.13594e-05
6.08722e-06
-3.14339e-05
3.02602e-06
-3.12313e-05
-7.98094e-08
-3.06924e-05
-3.33099e-06
-2.97634e-05
-6.81903e-06
-2.83995e-05
-1.06434e-05
-2.65238e-05
-1.49371e-05
-2.40515e-05
-1.97738e-05
-2.08152e-05
-2.52727e-05
-1.64079e-05
-3.17586e-05
-9.98321e-06
-3.91851e-05
-4.67485e-05
-2.01307e-05
6.1543e-06
-2.0104e-05
2.99894e-06
-1.99351e-05
-2.489e-07
-1.95931e-05
-3.67321e-06
-1.90528e-05
-7.35949e-06
-1.82868e-05
-1.14093e-05
-1.72537e-05
-1.597e-05
-1.58899e-05
-2.11374e-05
-1.402e-05
-2.71423e-05
-1.14744e-05
-3.43041e-05
-7.39295e-06
-4.32664e-05
-5.41414e-05
-9.21828e-06
6.06257e-06
-9.12924e-06
2.90985e-06
-9.01497e-06
-3.6318e-07
-8.86333e-06
-3.82482e-06
-8.66991e-06
-7.5528e-06
-8.43226e-06
-1.16468e-05
-8.1668e-06
-1.62352e-05
-7.84042e-06
-2.14634e-05
-7.38486e-06
-2.75978e-05
-6.61141e-06
-3.50774e-05
-4.83119e-06
-4.50463e-05
-5.89727e-05
1.52977e-06
5.81286e-06
1.68879e-06
2.75109e-06
1.77199e-06
-4.46105e-07
1.77559e-06
-3.82808e-06
1.68075e-06
-7.45767e-06
1.45673e-06
-1.14224e-05
1.06119e-06
-1.58393e-05
4.66075e-07
-2.08681e-05
-3.28508e-07
-2.68029e-05
-1.22422e-06
-3.41814e-05
-1.82529e-06
-4.44455e-05
-6.07978e-05
1.22078e-05
5.37676e-06
1.24765e-05
2.48268e-06
1.2585e-05
-5.54184e-07
1.25159e-05
-3.75865e-06
1.22285e-05
-7.1698e-06
1.16604e-05
-1.0854e-05
1.07255e-05
-1.49042e-05
9.32161e-06
-1.94639e-05
7.3364e-06
-2.48175e-05
4.71564e-06
-3.15608e-05
1.79415e-06
-4.15235e-05
-5.90036e-05
2.29632e-05
4.72462e-06
2.33843e-05
2.06202e-06
2.35796e-05
-7.4897e-07
2.35239e-05
-3.70247e-06
2.31589e-05
-6.8044e-06
2.23954e-05
-1.00902e-05
2.11001e-05
-1.36086e-05
1.90926e-05
-1.74561e-05
1.61256e-05
-2.18503e-05
1.19273e-05
-2.73619e-05
6.51692e-06
-3.61129e-05
-5.24863e-05
3.40489e-05
3.88428e-06
3.46175e-05
1.49378e-06
3.49231e-05
-1.05423e-06
3.49405e-05
-3.7194e-06
3.46022e-05
-6.46581e-06
3.38019e-05
-9.28955e-06
3.23664e-05
-1.21728e-05
3.00438e-05
-1.51331e-05
2.6427e-05
-1.82331e-05
2.10179e-05
-2.19524e-05
1.29347e-05
-2.80293e-05
-3.95505e-05
4.57915e-05
2.99895e-06
4.64126e-05
8.73104e-07
4.6782e-05
-1.42316e-06
4.68776e-05
-3.81458e-06
4.66324e-05
-6.22026e-06
4.59381e-05
-8.59483e-06
4.46025e-05
-1.08368e-05
4.23458e-05
-1.28759e-05
3.86135e-05
-1.45003e-05
3.26685e-05
-1.60069e-05
2.19806e-05
-1.73399e-05
-1.75698e-05
5.84223e-05
2.32183e-06
5.89156e-05
3.79988e-07
5.92389e-05
-1.74608e-06
5.93697e-05
-3.94505e-06
5.92454e-05
-6.09563e-06
5.87688e-05
-8.11793e-06
5.77618e-05
-9.82934e-06
5.5981e-05
-1.10946e-05
5.29038e-05
-1.14225e-05
4.75739e-05
-1.06762e-05
3.62149e-05
-5.98125e-06
1.86467e-05
5.46382e-06
-5.46027e-06
9.28245e-06
-3.81918e-06
1.20299e-05
-2.74474e-06
1.257e-05
-5.39369e-07
9.96837e-06
2.60516e-06
4.2951e-06
5.67764e-06
-6.87558e-06
1.11735e-05
-2.33222e-05
1.64497e-05
-3.7256e-05
1.39352e-05
-4.80544e-05
1.07994e-05
-5.63277e-05
8.27423e-06
6.09726e-06
-6.24248e-05
2.12404e-06
-7.58218e-06
2.84969e-06
-4.54377e-06
2.05436e-07
-9.898e-08
-6.23697e-06
5.90451e-06
-1.73946e-05
1.37637e-05
-3.04954e-05
1.87794e-05
-3.99814e-05
2.06603e-05
-4.36546e-05
2.01238e-05
-4.66445e-05
1.69259e-05
-4.95738e-05
1.3729e-05
-5.21579e-05
1.08589e-05
7.8837e-06
-5.39444e-05
-7.54613e-07
-6.82672e-06
-4.15046e-06
-1.14753e-06
-1.11937e-05
6.94478e-06
-2.07989e-05
1.55101e-05
-2.85344e-05
2.14996e-05
-3.34144e-05
2.36599e-05
-3.61505e-05
2.33967e-05
-3.74691e-05
2.14428e-05
-3.8739e-05
1.81961e-05
-4.00599e-05
1.505e-05
-4.11458e-05
1.19449e-05
8.79976e-06
-4.20619e-05
-4.39548e-06
-2.43088e-06
-1.03517e-05
4.80855e-06
-1.67647e-05
1.3358e-05
-2.22223e-05
2.09683e-05
-2.56965e-05
2.49743e-05
-2.76765e-05
2.56405e-05
-2.8733e-05
2.44538e-05
-2.92849e-05
2.19952e-05
-2.98497e-05
1.87612e-05
-3.03391e-05
1.55396e-05
-3.07276e-05
1.23336e-05
9.16785e-06
-3.10956e-05
-5.5128e-06
3.08163e-06
-1.08109e-05
1.01066e-05
-1.51628e-05
1.77105e-05
-1.80683e-05
2.38747e-05
-1.95314e-05
2.64384e-05
-2.01264e-05
2.62367e-05
-2.01197e-05
2.4448e-05
-1.99209e-05
2.17972e-05
-1.98663e-05
1.87073e-05
-1.98863e-05
1.55601e-05
-1.99612e-05
1.24088e-05
9.27147e-06
-2.00647e-05
-4.87938e-06
7.96117e-06
-8.86289e-06
1.40907e-05
-1.14592e-05
2.03079e-05
-1.25246e-05
2.49415e-05
-1.25776e-05
2.64933e-05
-1.20379e-05
2.56988e-05
-1.12713e-05
2.36833e-05
-1.05573e-05
2.10847e-05
-1.00328e-05
1.81841e-05
-9.67144e-06
1.51997e-05
-9.443e-06
1.21811e-05
9.13692e-06
-9.30799e-06
-3.8198e-06
1.17821e-05
-6.57965e-06
1.68513e-05
-7.61838e-06
2.13485e-05
-7.11657e-06
2.44418e-05
-5.786e-06
2.51652e-05
-4.19614e-06
2.41115e-05
-2.68266e-06
2.21722e-05
-1.39013e-06
1.97945e-05
-3.80851e-07
1.71768e-05
3.72446e-07
1.4448e-05
9.12161e-07
1.16425e-05
8.7654e-06
1.28449e-06
-3.03796e-06
1.48213e-05
-4.63294e-06
1.84485e-05
-4.18876e-06
2.0906e-05
-2.15334e-06
2.2409e-05
5.46945e-07
2.2467e-05
3.21648e-06
2.14447e-05
5.57545e-06
1.98155e-05
7.53437e-06
1.7838e-05
9.08246e-06
1.56306e-05
1.0266e-05
1.32661e-05
1.11454e-05
1.07643e-05
8.13321e-06
1.17784e-05
-2.44183e-06
1.72652e-05
-3.05261e-06
1.90611e-05
-9.292e-07
1.87845e-05
2.68337e-06
1.87983e-05
6.71769e-06
1.84349e-05
1.04863e-05
1.76783e-05
1.3732e-05
1.65722e-05
1.64019e-05
1.51704e-05
1.85226e-05
1.35119e-05
2.01624e-05
1.16279e-05
2.14038e-05
9.52412e-06
7.21835e-06
2.23195e-05
-3.08455e-06
2.03524e-05
-1.18534e-06
1.71633e-05
3.53166e-06
1.40693e-05
8.85661e-06
1.34746e-05
1.40824e-05
1.32108e-05
1.87504e-05
1.30118e-05
2.27068e-05
1.26178e-05
2.5946e-05
1.19327e-05
2.85263e-05
1.09331e-05
3.05333e-05
9.62206e-06
3.20689e-05
7.98929e-06
6.07027e-06
3.32177e-05
4.43603e-08
2.031e-05
6.56405e-06
1.06449e-05
1.34538e-05
7.18042e-06
1.97849e-05
7.14452e-06
2.53777e-05
7.6189e-06
3.01806e-05
8.21013e-06
3.42023e-05
8.59734e-06
3.7487e-05
8.64935e-06
4.01097e-05
8.31158e-06
4.21555e-05
7.57722e-06
4.37303e-05
6.41523e-06
4.88755e-06
4.49138e-05
1.98779e-05
4.32575e-07
2.84508e-05
2.07257e-06
3.4335e-05
1.29619e-06
3.92481e-05
2.23152e-06
4.33099e-05
3.55709e-06
4.67666e-05
4.75371e-06
4.9711e-05
5.653e-06
5.2162e-05
6.19871e-06
5.4143e-05
6.33084e-06
5.56866e-05
6.03368e-06
5.6872e-05
5.22994e-06
5.77494e-05
4.01033e-06
-6.63891e-05
3.96494e-06
-6.85254e-05
2.13627e-06
-6.88354e-05
3.10749e-07
-6.7534e-05
-1.30188e-06
-6.45986e-05
-2.93504e-06
-5.99388e-05
-4.66057e-06
-5.34574e-05
-6.48118e-06
-4.5015e-05
-8.44203e-06
-3.44738e-05
-1.05412e-05
-2.19917e-05
-1.24813e-05
-9.21189e-06
-1.27787e-05
-9.21154e-06
-5.51145e-05
5.13555e-06
-5.55599e-05
2.58162e-06
-5.54056e-05
1.57055e-07
-5.45126e-05
-2.19494e-06
-5.27903e-05
-4.65705e-06
-5.01138e-05
-7.33703e-06
-4.63003e-05
-1.02942e-05
-4.1134e-05
-1.36078e-05
-3.43815e-05
-1.7293e-05
-2.5786e-05
-2.10766e-05
-1.4466e-05
-2.40981e-05
-2.36773e-05
-4.27336e-05
5.8075e-06
-4.30944e-05
2.94233e-06
-4.30519e-05
1.14787e-07
-4.24479e-05
-2.79894e-06
-4.12087e-05
-5.89603e-06
-3.92606e-05
-9.28486e-06
-3.6488e-05
-1.30664e-05
-3.27892e-05
-1.73059e-05
-2.80412e-05
-2.20405e-05
-2.17623e-05
-2.73552e-05
-1.30949e-05
-3.27649e-05
-3.67719e-05
-3.1365e-05
6.0769e-06
-3.14396e-05
3.01689e-06
-3.12368e-05
-8.79402e-08
-3.06975e-05
-3.33825e-06
-2.97679e-05
-6.82555e-06
-2.84034e-05
-1.06493e-05
-2.6527e-05
-1.49423e-05
-2.4054e-05
-1.97786e-05
-2.08169e-05
-2.52771e-05
-1.6409e-05
-3.17627e-05
-9.98398e-06
-3.91895e-05
-4.67556e-05
-2.01327e-05
6.14501e-06
-2.01063e-05
2.99043e-06
-1.99374e-05
-2.56728e-07
-1.95952e-05
-3.68045e-06
-1.90545e-05
-7.36615e-06
-1.82882e-05
-1.14155e-05
-1.72547e-05
-1.59755e-05
-1.58904e-05
-2.11424e-05
-1.40203e-05
-2.71468e-05
-1.14743e-05
-3.43084e-05
-7.39229e-06
-4.3271e-05
-5.41477e-05
-9.21699e-06
6.05428e-06
-9.12831e-06
2.90197e-06
-9.01422e-06
-3.70684e-07
-8.86256e-06
-3.8319e-06
-8.66909e-06
-7.55946e-06
-8.43131e-06
-1.16529e-05
-8.1657e-06
-1.62408e-05
-7.83937e-06
-2.14684e-05
-7.38397e-06
-2.76021e-05
-6.61058e-06
-3.50814e-05
-4.83068e-06
-4.50506e-05
-5.89782e-05
1.53388e-06
5.80545e-06
1.69249e-06
2.74378e-06
1.77542e-06
-4.53202e-07
1.77879e-06
-3.83492e-06
1.68384e-06
-7.4641e-06
1.45968e-06
-1.14284e-05
1.06396e-06
-1.58447e-05
4.68535e-07
-2.08727e-05
-3.2644e-07
-2.68068e-05
-1.22278e-06
-3.41851e-05
-1.82391e-06
-4.44491e-05
-6.08019e-05
1.22142e-05
5.37026e-06
1.24824e-05
2.47607e-06
1.25905e-05
-5.60728e-07
1.2521e-05
-3.76496e-06
1.22331e-05
-7.17578e-06
1.16647e-05
-1.08595e-05
1.07294e-05
-1.49091e-05
9.32497e-06
-1.9468e-05
7.33898e-06
-2.48209e-05
4.71774e-06
-3.15635e-05
1.79534e-06
-4.15264e-05
-5.90063e-05
2.29713e-05
4.7192e-06
2.33917e-05
2.05635e-06
2.35863e-05
-7.54655e-07
2.35299e-05
-3.70795e-06
2.31642e-05
-6.8096e-06
2.24002e-05
-1.0095e-05
2.11042e-05
-1.36128e-05
1.90961e-05
-1.74596e-05
1.61285e-05
-2.18529e-05
1.19294e-05
-2.73641e-05
6.51843e-06
-3.61148e-05
-5.24876e-05
3.40574e-05
3.88008e-06
3.46251e-05
1.48927e-06
3.49298e-05
-1.05878e-06
3.49463e-05
-3.7238e-06
3.46072e-05
-6.46994e-06
3.3806e-05
-9.29339e-06
3.23699e-05
-1.21762e-05
3.00466e-05
-1.5136e-05
2.64294e-05
-1.82354e-05
2.10199e-05
-2.19541e-05
1.29359e-05
-2.80302e-05
-3.95506e-05
4.57986e-05
2.99601e-06
4.64187e-05
8.69905e-07
4.67871e-05
-1.42641e-06
4.68817e-05
-3.81774e-06
4.66356e-05
-6.22321e-06
4.59404e-05
-8.59769e-06
4.46042e-05
-1.08394e-05
4.23469e-05
-1.28783e-05
3.86145e-05
-1.45024e-05
3.26696e-05
-1.60086e-05
2.19813e-05
-1.73407e-05
-1.75683e-05
5.84259e-05
2.31994e-06
5.89183e-05
3.77975e-07
5.92407e-05
-1.74817e-06
5.93707e-05
-3.94707e-06
5.92457e-05
-6.09765e-06
5.87685e-05
-8.11996e-06
5.7761e-05
-9.83149e-06
5.59798e-05
-1.10965e-05
5.29026e-05
-1.14246e-05
4.75732e-05
-1.06788e-05
3.62154e-05
-5.98184e-06
1.8648e-05
5.46952e-06
-5.46724e-06
9.29164e-06
-3.82307e-06
1.20427e-05
-2.7501e-06
1.25955e-05
-5.52529e-07
1.0013e-05
2.58339e-06
4.35683e-06
5.66039e-06
-6.7625e-06
1.11209e-05
-2.32125e-05
1.64533e-05
-3.71837e-05
1.39724e-05
-4.79979e-05
1.08154e-05
-5.62893e-05
8.29257e-06
6.10761e-06
-6.23964e-05
2.12489e-06
-7.59078e-06
2.86736e-06
-4.56438e-06
2.42592e-07
-1.24657e-07
-6.16864e-06
5.85984e-06
-1.73006e-05
1.37157e-05
-3.04122e-05
1.87728e-05
-3.99551e-05
2.06644e-05
-4.36497e-05
2.01487e-05
-4.66331e-05
1.69564e-05
-4.95666e-05
1.37492e-05
-5.2152e-05
1.08785e-05
7.89776e-06
-5.39422e-05
-7.37811e-07
-6.85051e-06
-4.10817e-06
-1.19271e-06
-1.11213e-05
6.88953e-06
-2.07284e-05
1.54675e-05
-2.85018e-05
2.14896e-05
-3.3403e-05
2.36744e-05
-3.61554e-05
2.3417e-05
-3.74759e-05
2.14695e-05
-3.87418e-05
1.82224e-05
-4.0063e-05
1.50704e-05
-4.11479e-05
1.19633e-05
8.8141e-06
-4.20645e-05
-4.3741e-06
-2.47376e-06
-1.03143e-05
4.7487e-06
-1.67327e-05
1.33092e-05
-2.22097e-05
2.09452e-05
-2.56997e-05
2.49803e-05
-2.76857e-05
2.56609e-05
-2.87455e-05
2.4477e-05
-2.92968e-05
2.20209e-05
-2.98591e-05
1.87844e-05
-3.03476e-05
1.55587e-05
-3.07344e-05
1.23497e-05
9.18039e-06
-3.1101e-05
-5.49642e-06
3.0248e-06
-1.07977e-05
1.00515e-05
-1.51595e-05
1.76715e-05
-1.80769e-05
2.3864e-05
-1.95458e-05
2.64501e-05
-2.01422e-05
2.6258e-05
-2.01359e-05
2.44713e-05
-1.99346e-05
2.18194e-05
-1.98771e-05
1.87271e-05
-1.98953e-05
1.55763e-05
-1.99682e-05
1.24224e-05
9.28212e-06
-2.00704e-05
-4.87742e-06
7.9046e-06
-8.86556e-06
1.40397e-05
-1.14692e-05
2.02772e-05
-1.25411e-05
2.49371e-05
-1.25962e-05
2.65067e-05
-1.20553e-05
2.57188e-05
-1.12867e-05
2.37033e-05
-1.05698e-05
2.11034e-05
-1.00431e-05
1.82003e-05
-9.67979e-06
1.52133e-05
-9.4499e-06
1.21922e-05
9.14588e-06
-9.31368e-06
-3.82551e-06
1.17325e-05
-6.59154e-06
1.68085e-05
-7.6372e-06
2.13243e-05
-7.13763e-06
2.44399e-05
-5.80556e-06
2.5177e-05
-4.21256e-06
2.41276e-05
-2.69592e-06
2.21884e-05
-1.40096e-06
1.98095e-05
-3.8961e-07
1.71899e-05
3.65091e-07
1.4459e-05
9.06005e-07
1.16517e-05
8.77289e-06
1.27918e-06
-3.0487e-06
1.4785e-05
-4.65301e-06
1.84149e-05
-4.21397e-06
2.08883e-05
-2.17782e-06
2.24063e-05
5.27033e-07
2.24744e-05
3.20102e-06
2.14557e-05
5.56362e-06
1.98274e-05
7.52503e-06
1.78493e-05
9.0749e-06
1.56408e-05
1.02596e-05
1.32749e-05
1.11399e-05
1.07718e-05
8.13949e-06
1.17736e-05
-2.45867e-06
1.72468e-05
-3.07764e-06
1.90374e-05
-9.58408e-07
1.87702e-05
2.65698e-06
1.87934e-05
6.69665e-06
1.84369e-05
1.04705e-05
1.7684e-05
1.37201e-05
1.65796e-05
1.63928e-05
1.51781e-05
1.85154e-05
1.35192e-05
2.01565e-05
1.16345e-05
2.13987e-05
9.52995e-06
7.2234e-06
2.23152e-05
-3.10218e-06
2.03532e-05
-1.21147e-06
1.71477e-05
3.50428e-06
1.40582e-05
8.83138e-06
1.34677e-05
1.40616e-05
1.32087e-05
1.87344e-05
1.30129e-05
2.26946e-05
1.2621e-05
2.59367e-05
1.19371e-05
2.85191e-05
1.09378e-05
3.05275e-05
9.62653e-06
3.20644e-05
7.99345e-06
6.07393e-06
3.32141e-05
3.9718e-08
2.03159e-05
6.54975e-06
1.0641e-05
1.34352e-05
7.17182e-06
1.97665e-05
7.13806e-06
2.53616e-05
7.61512e-06
3.01673e-05
8.20865e-06
3.4192e-05
8.59781e-06
3.7479e-05
8.65135e-06
4.01036e-05
8.31414e-06
4.21509e-05
7.57982e-06
4.37271e-05
6.41779e-06
4.88976e-06
4.49116e-05
1.98804e-05
4.37241e-07
2.8449e-05
2.07173e-06
3.43299e-05
1.29324e-06
3.92405e-05
2.22773e-06
4.33017e-05
3.55432e-06
4.67589e-05
4.75213e-06
4.97046e-05
5.65268e-06
5.2157e-05
6.19958e-06
5.41393e-05
6.33215e-06
5.56844e-05
6.03504e-06
5.6871e-05
5.23113e-06
5.77496e-05
4.01134e-06
-6.63704e-05
3.97497e-06
-6.85131e-05
2.14281e-06
-6.88286e-05
3.16603e-07
-6.75309e-05
-1.29812e-06
-6.45983e-05
-2.93204e-06
-5.99403e-05
-4.65881e-06
-5.346e-05
-6.48001e-06
-4.50178e-05
-8.44191e-06
-3.4476e-05
-1.05418e-05
-2.19923e-05
-1.24829e-05
-9.21102e-06
-1.27802e-05
-9.21071e-06
-5.51138e-05
5.14723e-06
-5.55613e-05
2.59012e-06
-5.54077e-05
1.63584e-07
-5.45156e-05
-2.1904e-06
-5.27936e-05
-4.65383e-06
-5.01174e-05
-7.33512e-06
-4.63036e-05
-1.02934e-05
-4.11369e-05
-1.36082e-05
-3.43836e-05
-1.72944e-05
-2.57876e-05
-2.10787e-05
-1.44671e-05
-2.41003e-05
-2.36776e-05
-4.27362e-05
5.81883e-06
-4.30972e-05
2.95092e-06
-4.30549e-05
1.21229e-07
-4.24511e-05
-2.79446e-06
-4.12117e-05
-5.8932e-06
-3.92634e-05
-9.28348e-06
-3.64903e-05
-1.30663e-05
-3.27912e-05
-1.73069e-05
-2.8043e-05
-2.20424e-05
-2.17638e-05
-2.73577e-05
-1.30961e-05
-3.27677e-05
-3.67735e-05
-3.13694e-05
6.08681e-06
-3.14433e-05
3.02448e-06
-3.124e-05
-8.23493e-08
-3.07003e-05
-3.33444e-06
-2.97704e-05
-6.82327e-06
-2.84056e-05
-1.06483e-05
-2.65291e-05
-1.49427e-05
-2.40558e-05
-1.97799e-05
-2.08185e-05
-2.52795e-05
-1.64102e-05
-3.17659e-05
-9.98465e-06
-3.91929e-05
-4.6758e-05
-2.01374e-05
6.15345e-06
-2.01102e-05
2.99689e-06
-1.99408e-05
-2.52006e-07
-1.95982e-05
-3.67725e-06
-1.90572e-05
-7.36435e-06
-1.82906e-05
-1.14149e-05
-1.7257e-05
-1.59762e-05
-1.58925e-05
-2.11442e-05
-1.4022e-05
-2.71496e-05
-1.14757e-05
-3.4312e-05
-7.3934e-06
-4.3275e-05
-5.41512e-05
-9.2218e-06
6.06138e-06
-9.13242e-06
2.90745e-06
-9.01778e-06
-3.66663e-07
-8.86577e-06
-3.82924e-06
-8.67198e-06
-7.55802e-06
-8.434e-06
-1.16527e-05
-8.16825e-06
-1.62417e-05
-7.84156e-06
-2.14704e-05
-7.38575e-06
-2.76053e-05
-6.61198e-06
-3.50855e-05
-4.83147e-06
-4.50551e-05
-5.89827e-05
1.52929e-06
5.81151e-06
1.68849e-06
2.7485e-06
1.77186e-06
-4.49761e-07
1.77562e-06
-3.83266e-06
1.68092e-06
-7.46301e-06
1.45699e-06
-1.14284e-05
1.0615e-06
-1.58459e-05
4.66411e-07
-2.08751e-05
-3.28144e-07
-2.68104e-05
-1.22386e-06
-3.41894e-05
-1.82493e-06
-4.44541e-05
-6.08074e-05
1.221e-05
5.37539e-06
1.24788e-05
2.48009e-06
1.25872e-05
-5.57834e-07
1.25182e-05
-3.7632e-06
1.22306e-05
-7.17508e-06
1.16625e-05
-1.08599e-05
1.07275e-05
-1.49105e-05
9.32332e-06
-1.94706e-05
7.33786e-06
-2.48247e-05
4.71683e-06
-3.15683e-05
1.79496e-06
-4.15315e-05
-5.90122e-05
2.29677e-05
4.72333e-06
2.33886e-05
2.05954e-06
2.35838e-05
-7.52481e-07
2.35279e-05
-3.70685e-06
2.31627e-05
-6.80947e-06
2.23989e-05
-1.00958e-05
2.11034e-05
-1.36146e-05
1.90955e-05
-1.74625e-05
1.61281e-05
-2.1857e-05
1.19293e-05
-2.73689e-05
6.51828e-06
-3.612e-05
-5.24935e-05
3.40546e-05
3.88309e-06
3.4623e-05
1.49146e-06
3.49285e-05
-1.05754e-06
3.49456e-05
-3.72354e-06
3.46071e-05
-6.47063e-06
3.38065e-05
-9.29488e-06
3.23706e-05
-1.21785e-05
3.00477e-05
-1.51391e-05
2.64305e-05
-1.82394e-05
2.10207e-05
-2.19586e-05
1.29366e-05
-2.80354e-05
-3.95556e-05
4.57974e-05
2.99777e-06
4.64184e-05
8.70914e-07
4.67876e-05
-1.42628e-06
4.68829e-05
-3.8185e-06
4.66375e-05
-6.22486e-06
4.5943e-05
-8.59997e-06
4.46072e-05
-1.08423e-05
4.23502e-05
-1.28817e-05
3.86177e-05
-1.45062e-05
3.26721e-05
-1.60126e-05
2.19831e-05
-1.73447e-05
-1.7572e-05
5.8427e-05
2.3205e-06
5.89203e-05
3.77788e-07
5.92435e-05
-1.74913e-06
5.93742e-05
-3.9489e-06
5.92499e-05
-6.10019e-06
5.87733e-05
-8.12309e-06
5.77664e-05
-9.83496e-06
5.59857e-05
-1.11005e-05
5.29085e-05
-1.14285e-05
4.75784e-05
-1.06816e-05
3.62185e-05
-5.98492e-06
1.86479e-05
6.84842e-05
4.84708e-06
-7.28918e-05
6.77196e-05
2.83525e-06
6.64745e-05
2.53626e-06
6.61675e-05
2.53486e-06
6.66148e-05
3.10905e-06
6.74782e-05
3.89223e-06
6.84877e-05
4.64778e-06
6.94501e-05
5.24203e-06
7.02499e-05
5.53776e-06
7.08313e-05
5.45941e-06
7.12346e-05
4.83384e-06
3.77398e-06
7.14778e-05
8.86523e-05
3.90758e-06
-8.77138e-05
8.84499e-05
3.03726e-06
8.8015e-05
2.97052e-06
8.75417e-05
3.00766e-06
8.72423e-05
3.40803e-06
8.70876e-05
4.04663e-06
8.69803e-05
4.75489e-06
8.68219e-05
5.40019e-06
8.6541e-05
5.81836e-06
8.61181e-05
5.88223e-06
8.56341e-05
5.31759e-06
4.26902e-06
8.5139e-05
0.000102848
2.72546e-06
-0.000101665
0.000103418
2.46718e-06
0.000103717
2.67109e-06
0.000103746
2.97814e-06
0.000103578
3.57526e-06
0.000103223
4.40137e-06
0.000102658
5.31906e-06
0.000101866
6.192e-06
0.000100845
6.83853e-06
9.96745e-05
7.05258e-06
9.85197e-05
6.47236e-06
5.23252e-06
9.75568e-05
0.000115792
-0.000114945
1.87711e-06
0.000116359
1.89926e-06
0.000116657
2.37275e-06
0.000116632
3.00227e-06
0.000116269
3.93751e-06
0.000115561
5.10812e-06
0.00011452
6.35988e-06
0.000113195
7.51662e-06
0.000111667
8.36563e-06
0.000110138
8.58128e-06
0.000108879
7.73201e-06
0.000108352
5.75874e-06
7.17078e-05
2.09594e-06
7.19142e-05
1.75966e-07
7.2111e-05
-1.94219e-06
7.22653e-05
-4.10056e-06
7.23131e-05
-6.14659e-06
7.21553e-05
-7.96547e-06
7.16427e-05
-9.32426e-06
7.0607e-05
-1.00679e-05
6.88586e-05
-9.68487e-06
6.61436e-05
-7.97209e-06
6.4069e-05
-3.91496e-06
9.81854e-06
7.28961e-05
8.48966e-05
2.33846e-06
8.48539e-05
2.19061e-07
8.50194e-05
-2.1072e-06
8.53253e-05
-4.40607e-06
8.5686e-05
-6.50677e-06
8.59689e-05
-8.24795e-06
8.60247e-05
-9.37958e-06
8.56727e-05
-9.71551e-06
8.48758e-05
-8.8873e-06
8.34765e-05
-6.57292e-06
8.30219e-05
-3.45978e-06
5.126e-06
8.77149e-05
9.72311e-05
2.66409e-06
9.73364e-05
1.13845e-07
9.7844e-05
-2.6145e-06
9.86019e-05
-5.16349e-06
9.94752e-05
-7.37962e-06
0.00010028
-9.0523e-06
0.000100854
-9.95239e-06
0.000100982
-9.84334e-06
0.000100662
-8.56645e-06
9.98376e-05
-5.74771e-06
9.93129e-05
-2.93494e-06
2.77298e-06
0.000101666
0.000108991
2.02589e-06
0.000109989
-8.84391e-07
0.000111329
-3.95393e-06
0.000112754
-6.58855e-06
0.000114108
-8.73341e-06
0.000115204
-1.01477e-05
0.000115904
-1.06518e-05
0.000116046
-9.98477e-06
0.000115662
-8.18263e-06
0.000114918
-5.00401e-06
0.000114052
-2.06875e-06
0.000114946
1.87947e-06
6.84883e-05
4.84059e-06
6.77248e-05
2.83241e-06
6.64792e-05
2.53245e-06
6.6171e-05
2.52994e-06
6.66163e-05
3.10253e-06
6.74776e-05
3.8846e-06
6.84852e-05
4.63957e-06
6.94464e-05
5.23379e-06
7.02454e-05
5.52977e-06
7.08265e-05
5.45195e-06
7.123e-05
4.82711e-06
3.76835e-06
7.14736e-05
8.86537e-05
3.90205e-06
8.84514e-05
3.03375e-06
8.80173e-05
2.96704e-06
8.75438e-05
3.00254e-06
8.72437e-05
3.40184e-06
8.7088e-05
4.03963e-06
8.69797e-05
4.7475e-06
8.68205e-05
5.39263e-06
8.65392e-05
5.81087e-06
8.61163e-05
5.87474e-06
8.56326e-05
5.3106e-06
4.26281e-06
8.51379e-05
0.000102847
2.72036e-06
0.000103417
2.46415e-06
0.000103716
2.66631e-06
0.000103745
2.9725e-06
0.000103577
3.56878e-06
0.000103222
4.39427e-06
0.000102657
5.31171e-06
0.000101865
6.18439e-06
0.000100844
6.83082e-06
9.96741e-05
7.04449e-06
9.85201e-05
6.46462e-06
5.22531e-06
9.75579e-05
0.000115791
1.87535e-06
0.000116357
1.89733e-06
0.000116655
2.36818e-06
0.00011663
2.99633e-06
0.000116267
3.93065e-06
0.000115559
5.10073e-06
0.000114518
6.35214e-06
0.000113193
7.50856e-06
0.000111666
8.35708e-06
0.000110138
8.57215e-06
0.00010888
7.72288e-06
0.000108354
5.75056e-06
7.17041e-05
2.09153e-06
7.19108e-05
1.73504e-07
7.21076e-05
-1.94259e-06
7.22617e-05
-4.09881e-06
7.2309e-05
-6.1425e-06
7.21506e-05
-7.95909e-06
7.16374e-05
-9.31565e-06
7.06012e-05
-1.00577e-05
6.88527e-05
-9.67331e-06
6.61374e-05
-7.96065e-06
6.40624e-05
-3.90482e-06
9.82244e-06
7.28859e-05
8.4896e-05
2.33341e-06
8.48532e-05
2.16391e-07
8.50181e-05
-2.10741e-06
8.53232e-05
-4.40363e-06
8.56827e-05
-6.50173e-06
8.59644e-05
-8.24038e-06
8.6019e-05
-9.36989e-06
8.56662e-05
-9.70435e-06
8.48688e-05
-8.87558e-06
8.347e-05
-6.56102e-06
8.30146e-05
-3.45048e-06
5.1322e-06
8.77058e-05
9.72325e-05
2.65838e-06
9.73374e-05
1.11297e-07
9.78438e-05
-2.61386e-06
9.86e-05
-5.1596e-06
9.94715e-05
-7.37287e-06
0.000100275
-9.04292e-06
0.000100846
-9.94122e-06
0.000100974
-9.83114e-06
0.000100653
-8.55423e-06
9.98293e-05
-5.73715e-06
9.93054e-05
-2.92516e-06
2.77886e-06
0.000101658
0.000108993
2.01971e-06
0.00010999
-8.86082e-07
0.000111327
-3.9513e-06
0.00011275
-6.58241e-06
0.000114102
-8.72435e-06
0.000115195
-1.01365e-05
0.000115894
-1.06393e-05
0.000116035
-9.97211e-06
0.000115652
-8.17092e-06
0.000114909
-4.99374e-06
0.000114044
-2.06175e-06
0.000114939
1.88516e-06
6.84761e-05
4.84278e-06
6.77126e-05
2.83601e-06
6.64699e-05
2.53865e-06
6.61645e-05
2.53645e-06
6.66122e-05
3.10883e-06
6.74753e-05
3.89008e-06
6.8484e-05
4.64387e-06
6.94459e-05
5.23657e-06
7.02451e-05
5.53123e-06
7.08262e-05
5.45228e-06
7.12293e-05
4.82676e-06
3.7673e-06
7.14726e-05
8.86426e-05
3.9057e-06
8.844e-05
3.0381e-06
8.80062e-05
2.9718e-06
8.75337e-05
3.008e-06
8.72346e-05
3.40689e-06
8.70798e-05
4.04379e-06
8.69723e-05
4.75057e-06
8.68136e-05
5.39436e-06
8.65326e-05
5.81144e-06
8.61097e-05
5.87452e-06
8.56259e-05
5.30998e-06
4.26165e-06
8.51314e-05
0.000102838
2.72507e-06
0.000103407
2.46897e-06
0.000103706
2.67206e-06
0.000103735
2.97809e-06
0.000103567
3.57377e-06
0.000103211
4.39818e-06
0.000102646
5.31435e-06
0.000101854
6.18559e-06
0.000100834
6.83078e-06
9.96634e-05
7.04372e-06
9.85094e-05
6.46364e-06
5.2238e-06
9.75478e-05
0.000115783
1.87988e-06
0.000116348
1.90271e-06
0.000116645
2.37406e-06
0.00011662
3.00242e-06
0.000116256
3.93592e-06
0.000115548
5.10466e-06
0.000114507
6.35451e-06
0.000113182
7.50924e-06
0.000111655
8.35627e-06
0.000110128
8.5705e-06
0.00010887
7.72123e-06
0.000108344
5.74831e-06
7.17027e-05
2.09032e-06
7.19089e-05
1.72294e-07
7.21053e-05
-1.94389e-06
7.2259e-05
-4.10014e-06
7.2306e-05
-6.14401e-06
7.21474e-05
-7.96071e-06
7.1634e-05
-9.31755e-06
7.05976e-05
-1.00595e-05
6.88489e-05
-9.67539e-06
6.61341e-05
-7.96294e-06
6.40597e-05
-3.90696e-06
9.82343e-06
7.28846e-05
8.48896e-05
2.33232e-06
8.48469e-05
2.15459e-07
8.5012e-05
-2.10845e-06
8.53172e-05
-4.40487e-06
8.56768e-05
-6.50314e-06
8.59586e-05
-8.24199e-06
8.60132e-05
-9.37168e-06
8.56603e-05
-9.70615e-06
8.48629e-05
-8.87725e-06
8.34637e-05
-6.56385e-06
8.30094e-05
-3.45203e-06
5.1313e-06
8.77019e-05
9.72231e-05
2.65694e-06
9.73285e-05
1.10231e-07
9.78354e-05
-2.61504e-06
9.8592e-05
-5.16105e-06
9.94639e-05
-7.3744e-06
0.000100267
-9.04466e-06
0.000100839
-9.94294e-06
0.000100966
-9.8329e-06
0.000100646
-8.55591e-06
9.98218e-05
-5.73887e-06
9.9298e-05
-2.928e-06
2.77765e-06
0.000101652
0.000108983
2.01828e-06
0.000109981
-8.87059e-07
0.000111319
-3.95243e-06
0.000112742
-6.58385e-06
0.000114094
-8.72603e-06
0.000115188
-1.01382e-05
0.000115886
-1.06411e-05
0.000116027
-9.97377e-06
0.000115644
-8.17235e-06
0.000114901
-4.99604e-06
0.000114037
-2.06338e-06
0.000114932
1.88282e-06
6.84769e-05
4.845e-06
6.77131e-05
2.83635e-06
6.64684e-05
2.53627e-06
6.61617e-05
2.53425e-06
6.66088e-05
3.1071e-06
6.74719e-05
3.88899e-06
6.84812e-05
4.6435e-06
6.94438e-05
5.23703e-06
7.02442e-05
5.53192e-06
7.08264e-05
5.45278e-06
7.12308e-05
4.82691e-06
3.76719e-06
7.14751e-05
8.86406e-05
3.90655e-06
8.84384e-05
3.03764e-06
8.80046e-05
2.97054e-06
8.75317e-05
3.00615e-06
8.72326e-05
3.40545e-06
8.7078e-05
4.04292e-06
8.69708e-05
4.75026e-06
8.6813e-05
5.39457e-06
8.6533e-05
5.81162e-06
8.61114e-05
5.87415e-06
8.5629e-05
5.30914e-06
4.26046e-06
8.51354e-05
0.000102834
2.72417e-06
0.000103404
2.46755e-06
0.000103703
2.66952e-06
0.000103733
2.97587e-06
0.000103565
3.57217e-06
0.00010321
4.39729e-06
0.000102645
5.31405e-06
0.000101854
6.18556e-06
0.000100834
6.8303e-06
9.96659e-05
7.0423e-06
9.85134e-05
6.46155e-06
5.22124e-06
9.75529e-05
0.000115778
1.87817e-06
0.000116345
1.90012e-06
0.000116643
2.37111e-06
0.000116618
2.99962e-06
0.000116254
3.93405e-06
0.000115547
5.10368e-06
0.000114506
6.35407e-06
0.000113182
7.50879e-06
0.000111657
8.35493e-06
0.000110131
8.56783e-06
0.000108875
7.71767e-06
0.000108351
5.74458e-06
7.1706e-05
2.08973e-06
7.19131e-05
1.70968e-07
7.21101e-05
-1.94592e-06
7.22645e-05
-4.10296e-06
7.23121e-05
-6.1474e-06
7.21541e-05
-7.96467e-06
7.16414e-05
-9.32177e-06
7.06057e-05
-1.00642e-05
6.88578e-05
-9.67994e-06
6.6143e-05
-7.96658e-06
6.40687e-05
-3.90919e-06
9.82442e-06
8.48944e-05
2.33067e-06
8.48525e-05
2.13014e-07
8.50182e-05
-2.11157e-06
8.53241e-05
-4.40863e-06
8.56844e-05
-6.50752e-06
8.5967e-05
-8.2469e-06
8.60226e-05
-9.377e-06
8.56708e-05
-9.71187e-06
8.48744e-05
-8.8832e-06
8.34764e-05
-6.56779e-06
8.3022e-05
-3.45569e-06
5.13312e-06
9.72289e-05
2.65429e-06
9.7335e-05
1.06609e-07
9.78428e-05
-2.61937e-06
9.86004e-05
-5.166e-06
9.94733e-05
-7.38008e-06
0.000100278
-9.05086e-06
0.000100851
-9.94974e-06
0.00010098
-9.83997e-06
0.00010066
-8.56296e-06
9.9837e-05
-5.74471e-06
9.93129e-05
-2.93045e-06
2.78012e-06
0.00010899
2.01442e-06
0.000109989
-8.92306e-07
0.000111328
-3.95857e-06
0.000112753
-6.59069e-06
0.000114106
-8.73336e-06
0.000115202
-1.0146e-05
0.000115902
-1.06493e-05
0.000116044
-9.98206e-06
0.000115661
-8.18035e-06
0.000114919
-5.00139e-06
0.000114052
-2.06471e-06
1.88662e-06
-3.22187e-05
1.48717e-06
3.26086e-05
-3.2307e-05
1.98664e-06
-3.28008e-05
2.8654e-06
-3.37377e-05
3.93801e-06
-3.50864e-05
5.28499e-06
-3.67578e-05
6.77825e-06
-3.85847e-05
8.18578e-06
-4.03256e-05
9.25667e-06
-4.17073e-05
9.7468e-06
-4.23914e-05
9.26508e-06
-4.2032e-05
7.37241e-06
4.0633e-06
-4.03339e-05
-2.76375e-05
1.64177e-06
2.74809e-05
-2.82878e-05
2.63568e-06
-2.93958e-05
3.97219e-06
-3.09683e-05
5.50942e-06
-3.29135e-05
7.22905e-06
-3.50544e-05
8.91818e-06
-3.71065e-05
1.0237e-05
-3.8731e-05
1.08806e-05
-3.95664e-05
1.05818e-05
-3.93073e-05
9.00585e-06
-3.78206e-05
5.88727e-06
1.33205e-06
-3.50915e-05
-2.39122e-05
2.19241e-06
2.3361e-05
-2.49372e-05
3.65977e-06
-2.64145e-05
5.44853e-06
-2.8315e-05
7.40881e-06
-3.05012e-05
9.41414e-06
-3.27304e-05
1.11462e-05
-3.46391e-05
1.21447e-05
-3.58066e-05
1.20475e-05
-3.59967e-05
1.07717e-05
-3.49927e-05
8.00216e-06
-3.29202e-05
3.81435e-06
-1.58196e-06
-3.00028e-05
-2.07569e-05
1.99863e-05
2.96134e-06
-2.1951e-05
4.85295e-06
-2.35467e-05
7.04342e-06
-2.54853e-05
9.34657e-06
-2.76043e-05
1.15324e-05
-2.96217e-05
1.31626e-05
-3.10958e-05
1.36181e-05
-3.16646e-05
1.26158e-05
-3.10983e-05
1.0205e-05
-2.91692e-05
6.07249e-06
-2.62067e-05
8.53226e-07
-2.456e-05
-3.23202e-06
-3.74224e-05
-8.87386e-07
-3.53358e-05
-2.97163e-06
-3.34984e-05
-5.79131e-06
-3.20233e-05
-8.06341e-06
-3.10099e-05
-9.74633e-06
-3.05184e-05
-1.06387e-05
-3.05725e-05
-1.05971e-05
-3.10997e-05
-9.45701e-06
-3.19558e-05
-7.32647e-06
-3.27045e-05
-4.25401e-06
-3.32437e-05
-1.52959e-06
1.24383e-06
-3.26081e-05
-3.10798e-05
-4.89856e-06
-2.87078e-05
-5.34403e-06
-2.69811e-05
-7.51786e-06
-2.57518e-05
-9.29258e-06
-2.50749e-05
-1.04231e-05
-2.49347e-05
-1.07788e-05
-2.52784e-05
-1.02534e-05
-2.59598e-05
-8.77572e-06
-2.67745e-05
-6.51163e-06
-2.7374e-05
-3.6555e-06
-2.77094e-05
-1.19384e-06
1.01481e-06
-2.74803e-05
-2.53671e-05
-9.53699e-06
-2.32021e-05
-7.5097e-06
-2.18702e-05
-8.84995e-06
-2.09876e-05
-1.01752e-05
-2.0584e-05
-1.08266e-05
-2.06334e-05
-1.07294e-05
-2.10632e-05
-9.82358e-06
-2.17213e-05
-8.11755e-06
-2.24193e-05
-5.81394e-06
-2.29191e-05
-3.15504e-06
-2.32438e-05
-8.69417e-07
1.1318e-06
-2.33611e-05
-1.95537e-05
-1.45424e-05
-1.82806e-05
-8.78279e-06
-1.76113e-05
-9.51911e-06
-1.71647e-05
-1.06218e-05
-1.70114e-05
-1.098e-05
-1.71805e-05
-1.05605e-05
-1.76225e-05
-9.38194e-06
-1.82135e-05
-7.52695e-06
-1.88072e-05
-5.22063e-06
-1.9258e-05
-2.70516e-06
-1.96296e-05
-4.97861e-07
-1.99878e-05
1.48986e-06
-3.22203e-05
1.48702e-06
-3.23089e-05
1.98525e-06
-3.28032e-05
2.86091e-06
-3.37407e-05
3.93209e-06
-3.50899e-05
5.27791e-06
-3.67612e-05
6.77036e-06
-3.85875e-05
8.17712e-06
-4.03273e-05
9.24732e-06
-4.17076e-05
9.73678e-06
-4.23905e-05
9.25465e-06
-4.20304e-05
7.36245e-06
4.05503e-06
-4.03327e-05
-2.76385e-05
1.64511e-06
-2.82897e-05
2.63569e-06
-2.93987e-05
3.96866e-06
-3.09722e-05
5.50386e-06
-3.29179e-05
7.22196e-06
-3.50586e-05
8.9097e-06
-3.71097e-05
1.02272e-05
-3.87327e-05
1.08697e-05
-3.95668e-05
1.05704e-05
-3.93069e-05
8.9946e-06
-3.78205e-05
5.87749e-06
1.32496e-06
-3.50927e-05
-2.39136e-05
2.1972e-06
-2.49393e-05
3.66064e-06
-2.64178e-05
5.446e-06
-2.83193e-05
7.4038e-06
-3.05061e-05
9.40718e-06
-3.27349e-05
1.11372e-05
-3.46423e-05
1.21336e-05
-3.58084e-05
1.20352e-05
-3.59976e-05
1.07594e-05
-3.49935e-05
7.99096e-06
-3.29223e-05
3.80612e-06
-1.58827e-06
-3.0006e-05
-2.07586e-05
2.9678e-06
-2.19532e-05
4.85467e-06
-2.35499e-05
7.04152e-06
-2.54894e-05
9.34206e-06
-2.76089e-05
1.15255e-05
-2.96257e-05
1.3153e-05
-3.10987e-05
1.36059e-05
-3.16663e-05
1.26023e-05
-3.10991e-05
1.01919e-05
-2.91707e-05
6.06228e-06
-2.62106e-05
8.47721e-07
-2.45633e-05
-3.23804e-06
-3.74236e-05
-8.91459e-07
-3.53408e-05
-2.97001e-06
-3.35069e-05
-5.78558e-06
-3.20343e-05
-8.05506e-06
-3.10224e-05
-9.73607e-06
-3.05312e-05
-1.06272e-05
-3.05848e-05
-1.05852e-05
-3.11108e-05
-9.44562e-06
-3.19651e-05
-7.31616e-06
-3.27126e-05
-4.24641e-06
-3.32505e-05
-1.5228e-06
1.24849e-06
-3.26154e-05
-3.10848e-05
-4.89931e-06
-2.87169e-05
-5.3386e-06
-2.69936e-05
-7.50925e-06
-2.5766e-05
-9.28272e-06
-2.50895e-05
-1.04127e-05
-2.49485e-05
-1.07682e-05
-2.52907e-05
-1.02431e-05
-2.59702e-05
-8.76622e-06
-2.6783e-05
-6.50355e-06
-2.73808e-05
-3.64867e-06
-2.7716e-05
-1.18926e-06
1.01944e-06
-2.74868e-05
-2.53745e-05
-9.53357e-06
-2.32135e-05
-7.50071e-06
-2.18841e-05
-8.8391e-06
-2.10025e-05
-1.01646e-05
-2.05986e-05
-1.08167e-05
-2.06466e-05
-1.07202e-05
-2.10745e-05
-9.81526e-06
-2.17306e-05
-8.11014e-06
-2.24266e-05
-5.80761e-06
-2.29254e-05
-3.15039e-06
-2.32493e-05
-8.64983e-07
1.13534e-06
-2.33668e-05
-1.95626e-05
-1.4534e-05
-1.82924e-05
-8.77116e-06
-1.7625e-05
-9.5068e-06
-1.71788e-05
-1.06111e-05
-1.70247e-05
-1.09711e-05
-1.71922e-05
-1.0553e-05
-1.76322e-05
-9.3756e-06
-1.82213e-05
-7.52156e-06
-1.88133e-05
-5.21616e-06
-1.92629e-05
-2.70132e-06
-1.96341e-05
-4.95173e-07
-1.99919e-05
1.49275e-06
-3.22282e-05
1.49205e-06
-3.23175e-05
1.99092e-06
-3.28119e-05
2.86702e-06
-3.37491e-05
3.93783e-06
-3.50978e-05
5.28252e-06
-3.67685e-05
6.77342e-06
-3.85944e-05
8.17848e-06
-4.03338e-05
9.24706e-06
-4.17141e-05
9.73501e-06
-4.2397e-05
9.25239e-06
-4.20369e-05
7.36052e-06
4.054e-06
-4.03401e-05
-2.76457e-05
1.64964e-06
-2.8297e-05
2.6408e-06
-2.94054e-05
3.97389e-06
-3.09778e-05
5.50851e-06
-3.29223e-05
7.22528e-06
-3.5062e-05
8.9115e-06
-3.71123e-05
1.02275e-05
-3.8735e-05
1.08685e-05
-3.95691e-05
1.0568e-05
-3.93097e-05
8.99208e-06
-3.78239e-05
5.87601e-06
1.32541e-06
-3.50979e-05
-2.39193e-05
2.20122e-06
-2.49445e-05
3.66489e-06
-2.64219e-05
5.44978e-06
-2.83217e-05
7.40677e-06
-3.05068e-05
9.40872e-06
-3.27344e-05
1.11375e-05
-3.46412e-05
1.2133e-05
-3.58075e-05
1.20337e-05
-3.59973e-05
1.07568e-05
-3.49939e-05
7.98848e-06
-3.29234e-05
3.8048e-06
-1.58503e-06
-3.00096e-05
-2.07624e-05
2.97054e-06
-2.19561e-05
4.85736e-06
-2.35513e-05
7.04365e-06
-2.54889e-05
9.34312e-06
-2.76065e-05
1.15251e-05
-2.96221e-05
1.31521e-05
-3.10946e-05
1.36048e-05
-3.16628e-05
1.2601e-05
-3.1097e-05
1.01899e-05
-2.91698e-05
6.0602e-06
-2.62105e-05
8.46323e-07
-2.45679e-05
-3.23126e-06
-3.74322e-05
-8.91484e-07
-3.53492e-05
-2.97077e-06
-3.35146e-05
-5.78696e-06
-3.20414e-05
-8.05679e-06
-3.1029e-05
-9.73795e-06
-3.05376e-05
-1.06291e-05
-3.05912e-05
-1.0587e-05
-3.11172e-05
-9.44714e-06
-3.19717e-05
-7.31779e-06
-3.27188e-05
-4.24765e-06
-3.32564e-05
-1.5257e-06
1.2463e-06
-3.262e-05
-3.10908e-05
-4.89813e-06
-2.87227e-05
-5.33931e-06
-2.69985e-05
-7.51109e-06
-2.57704e-05
-9.2848e-06
-2.50936e-05
-1.04146e-05
-2.49527e-05
-1.07699e-05
-2.5295e-05
-1.02445e-05
-2.59748e-05
-8.76748e-06
-2.67877e-05
-6.50473e-06
-2.73856e-05
-3.65067e-06
-2.77199e-05
-1.19106e-06
1.01652e-06
-2.749e-05
-2.5378e-05
-9.53266e-06
-2.32165e-05
-7.50158e-06
-2.18864e-05
-8.84138e-06
-2.10043e-05
-1.01669e-05
-2.06004e-05
-1.08185e-05
-2.06487e-05
-1.07215e-05
-2.1077e-05
-9.81613e-06
-2.17334e-05
-8.11095e-06
-2.24297e-05
-5.80867e-06
-2.29282e-05
-3.15154e-06
-2.3252e-05
-8.67543e-07
1.13285e-06
-2.33686e-05
-1.95638e-05
-1.45357e-05
-1.82932e-05
-8.77216e-06
-1.76252e-05
-9.50942e-06
-1.71787e-05
-1.06134e-05
-1.70247e-05
-1.09726e-05
-1.71927e-05
-1.05538e-05
-1.76332e-05
-9.37593e-06
-1.82227e-05
-7.52186e-06
-1.88149e-05
-5.21675e-06
-1.92647e-05
-2.70273e-06
-1.96355e-05
-4.9674e-07
-1.9993e-05
1.49031e-06
-3.22314e-05
1.4892e-06
-3.23196e-05
1.9876e-06
-3.28137e-05
2.86353e-06
-3.37508e-05
3.93497e-06
-3.50993e-05
5.28063e-06
-3.67695e-05
6.77218e-06
-3.85942e-05
8.17732e-06
-4.03317e-05
9.2453e-06
-4.17095e-05
9.73205e-06
-4.23902e-05
9.24796e-06
-4.20281e-05
7.35526e-06
4.04806e-06
-4.03295e-05
-2.76476e-05
1.64672e-06
-2.82983e-05
2.63752e-06
-2.94066e-05
3.97065e-06
-3.09792e-05
5.50579e-06
-3.29236e-05
7.2233e-06
-3.50624e-05
8.90957e-06
-3.71109e-05
1.02248e-05
-3.8731e-05
1.08647e-05
-3.95623e-05
1.05628e-05
-3.93e-05
8.98544e-06
-3.78121e-05
5.86872e-06
1.31777e-06
-3.50841e-05
-2.39204e-05
2.19817e-06
-2.49454e-05
3.66175e-06
-2.64229e-05
5.44701e-06
-2.8323e-05
7.40431e-06
-3.05079e-05
9.40659e-06
-3.27343e-05
1.11346e-05
-3.46389e-05
1.21283e-05
-3.58021e-05
1.20272e-05
-3.59888e-05
1.07491e-05
-3.49822e-05
7.97929e-06
-3.29096e-05
3.79584e-06
-1.59544e-06
-2.99935e-05
-2.07631e-05
2.96809e-06
-2.19567e-05
4.85488e-06
-2.35522e-05
7.04127e-06
-2.549e-05
9.34084e-06
-2.76073e-05
1.15227e-05
-2.96216e-05
1.31478e-05
-3.10918e-05
1.35979e-05
-3.1657e-05
1.25918e-05
-3.10876e-05
1.01794e-05
-2.91573e-05
6.04862e-06
-2.61961e-05
8.36054e-07
-2.45485e-05
-3.24561e-06
-3.742e-05
-8.97194e-07
-3.5335e-05
-2.97841e-06
-3.34988e-05
-5.79525e-06
-3.20242e-05
-8.06529e-06
-3.1011e-05
-9.74642e-06
-3.05191e-05
-1.06375e-05
-3.05728e-05
-1.05952e-05
-3.10994e-05
-9.45495e-06
-3.19552e-05
-7.32421e-06
-3.27049e-05
-4.25191e-06
-3.3245e-05
-1.52371e-06
1.24925e-06
-3.1076e-05
-4.90525e-06
-2.8706e-05
-5.34923e-06
-2.69803e-05
-7.52128e-06
-2.57512e-05
-9.29456e-06
-2.5074e-05
-1.04238e-05
-2.49332e-05
-1.07783e-05
-2.52765e-05
-1.02521e-05
-2.59577e-05
-8.77383e-06
-2.67731e-05
-6.5092e-06
-2.73737e-05
-3.65132e-06
-2.77109e-05
-1.18817e-06
1.01924e-06
-2.53624e-05
-9.53913e-06
-2.31994e-05
-7.51332e-06
-2.18682e-05
-8.85304e-06
-2.09855e-05
-1.01776e-05
-2.05814e-05
-1.0828e-05
-2.06301e-05
-1.07296e-05
-2.10595e-05
-9.82278e-06
-2.17178e-05
-8.11561e-06
-2.24165e-05
-5.81059e-06
-2.29182e-05
-3.15023e-06
-2.32441e-05
-8.62033e-07
1.13509e-06
-1.95491e-05
-1.45384e-05
-1.82774e-05
-8.7854e-06
-1.76085e-05
-9.52222e-06
-1.71616e-05
-1.06247e-05
-1.70077e-05
-1.09822e-05
-1.71762e-05
-1.05616e-05
-1.76178e-05
-9.38158e-06
-1.8209e-05
-7.52497e-06
-1.88035e-05
-5.21671e-06
-1.92555e-05
-2.69874e-06
-1.96285e-05
-4.90501e-07
1.49259e-06
-1.7968e-05
3.79002e-06
1.71387e-05
-1.91459e-05
6.03014e-06
-2.06409e-05
8.53774e-06
-2.2374e-05
1.10788e-05
-2.41773e-05
1.33345e-05
-2.57014e-05
1.46857e-05
-2.65318e-05
1.44477e-05
-2.63621e-05
1.24455e-05
-2.46365e-05
8.47911e-06
-2.07842e-05
2.22025e-06
-1.38268e-05
-6.10587e-06
-1.70584e-05
-1.54289e-05
4.54336e-06
1.46745e-05
-1.6438e-05
7.0387e-06
-1.76617e-05
9.76106e-06
-1.90068e-05
1.24233e-05
-2.0289e-05
1.46159e-05
-2.11561e-05
1.55518e-05
-2.13084e-05
1.4599e-05
-2.0363e-05
1.14993e-05
-1.76678e-05
5.78302e-06
-1.2657e-05
-2.79201e-06
-5.7454e-06
-1.3019e-05
-2.28084e-05
-1.30838e-05
5.12458e-06
1.2502e-05
-1.38135e-05
7.76812e-06
-1.4648e-05
1.0595e-05
-1.54866e-05
1.32612e-05
-1.61466e-05
1.52747e-05
-1.63673e-05
1.57712e-05
-1.59375e-05
1.41681e-05
-1.44641e-05
1.0025e-05
-1.16312e-05
2.94945e-06
-7.56222e-06
-6.86213e-06
-3.12338e-06
-1.74613e-05
-2.59344e-05
-1.09097e-05
5.4729e-06
1.05609e-05
-1.12953e-05
8.15345e-06
-1.16767e-05
1.09761e-05
-1.19634e-05
1.35473e-05
-1.20049e-05
1.53154e-05
-1.16692e-05
1.54345e-05
-1.0797e-05
1.3295e-05
-9.18814e-06
8.41537e-06
-6.85237e-06
6.12676e-07
-4.23093e-06
-9.48545e-06
-1.81637e-06
-1.9878e-05
-2.77529e-05
-8.90134e-06
5.55934e-06
8.81459e-06
-8.91762e-06
8.16952e-06
-8.82868e-06
1.08864e-05
-8.57051e-06
1.32882e-05
-8.0574e-06
1.48008e-05
-7.24592e-06
1.46214e-05
-6.10277e-06
1.21507e-05
-4.60517e-06
6.91638e-06
-2.9362e-06
-1.05729e-06
-1.46421e-06
-1.09586e-05
-2.96325e-07
-2.10498e-05
-2.80555e-05
-7.06104e-06
5.3786e-06
7.24152e-06
-6.71258e-06
7.82077e-06
-6.17003e-06
1.03436e-05
-5.40544e-06
1.25228e-05
-4.40131e-06
1.37959e-05
-3.20061e-06
1.34197e-05
-1.8966e-06
1.08462e-05
-5.94633e-07
5.61388e-06
4.5178e-07
-2.10401e-06
1.00056e-06
-1.15087e-05
1.05089e-06
-2.11025e-05
-2.70055e-05
-5.39253e-06
4.94307e-06
5.82789e-06
-4.70345e-06
7.13154e-06
-3.74418e-06
9.38332e-06
-2.52302e-06
1.13011e-05
-1.08724e-06
1.23581e-05
4.39898e-07
1.18919e-05
1.85841e-06
9.42553e-06
2.97982e-06
4.49176e-06
3.51e-06
-2.63589e-06
3.27602e-06
-1.12763e-05
2.34099e-06
-2.01704e-05
-2.4671e-05
-3.89662e-06
4.27709e-06
4.56259e-06
-2.90284e-06
6.13716e-06
-1.57301e-06
8.05291e-06
5.29332e-08
9.67378e-06
1.87183e-06
1.05386e-05
3.6898e-06
1.0072e-05
5.22047e-06
7.89482e-06
6.21949e-06
3.49149e-06
6.34114e-06
-2.7573e-06
5.39978e-06
-1.03351e-05
3.45665e-06
-1.82297e-05
-2.12156e-05
-2.56736e-06
3.41114e-06
3.4324e-06
-1.31032e-06
4.88094e-06
3.40975e-07
6.39912e-06
2.32474e-06
7.69269e-06
4.48993e-06
8.36786e-06
6.58656e-06
7.98056e-06
8.24991e-06
6.22393e-06
9.19995e-06
2.54536e-06
9.00405e-06
-2.56641e-06
7.39263e-06
-8.72672e-06
4.421e-06
-1.52586e-05
-1.67978e-05
-1.38482e-06
2.38188e-06
2.41434e-06
9.17612e-08
3.40371e-06
2.01919e-06
4.47112e-06
4.31987e-06
5.39159e-06
6.81077e-06
5.87562e-06
9.18746e-06
5.60379e-06
1.10162e-05
4.3927e-06
1.19885e-05
1.57228e-06
1.15368e-05
-2.11774e-06
9.26137e-06
-6.45339e-06
5.1842e-06
-1.11825e-05
-1.16135e-05
-2.84973e-07
1.22543e-06
1.44193e-06
1.3673e-06
1.75043e-06
3.52723e-06
2.30935e-06
6.11486e-06
2.80359e-06
8.91939e-06
3.06804e-06
1.15952e-05
2.92838e-06
1.36222e-05
2.36148e-06
1.46633e-05
5.3028e-07
1.39185e-05
-1.37644e-06
1.09551e-05
-3.49276e-06
5.8099e-06
-6.03774e-06
-5.80337e-06
9.61892e-07
2.63802e-07
2.71184e-06
5.02121e-06
7.82406e-06
1.08923e-05
1.38198e-05
1.61812e-05
1.67108e-05
1.53339e-05
1.18411e-05
5.80337e-06
-1.19243e-05
-2.61825e-06
-1.36858e-05
-7.02122e-06
-1.39499e-05
-9.25507e-06
-1.39984e-05
-1.05734e-05
-1.40874e-05
-1.08912e-05
-1.43525e-05
-1.02955e-05
-1.47921e-05
-8.94261e-06
-1.53222e-05
-6.99715e-06
-1.58395e-05
-4.7037e-06
-1.62613e-05
-2.28325e-06
-1.66649e-05
-9.47191e-08
1.96578e-06
-1.71411e-05
-7.42296e-06
4.80743e-06
-1.01024e-05
-4.34141e-06
-1.09464e-05
-8.41089e-06
-1.13573e-05
-1.01625e-05
-1.16535e-05
-1.05952e-05
-1.20032e-05
-9.94613e-06
-1.24469e-05
-8.49935e-06
-1.29359e-05
-6.50882e-06
-1.34005e-05
-4.23951e-06
-1.37954e-05
-1.88922e-06
-1.41928e-05
3.02456e-07
2.45044e-06
-1.46775e-05
-4.94958e-06
9.75873e-06
-7.37536e-06
-1.91525e-06
-8.49967e-06
-7.28646e-06
-9.14139e-06
-9.52077e-06
-9.59469e-06
-1.0142e-05
-1.00221e-05
-9.51899e-06
-1.04827e-05
-8.03901e-06
-1.09509e-05
-6.04092e-06
-1.13793e-05
-3.81157e-06
-1.17409e-05
-1.52781e-06
-1.20942e-05
6.55434e-07
2.86102e-06
-1.2505e-05
-3.28856e-06
1.305e-05
-5.26968e-06
6.63887e-08
-6.46584e-06
-6.09013e-06
-7.2405e-06
-8.74611e-06
-7.81568e-06
-9.56703e-06
-8.31976e-06
-9.0152e-06
-8.81228e-06
-7.54692e-06
-9.27869e-06
-5.575e-06
-9.68236e-06
-3.40842e-06
-1.00031e-05
-1.20774e-06
-1.0282e-05
9.34227e-07
3.14216e-06
-1.05632e-05
-1.9922e-06
1.50432e-05
-3.52736e-06
1.60191e-06
-4.70004e-06
-4.91731e-06
-5.55617e-06
-7.88996e-06
-6.23768e-06
-8.88556e-06
-6.82455e-06
-8.4285e-06
-7.36508e-06
-7.0066e-06
-7.8467e-06
-5.09363e-06
-8.23543e-06
-3.01995e-06
-8.51029e-06
-9.33005e-07
-8.69577e-06
1.11945e-06
3.26217e-06
-8.8159e-06
-8.58742e-07
1.59037e-05
-1.9769e-06
2.72054e-06
-3.08664e-06
-3.80741e-06
-4.00748e-06
-6.9691e-06
-4.79737e-06
-8.09581e-06
-5.48019e-06
-7.74592e-06
-6.08621e-06
-6.40092e-06
-6.59889e-06
-4.58132e-06
-6.98187e-06
-2.63741e-06
-7.21023e-06
-7.05082e-07
-7.29418e-06
1.20335e-06
3.20941e-06
-7.24141e-06
2.19591e-07
1.56849e-05
-5.07009e-07
3.44742e-06
-1.5394e-06
-2.77486e-06
-2.53057e-06
-5.9779e-06
-3.44484e-06
-7.18153e-06
-4.24371e-06
-6.94715e-06
-4.93454e-06
-5.71013e-06
-5.49352e-06
-4.02256e-06
-5.8799e-06
-2.25109e-06
-6.06493e-06
-5.20192e-07
-6.04859e-06
1.18692e-06
2.987e-06
-5.82617e-06
1.28085e-06
1.44052e-05
9.44197e-07
3.78456e-06
3.13099e-09
-1.83365e-06
-1.07537e-06
-4.89932e-06
-2.14029e-06
-6.1167e-06
-3.08192e-06
-6.00565e-06
-3.87942e-06
-4.91293e-06
-4.49969e-06
-3.40249e-06
-4.89848e-06
-1.85264e-06
-5.0462e-06
-3.72709e-07
-4.93753e-06
1.07825e-06
2.60881e-06
-4.55924e-06
2.3208e-06
1.20858e-05
2.40578e-06
3.69971e-06
1.5822e-06
-1.00971e-06
3.988e-07
-3.71607e-06
-8.48049e-07
-4.8697e-06
-1.96583e-06
-4.88819e-06
-2.89569e-06
-3.98263e-06
-3.59259e-06
-2.70634e-06
-4.01184e-06
-1.43282e-06
-4.1298e-06
-2.55522e-07
-3.94121e-06
8.8964e-07
2.09529e-06
-3.42757e-06
3.35359e-06
8.73391e-06
3.87605e-06
3.17801e-06
3.22426e-06
-3.57628e-07
1.9387e-06
-2.43044e-06
4.83212e-07
-3.41433e-06
-8.52974e-07
-3.55214e-06
-1.95064e-06
-2.88523e-06
-2.74215e-06
-1.91531e-06
-3.18959e-06
-9.85668e-07
-3.28596e-06
-1.60137e-07
-3.03278e-06
6.35995e-07
1.47064e-06
-2.40812e-06
4.25051e-06
4.48604e-06
5.32451e-06
2.10521e-06
4.95274e-06
1.48638e-08
3.6354e-06
-1.11302e-06
1.97801e-06
-1.75719e-06
3.6067e-07
-1.93547e-06
-9.66521e-07
-1.55888e-06
-1.87983e-06
-1.00358e-06
-2.36066e-06
-5.06006e-07
-2.44527e-06
-7.80645e-08
-2.14409e-06
3.33427e-07
7.60604e-07
-1.43437e-06
4.48633e-06
6.59169e-06
6.60657e-06
5.49352e-06
3.7362e-06
1.80056e-06
2.41308e-07
-7.62515e-07
-1.26911e-06
-1.3475e-06
-1.01414e-06
-2.5373e-07
-1.79701e-05
3.7964e-06
-1.91479e-05
6.03187e-06
-2.06435e-05
8.53649e-06
-2.23774e-05
1.10747e-05
-2.41809e-05
1.33278e-05
-2.57044e-05
1.46755e-05
-2.65338e-05
1.44347e-05
-2.63628e-05
1.24308e-05
-2.46363e-05
8.46541e-06
-2.07843e-05
2.211e-06
-1.38281e-05
-6.10887e-06
-1.70642e-05
-1.54308e-05
4.54943e-06
-1.64394e-05
7.04015e-06
-1.76635e-05
9.75964e-06
-1.9009e-05
1.24193e-05
-2.02912e-05
1.46091e-05
-2.11576e-05
1.55412e-05
-2.13089e-05
1.45852e-05
-2.03624e-05
1.14836e-05
-1.76663e-05
5.76889e-06
-1.26556e-05
-2.80036e-06
-5.74439e-06
-1.30198e-05
-2.28108e-05
-1.30851e-05
5.12928e-06
-1.38142e-05
7.76885e-06
-1.46486e-05
1.05935e-05
-1.54874e-05
1.32571e-05
-1.61471e-05
1.52678e-05
-1.63673e-05
1.57603e-05
-1.59368e-05
1.41539e-05
-1.44628e-05
1.00088e-05
-1.16296e-05
2.93544e-06
-7.56076e-06
-6.86922e-06
-3.1224e-06
-1.74597e-05
-2.59337e-05
-1.09102e-05
5.47605e-06
-1.12949e-05
8.15327e-06
-1.1676e-05
1.09738e-05
-1.19626e-05
1.3543e-05
-1.20039e-05
1.53083e-05
-1.16679e-05
1.54235e-05
-1.07956e-05
1.32807e-05
-9.18672e-06
8.39932e-06
-6.85132e-06
5.99413e-07
-4.23043e-06
-9.49098e-06
-1.81622e-06
-1.98741e-05
-2.77504e-05
-8.9006e-06
5.56062e-06
-8.91609e-06
8.16848e-06
-8.82668e-06
1.08839e-05
-8.5684e-06
1.32838e-05
-8.05511e-06
1.47937e-05
-7.24371e-06
1.46107e-05
-6.1009e-06
1.21367e-05
-4.60397e-06
6.90109e-06
-2.93585e-06
-1.06931e-06
-1.4645e-06
-1.09627e-05
-2.96595e-07
-2.10443e-05
-2.8051e-05
-7.05896e-06
5.37809e-06
-6.70983e-06
7.81898e-06
-6.16684e-06
1.03402e-05
-5.40216e-06
1.25182e-05
-4.39802e-06
1.37888e-05
-3.19774e-06
1.34094e-05
-1.89453e-06
1.08328e-05
-5.93684e-07
5.59962e-06
4.51572e-07
-2.11479e-06
9.99711e-07
-1.15114e-05
1.05048e-06
-2.1096e-05
-2.70004e-05
-5.38911e-06
4.94101e-06
-4.69967e-06
7.12917e-06
-3.73988e-06
9.37978e-06
-2.51877e-06
1.12966e-05
-1.08315e-06
1.23514e-05
4.43224e-07
1.18824e-05
1.86063e-06
9.41342e-06
2.9806e-06
4.47905e-06
3.50948e-06
-2.64497e-06
3.27471e-06
-1.12779e-05
2.34039e-06
-2.01639e-05
-2.4665e-05
-3.892e-06
4.27373e-06
-2.89816e-06
6.13497e-06
-1.56784e-06
8.04903e-06
5.79349e-08
9.66952e-06
1.87649e-06
1.05323e-05
3.69346e-06
1.00638e-05
5.22278e-06
7.88417e-06
6.22016e-06
3.48059e-06
6.34036e-06
-2.76463e-06
5.39809e-06
-1.03355e-05
3.45595e-06
-1.82238e-05
-2.12098e-05
-2.56173e-06
3.4078e-06
-1.30519e-06
4.878e-06
3.4683e-07
6.39609e-06
2.33023e-06
7.68852e-06
4.49505e-06
8.36276e-06
6.59038e-06
7.9736e-06
8.25229e-06
6.21541e-06
9.20049e-06
2.53646e-06
9.00306e-06
-2.57168e-06
7.39048e-06
-8.72695e-06
4.42014e-06
-1.52532e-05
-1.6793e-05
-1.37883e-06
2.37826e-06
9.71392e-08
3.4012e-06
2.02535e-06
4.46928e-06
4.32576e-06
5.38856e-06
6.8161e-06
5.87186e-06
9.19141e-06
5.59895e-06
1.10185e-05
4.38666e-06
1.19889e-05
1.56602e-06
1.15354e-05
-2.12108e-06
9.25895e-06
-6.45322e-06
5.18312e-06
-1.11788e-05
-1.16103e-05
-2.79007e-07
1.22198e-06
1.37255e-06
1.7489e-06
3.53363e-06
2.31049e-06
6.12107e-06
2.80288e-06
8.92495e-06
3.0668e-06
1.15992e-05
2.92653e-06
1.36244e-05
2.35889e-06
1.46633e-05
5.27537e-07
1.39167e-05
-1.37769e-06
1.09525e-05
-3.49272e-06
5.80886e-06
-6.03618e-06
-5.80269e-06
9.68024e-07
2.71743e-06
5.02841e-06
7.83094e-06
1.08982e-05
1.38242e-05
1.61832e-05
1.67102e-05
1.53319e-05
1.1839e-05
5.80269e-06
-1.1933e-05
-2.60183e-06
-1.36971e-05
-7.00727e-06
-1.39621e-05
-9.24204e-06
-1.40106e-05
-1.05629e-05
-1.40985e-05
-1.08834e-05
-1.43621e-05
-1.02898e-05
-1.47998e-05
-8.93819e-06
-1.53281e-05
-6.99361e-06
-1.58439e-05
-4.7007e-06
-1.62648e-05
-2.28106e-06
-1.66676e-05
-9.25196e-08
1.96747e-06
-1.71436e-05
-7.43009e-06
4.82984e-06
-1.0112e-05
-4.32527e-06
-1.09564e-05
-8.39772e-06
-1.13669e-05
-1.01525e-05
-1.16621e-05
-1.05885e-05
-1.20104e-05
-9.94194e-06
-1.24524e-05
-8.49672e-06
-1.29397e-05
-6.50686e-06
-1.34031e-05
-4.23795e-06
-1.37969e-05
-1.8878e-06
-1.41938e-05
3.03334e-07
2.45122e-06
-1.46781e-05
-4.95502e-06
9.78582e-06
-7.38277e-06
-1.89739e-06
-8.50715e-06
-7.2734e-06
-9.1483e-06
-9.51153e-06
-9.60059e-06
-1.01365e-05
-1.00266e-05
-9.51628e-06
-1.04857e-05
-8.03795e-06
-1.09526e-05
-6.0404e-06
-1.13798e-05
-3.81114e-06
-1.17406e-05
-1.52752e-06
-1.20934e-05
6.55741e-07
2.86081e-06
-1.25039e-05
-3.29253e-06
1.30799e-05
-5.27466e-06
8.49613e-08
-6.47061e-06
-6.07747e-06
-7.2446e-06
-8.73772e-06
-7.81882e-06
-9.56257e-06
-8.32168e-06
-9.01383e-06
-8.81288e-06
-7.54723e-06
-9.27813e-06
-5.57569e-06
-9.68089e-06
-3.40894e-06
-1.00009e-05
-1.20803e-06
-1.02795e-05
9.33646e-07
3.14125e-06
-1.05605e-05
-1.99431e-06
1.50746e-05
-3.52984e-06
1.62061e-06
-4.70209e-06
-4.90523e-06
-5.55749e-06
-7.88244e-06
-6.23814e-06
-8.88204e-06
-6.82399e-06
-8.42824e-06
-7.3634e-06
-7.00806e-06
-7.8441e-06
-5.09531e-06
-8.2321e-06
-3.0212e-06
-8.5065e-06
-9.33974e-07
-8.6917e-06
1.11855e-06
3.2607e-06
-8.81173e-06
-8.5912e-07
1.59347e-05
-1.97696e-06
2.73861e-06
-3.08605e-06
-3.79619e-06
-4.00613e-06
-6.96247e-06
-4.7953e-06
-8.09315e-06
-5.47732e-06
-7.74653e-06
-6.08247e-06
-6.40335e-06
-6.59445e-06
-4.58373e-06
-6.97691e-06
-2.6392e-06
-7.20495e-06
-7.06291e-07
-7.28883e-06
1.20196e-06
3.20766e-06
-7.23609e-06
2.20849e-07
1.5714e-05
-5.04786e-07
3.46422e-06
-1.53628e-06
-2.76467e-06
-2.52671e-06
-5.97219e-06
-3.44041e-06
-7.1795e-06
-4.23876e-06
-6.94842e-06
-4.92897e-06
-5.71321e-06
-5.48752e-06
-4.02548e-06
-5.87357e-06
-2.25318e-06
-6.05848e-06
-5.21652e-07
-6.04219e-06
1.18552e-06
2.98502e-06
-5.81997e-06
1.28358e-06
1.44306e-05
9.48508e-07
3.79941e-06
8.59297e-09
-1.82488e-06
-1.06918e-06
-4.89451e-06
-2.13373e-06
-6.1152e-06
-3.07516e-06
-6.00724e-06
-3.87233e-06
-4.91643e-06
-4.49243e-06
-3.40559e-06
-4.8911e-06
-1.85479e-06
-5.03886e-06
-3.74058e-07
-4.93042e-06
1.07677e-06
2.60685e-06
-4.55241e-06
2.32487e-06
1.21065e-05
2.41193e-06
3.71188e-06
1.58981e-06
-1.00236e-06
4.07082e-07
-3.71241e-06
-8.39547e-07
-4.86827e-06
-1.95753e-06
-4.88996e-06
-2.88737e-06
-3.98596e-06
-3.58446e-06
-2.70946e-06
-4.00376e-06
-1.4348e-06
-4.12193e-06
-2.56736e-07
-3.9337e-06
8.88346e-07
2.09332e-06
-3.42046e-06
3.35884e-06
8.74795e-06
3.88382e-06
3.18697e-06
3.23372e-06
-3.52369e-07
1.94889e-06
-2.42798e-06
4.93419e-07
-3.41315e-06
-8.43323e-07
-3.55372e-06
-1.94145e-06
-2.88813e-06
-2.73352e-06
-1.91807e-06
-3.18121e-06
-9.87225e-07
-3.27789e-06
-1.60915e-07
-3.02522e-06
6.34875e-07
1.46925e-06
-2.40089e-06
4.2563e-06
4.49218e-06
5.33363e-06
2.1096e-06
4.96378e-06
1.72433e-08
3.64718e-06
-1.11224e-06
1.98978e-06
-1.75663e-06
3.71567e-07
-1.93702e-06
-9.56751e-07
-1.56089e-06
-1.87114e-06
-1.00558e-06
-2.35242e-06
-5.06708e-07
-2.43739e-06
-7.83155e-08
-2.13683e-06
3.32538e-07
7.6005e-07
-1.42742e-06
4.49217e-06
6.60174e-06
6.61879e-06
5.50639e-06
3.74945e-06
1.81223e-06
2.50872e-07
-7.54854e-07
-1.26209e-06
-1.34084e-06
-1.00827e-06
-2.48126e-07
-1.79719e-05
3.79801e-06
-1.91486e-05
6.03305e-06
-2.06426e-05
8.53652e-06
-2.23745e-05
1.10737e-05
-2.41761e-05
1.33256e-05
-2.56986e-05
1.46736e-05
-2.65278e-05
1.44332e-05
-2.63579e-05
1.24304e-05
-2.46336e-05
8.4648e-06
-2.07842e-05
2.21006e-06
-1.383e-05
-6.10976e-06
-1.70618e-05
-1.54308e-05
4.54968e-06
-1.64384e-05
7.03976e-06
-1.76608e-05
9.75801e-06
-1.90045e-05
1.24166e-05
-2.0285e-05
1.46053e-05
-2.11508e-05
1.55387e-05
-2.13021e-05
1.4584e-05
-2.0357e-05
1.14845e-05
-1.76636e-05
5.77003e-06
-1.2656e-05
-2.79962e-06
-5.74653e-06
-1.30218e-05
-2.28132e-05
-1.30834e-05
5.12852e-06
-1.38116e-05
7.76714e-06
-1.46446e-05
1.05902e-05
-1.5482e-05
1.32529e-05
-1.61405e-05
1.52628e-05
-1.63603e-05
1.57576e-05
-1.59299e-05
1.41527e-05
-1.44574e-05
1.00113e-05
-1.16265e-05
2.93797e-06
-7.56024e-06
-6.86783e-06
-3.12309e-06
-1.74621e-05
-2.59403e-05
-1.0907e-05
5.47435e-06
-1.12912e-05
8.1507e-06
-1.16712e-05
1.09696e-05
-1.1957e-05
1.35381e-05
-1.19974e-05
1.53025e-05
-1.16613e-05
1.5421e-05
-1.0789e-05
1.32799e-05
-9.18141e-06
8.40298e-06
-6.84738e-06
6.02576e-07
-4.22788e-06
-9.48936e-06
-1.81485e-06
-1.98784e-05
-2.77573e-05
-8.89622e-06
5.5584e-06
-8.91145e-06
8.16522e-06
-8.82151e-06
1.08791e-05
-8.56294e-06
1.32784e-05
-8.04907e-06
1.47877e-05
-7.23786e-06
1.46086e-05
-6.09484e-06
1.21357e-05
-4.59874e-06
6.90603e-06
-2.93111e-06
-1.06625e-06
-1.46082e-06
-1.09618e-05
-2.93863e-07
-2.10479e-05
-2.80592e-05
-7.05367e-06
5.37545e-06
-6.70458e-06
7.81573e-06
-6.16151e-06
1.03353e-05
-5.39702e-06
1.25135e-05
-4.39257e-06
1.37825e-05
-3.19284e-06
1.34086e-05
-1.88898e-06
1.08313e-05
-5.8878e-07
5.60571e-06
4.56629e-07
-2.11265e-06
1.0042e-06
-1.15106e-05
1.05333e-06
-2.10999e-05
-2.70066e-05
-5.3831e-06
4.93838e-06
-4.69403e-06
7.12601e-06
-3.73449e-06
9.37548e-06
-2.51423e-06
1.1292e-05
-1.07821e-06
1.23461e-05
4.46947e-07
1.18815e-05
1.86572e-06
9.41244e-06
2.98478e-06
4.48478e-06
3.51454e-06
-2.64322e-06
3.27939e-06
-1.12775e-05
2.34349e-06
-2.01672e-05
-2.46702e-05
-3.88552e-06
4.27102e-06
-2.89225e-06
6.13234e-06
-1.56262e-06
8.04507e-06
6.19852e-08
9.66695e-06
1.88069e-06
1.0526e-05
3.69622e-06
1.0066e-05
5.2271e-06
7.88005e-06
6.22359e-06
3.48864e-06
6.34502e-06
-2.76553e-06
5.40266e-06
-1.0336e-05
3.45874e-06
-1.82241e-05
-2.12142e-05
-2.55489e-06
3.40598e-06
-1.29928e-06
4.87536e-06
3.52215e-07
6.39515e-06
2.33298e-06
7.68281e-06
4.49959e-06
8.36374e-06
6.59084e-06
7.96811e-06
8.25709e-06
6.22014e-06
9.20201e-06
2.53675e-06
9.0075e-06
-2.56878e-06
7.39529e-06
-8.72675e-06
4.42181e-06
-1.52571e-05
-1.67923e-05
-1.37198e-06
2.37706e-06
1.03331e-07
3.39994e-06
2.03003e-06
4.46835e-06
4.32846e-06
5.38426e-06
6.8192e-06
5.87335e-06
9.19176e-06
5.59441e-06
1.10216e-05
4.39083e-06
1.199e-05
1.56606e-06
1.1539e-05
-2.11848e-06
9.26308e-06
-6.45373e-06
5.18503e-06
-1.11807e-05
-1.1609e-05
-2.72232e-07
1.22216e-06
1.37866e-06
1.74861e-06
3.5379e-06
2.30953e-06
6.12292e-06
2.79852e-06
8.92746e-06
3.07021e-06
1.15985e-05
2.92088e-06
1.36267e-05
2.36388e-06
1.46636e-05
5.24979e-07
1.39194e-05
-1.37529e-06
1.0956e-05
-3.4925e-06
5.81026e-06
-6.03749e-06
-5.80309e-06
9.73896e-07
2.72265e-06
5.03193e-06
7.83088e-06
1.09005e-05
1.38217e-05
1.61848e-05
1.67096e-05
1.5334e-05
1.18412e-05
5.80309e-06
-1.1933e-05
-2.60292e-06
-1.36962e-05
-7.0089e-06
-1.39608e-05
-9.24482e-06
-1.40092e-05
-1.05651e-05
-1.40974e-05
-1.08845e-05
-1.43614e-05
-1.02899e-05
-1.47997e-05
-8.93793e-06
-1.53284e-05
-6.99341e-06
-1.58445e-05
-4.70101e-06
-1.62654e-05
-2.28173e-06
-1.66683e-05
-9.4222e-08
1.96568e-06
-1.71439e-05
-7.4286e-06
4.82882e-06
-1.011e-05
-4.32702e-06
-1.09542e-05
-8.4004e-06
-1.13649e-05
-1.01545e-05
-1.16603e-05
-1.05892e-05
-1.2009e-05
-9.9416e-06
-1.24515e-05
-8.4959e-06
-1.29392e-05
-6.50625e-06
-1.34028e-05
-4.23781e-06
-1.37969e-05
-1.88842e-06
-1.41937e-05
3.02421e-07
2.44984e-06
-1.4678e-05
-4.95306e-06
9.78393e-06
-7.38022e-06
-1.89943e-06
-8.50456e-06
-7.27593e-06
-9.14587e-06
-9.51317e-06
-9.59848e-06
-1.01367e-05
-1.00248e-05
-9.51545e-06
-1.04843e-05
-8.03667e-06
-1.09515e-05
-6.0394e-06
-1.1379e-05
-3.81072e-06
-1.17399e-05
-1.52763e-06
-1.20928e-05
6.54967e-07
2.86001e-06
-1.25031e-05
-3.2905e-06
1.30777e-05
-5.27188e-06
8.25712e-08
-6.46785e-06
-6.07974e-06
-7.24203e-06
-8.73899e-06
-7.81655e-06
-9.56238e-06
-8.3197e-06
-9.01258e-06
-8.81117e-06
-7.54562e-06
-9.27661e-06
-5.57441e-06
-9.67953e-06
-3.40828e-06
-9.99971e-06
-1.20803e-06
-1.02783e-05
9.33418e-07
3.14083e-06
-1.05592e-05
-1.99215e-06
1.50713e-05
-3.527e-06
1.61789e-06
-4.69932e-06
-4.90724e-06
-5.5549e-06
-7.88337e-06
-6.23581e-06
-8.88149e-06
-6.82185e-06
-8.4267e-06
-7.3614e-06
-7.00623e-06
-7.84216e-06
-5.09388e-06
-8.23023e-06
-3.02043e-06
-8.50468e-06
-9.33681e-07
-8.68988e-06
1.11841e-06
3.26064e-06
-8.80978e-06
-8.56832e-07
1.59305e-05
-1.97413e-06
2.73583e-06
-3.0833e-06
-3.79784e-06
-4.00355e-06
-6.96308e-06
-4.7929e-06
-8.09226e-06
-5.475e-06
-7.74481e-06
-6.08015e-06
-6.4014e-06
-6.59206e-06
-4.5823e-06
-6.97448e-06
-2.6384e-06
-7.20254e-06
-7.0601e-07
-7.28631e-06
1.20217e-06
3.20779e-06
-7.23344e-06
2.23144e-07
1.57087e-05
-5.02015e-07
3.46146e-06
-1.53358e-06
-2.76604e-06
-2.52409e-06
-5.97249e-06
-3.43791e-06
-7.17838e-06
-4.2362e-06
-6.94661e-06
-4.92626e-06
-5.71133e-06
-5.4846e-06
-4.02416e-06
-5.87053e-06
-2.25247e-06
-6.05536e-06
-5.21281e-07
-6.03896e-06
1.18573e-06
2.98543e-06
-5.81655e-06
1.28574e-06
1.44249e-05
9.51174e-07
3.79682e-06
1.12997e-08
-1.82591e-06
-1.06647e-06
-4.89457e-06
-2.13103e-06
-6.11387e-06
-3.07225e-06
-6.00547e-06
-3.86913e-06
-4.91471e-06
-4.48889e-06
-3.40454e-06
-4.88736e-06
-1.85429e-06
-5.03501e-06
-3.73796e-07
-4.92638e-06
1.07714e-06
2.6074e-06
-4.54822e-06
2.32667e-06
1.21003e-05
2.41443e-06
3.70953e-06
1.59249e-06
-1.00344e-06
4.09947e-07
-3.71215e-06
-8.36578e-07
-4.86703e-06
-1.95415e-06
-4.88827e-06
-2.88357e-06
-3.98469e-06
-3.5802e-06
-2.70871e-06
-3.99926e-06
-1.43453e-06
-4.11728e-06
-2.56561e-07
-3.92883e-06
8.88717e-07
2.09415e-06
-3.41543e-06
3.36024e-06
8.74324e-06
3.88597e-06
3.18521e-06
3.23627e-06
-3.53155e-07
1.95181e-06
-2.42741e-06
4.96706e-07
-3.41187e-06
-8.39393e-07
-3.55223e-06
-1.93694e-06
-2.88727e-06
-2.72847e-06
-1.91759e-06
-3.17593e-06
-9.87218e-07
-3.27247e-06
-1.60926e-07
-3.01951e-06
6.35334e-07
1.46986e-06
-2.39517e-06
4.25669e-06
4.49125e-06
5.3352e-06
2.10899e-06
4.9658e-06
1.76674e-08
3.64987e-06
-1.11098e-06
1.99326e-06
-1.75517e-06
3.76105e-07
-1.93548e-06
-9.51476e-07
-1.56013e-06
-1.86531e-06
-1.00506e-06
-2.34646e-06
-5.06865e-07
-2.43132e-06
-7.83864e-08
-2.13041e-06
3.33167e-07
7.60302e-07
-1.42105e-06
4.49179e-06
6.60108e-06
6.61886e-06
5.50791e-06
3.75266e-06
1.8171e-06
2.56656e-07
-7.48559e-07
-1.25596e-06
-1.33465e-06
-1.00152e-06
-2.41395e-07
-1.79722e-05
3.79601e-06
-1.9149e-05
6.03112e-06
-2.06433e-05
8.53488e-06
-2.23753e-05
1.10717e-05
-2.41767e-05
1.33228e-05
-2.56977e-05
1.46678e-05
-2.65251e-05
1.44245e-05
-2.63524e-05
1.24186e-05
-2.4625e-05
8.45187e-06
-2.07735e-05
2.19761e-06
-1.38198e-05
-6.11829e-06
-1.70638e-05
-1.54306e-05
4.5484e-06
-1.64383e-05
7.03848e-06
-1.76611e-05
9.75672e-06
-1.90049e-05
1.24145e-05
-2.02852e-05
1.46021e-05
-2.11498e-05
1.55316e-05
-2.12998e-05
1.45737e-05
-2.03526e-05
1.14707e-05
-1.76574e-05
5.75609e-06
-1.26496e-05
-2.81093e-06
-5.74285e-06
-1.30251e-05
-2.28093e-05
-1.30827e-05
5.12773e-06
-1.3811e-05
7.76643e-06
-1.46443e-05
1.05895e-05
-1.54818e-05
1.3251e-05
-1.61401e-05
1.52594e-05
-1.63592e-05
1.57496e-05
-1.59282e-05
1.41417e-05
-1.44545e-05
9.9962e-06
-1.16232e-05
2.9244e-06
-7.55762e-06
-6.87675e-06
-3.12235e-06
-1.74623e-05
-2.59325e-05
-1.09057e-05
5.47409e-06
-1.12899e-05
8.15029e-06
-1.16702e-05
1.09691e-05
-1.1956e-05
1.3536e-05
-1.19964e-05
1.5299e-05
-1.166e-05
1.54124e-05
-1.07879e-05
1.32686e-05
-9.18008e-06
8.38765e-06
-6.84664e-06
5.90211e-07
-4.22796e-06
-9.49648e-06
-1.81537e-06
-1.98753e-05
-2.77486e-05
-8.89421e-06
5.55841e-06
-8.90938e-06
8.16519e-06
-8.81961e-06
1.08788e-05
-8.56097e-06
1.32764e-05
-8.04747e-06
1.47842e-05
-7.23627e-06
1.45997e-05
-6.09418e-06
1.21253e-05
-4.59856e-06
6.89064e-06
-2.93213e-06
-1.07693e-06
-1.46234e-06
-1.09668e-05
-2.95764e-07
-2.10445e-05
-2.80486e-05
-7.05088e-06
5.37579e-06
-6.70168e-06
7.81562e-06
-6.15869e-06
1.03351e-05
-5.39413e-06
1.25109e-05
-4.39032e-06
1.37796e-05
-3.19074e-06
1.33991e-05
-1.88861e-06
1.08224e-05
-5.89142e-07
5.59047e-06
4.54657e-07
-2.12105e-06
1.00157e-06
-1.15144e-05
1.05129e-06
-2.10954e-05
-2.69974e-05
-5.37956e-06
4.9388e-06
-4.69029e-06
7.12597e-06
-3.73083e-06
9.375e-06
-2.51027e-06
1.12898e-05
-1.07545e-06
1.2343e-05
4.49819e-07
1.18731e-05
1.86589e-06
9.40428e-06
2.98446e-06
4.47123e-06
3.51202e-06
-2.65003e-06
3.27619e-06
-1.12801e-05
2.34094e-06
-2.01627e-05
-2.46618e-05
-3.88121e-06
4.27177e-06
-2.88775e-06
6.13216e-06
-1.55806e-06
8.04487e-06
6.67949e-08
9.66364e-06
1.88416e-06
1.0525e-05
3.69968e-06
1.00559e-05
5.22747e-06
7.87651e-06
6.22339e-06
3.47413e-06
6.34232e-06
-2.76852e-06
5.39911e-06
-1.03369e-05
3.45626e-06
-1.82221e-05
-2.12066e-05
-2.54996e-06
3.40623e-06
-1.29398e-06
4.87575e-06
3.57159e-07
6.39279e-06
2.33934e-06
7.68387e-06
4.50263e-06
8.3569e-06
6.59624e-06
7.96744e-06
8.25641e-06
6.20935e-06
9.2031e-06
2.53151e-06
9.00438e-06
-2.5745e-06
7.39096e-06
-8.7276e-06
4.42012e-06
-1.52514e-05
-1.67901e-05
-1.36636e-06
2.37719e-06
1.08901e-07
3.39965e-06
2.03605e-06
4.46705e-06
4.33499e-06
5.38534e-06
6.82353e-06
5.86775e-06
9.19685e-06
5.59469e-06
1.1022e-05
4.38238e-06
1.19907e-05
1.56257e-06
1.1536e-05
-2.1228e-06
9.25879e-06
-6.45338e-06
5.18275e-06
-1.11772e-05
-1.16082e-05
-2.66224e-07
1.2215e-06
1.38453e-06
1.74818e-06
3.54444e-06
2.30945e-06
6.13023e-06
2.80125e-06
8.93206e-06
3.0646e-06
1.16041e-05
2.92431e-06
1.36272e-05
2.35647e-06
1.46643e-05
5.25629e-07
1.39165e-05
-1.37846e-06
1.09517e-05
-3.49268e-06
5.80752e-06
-6.0346e-06
-5.80278e-06
9.79879e-07
2.72856e-06
5.03849e-06
7.83936e-06
1.09044e-05
1.38281e-05
1.61847e-05
1.67097e-05
1.53306e-05
1.18377e-05
5.80278e-06
-1.19219e-05
-2.61747e-06
-1.3683e-05
-7.02458e-06
-1.39469e-05
-9.25859e-06
-1.3995e-05
-1.05768e-05
-1.40834e-05
-1.08941e-05
-1.43479e-05
-1.02974e-05
-1.47871e-05
-8.94274e-06
-1.53172e-05
-6.99523e-06
-1.58351e-05
-4.69924e-06
-1.62579e-05
-2.27659e-06
-1.66622e-05
-8.63831e-08
1.96817e-06
-7.4212e-06
4.8049e-06
-1.01e-05
-4.34574e-06
-1.09438e-05
-8.41498e-06
-1.13543e-05
-1.01665e-05
-1.16499e-05
-1.05989e-05
-1.19991e-05
-9.94867e-06
-1.24423e-05
-8.50006e-06
-1.29311e-05
-6.50707e-06
-1.3396e-05
-4.23504e-06
-1.37912e-05
-1.88202e-06
-1.41892e-05
3.10555e-07
2.45306e-06
-4.9485e-06
9.75406e-06
-7.37385e-06
-1.92034e-06
-8.49795e-06
-7.29099e-06
-9.13936e-06
-9.52537e-06
-9.59217e-06
-1.01464e-05
-1.0019e-05
-9.52221e-06
-1.04792e-05
-8.04029e-06
-1.09471e-05
-6.03956e-06
-1.13753e-05
-3.80726e-06
-1.17369e-05
-1.52099e-06
-1.20904e-05
6.63749e-07
2.86412e-06
-3.2881e-06
1.30433e-05
-5.26921e-06
6.08827e-08
-6.46531e-06
-6.09498e-06
-7.2398e-06
-8.75111e-06
-7.81461e-06
-9.5719e-06
-8.31824e-06
-9.01903e-06
-8.81031e-06
-7.54875e-06
-9.27634e-06
-5.57413e-06
-9.67961e-06
-3.4046e-06
-9.99984e-06
-1.20128e-06
-1.02787e-05
9.41934e-07
3.14603e-06
-1.99259e-06
1.5036e-05
-3.52804e-06
1.59636e-06
-4.70086e-06
-4.92225e-06
-5.55702e-06
-7.89513e-06
-6.23833e-06
-8.89076e-06
-6.8249e-06
-8.43276e-06
-7.36506e-06
-7.00888e-06
-7.84628e-06
-5.09327e-06
-8.23439e-06
-3.01673e-06
-8.50853e-06
-9.27438e-07
-8.69347e-06
1.12675e-06
3.2668e-06
-8.60024e-07
1.58966e-05
-1.97876e-06
2.71514e-06
-3.08886e-06
-3.81228e-06
-4.00996e-06
-6.9742e-06
-4.79985e-06
-8.10121e-06
-5.48257e-06
-7.75039e-06
-6.08838e-06
-6.40358e-06
-6.60071e-06
-4.58138e-06
-6.98296e-06
-2.63495e-06
-7.21032e-06
-7.00341e-07
-7.29347e-06
1.20953e-06
3.21481e-06
2.1753e-07
1.56789e-05
-5.09968e-07
3.44247e-06
-1.54295e-06
-2.77936e-06
-2.53467e-06
-5.98272e-06
-3.44914e-06
-7.18685e-06
-4.24818e-06
-6.95166e-06
-4.93897e-06
-5.71288e-06
-5.49775e-06
-4.02295e-06
-5.88332e-06
-2.24931e-06
-6.06724e-06
-5.166e-07
-6.04974e-06
1.19208e-06
2.9928e-06
1.27818e-06
1.44004e-05
9.40302e-07
3.78028e-06
-1.62764e-09
-1.83769e-06
-1.08095e-06
-4.90357e-06
-2.14632e-06
-6.12184e-06
-3.0884e-06
-6.00989e-06
-3.88608e-06
-4.91568e-06
-4.50632e-06
-3.40294e-06
-4.90432e-06
-1.85152e-06
-5.05085e-06
-3.70062e-07
-4.94076e-06
1.08184e-06
2.61477e-06
2.31779e-06
1.2083e-05
2.40114e-06
3.69621e-06
1.57648e-06
-1.01268e-06
3.91891e-07
-3.7198e-06
-8.55599e-07
-4.87403e-06
-1.97422e-06
-4.89216e-06
-2.90441e-06
-3.98472e-06
-3.60156e-06
-2.70692e-06
-4.02e-06
-1.43204e-06
-4.13684e-06
-2.54147e-07
-3.94657e-06
8.91574e-07
2.10111e-06
3.35031e-06
8.73222e-06
3.87097e-06
3.17529e-06
3.21778e-06
-3.59838e-07
1.93075e-06
-2.43336e-06
4.74222e-07
-3.41801e-06
-8.63116e-07
-3.55545e-06
-1.96139e-06
-2.8868e-06
-2.75328e-06
-1.91574e-06
-3.19999e-06
-9.85155e-07
-3.29533e-06
-1.59585e-07
-3.04034e-06
6.3635e-07
1.47606e-06
4.24763e-06
4.48402e-06
5.31917e-06
2.1031e-06
4.94576e-06
1.28023e-08
3.62654e-06
-1.11545e-06
1.96754e-06
-1.76027e-06
3.485e-07
-1.93832e-06
-9.79528e-07
-1.56002e-06
-1.89321e-06
-1.00395e-06
-2.3733e-06
-5.05135e-07
-2.4571e-06
-7.76501e-08
-2.15422e-06
3.3328e-07
7.6574e-07
4.48387e-06
6.58683e-06
6.59933e-06
5.48366e-06
3.723e-06
1.78443e-06
2.23932e-07
-7.79993e-07
-1.28556e-06
-1.3633e-06
-1.02954e-06
)
;

boundaryField
{
    rotor
    {
        type            calculated;
        value           uniform 0;
    }
    stator
    {
        type            calculated;
        value           uniform 0;
    }
    front
    {
        type            empty;
        value           nonuniform 0();
    }
    back
    {
        type            empty;
        value           nonuniform 0();
    }
}


// ************************************************************************* //
