/*--------------------------------*- C++ -*----------------------------------*\
| =========                 |                                                 |
| \\      /  F ield         | OpenFOAM: The Open Source CFD Toolbox           |
|  \\    /   O peration     | Version:  v1912                                 |
|   \\  /    A nd           | Website:  www.openfoam.com                      |
|    \\/     M anipulation  |                                                 |
\*---------------------------------------------------------------------------*/
FoamFile
{
    version     2.0;
    format      ascii;
    class       volVectorField;
    location    "250";
    object      U;
}
// * * * * * * * * * * * * * * * * * * * * * * * * * * * * * * * * * * * * * //

dimensions      [0 1 -1 0 0 0 0];


internalField   nonuniform List<vector> 
3072
(
(0.192406 2.22347 0)
(0.211368 1.92992 0)
(0.3083 1.7665 1.43846e-19)
(0.409655 1.65197 9.40163e-19)
(0.521887 1.64434 -2.15322e-18)
(0.752137 1.8228 9.3304e-19)
(1.45967 1.71732 2.69446e-19)
(2.53837 1.74981 1.45664e-19)
(2.96445 2.3385 -3.91138e-19)
(3.19368 2.54403 9.23435e-19)
(3.52468 2.76318 3.92454e-19)
(3.80437 2.74387 5.20524e-19)
(-0.448036 2.76477 -2.53951e-19)
(-0.235675 2.37394 -4.67365e-19)
(0.058828 2.4366 5.34215e-19)
(0.545382 2.51548 0)
(1.35899 2.57996 6.39525e-19)
(2.17087 2.9329 -7.83702e-19)
(2.71935 3.08862 0)
(2.96302 3.1329 0)
(3.03706 3.18494 0)
(3.10488 3.20154 7.44575e-19)
(3.2357 3.20586 -2.12501e-18)
(3.34386 3.19166 4.89229e-19)
(-0.339477 3.05985 1.64704e-19)
(0.12439 2.79027 0)
(0.781778 2.92241 0)
(1.54436 3.11686 -2.45294e-18)
(2.2067 3.24416 8.8315e-19)
(2.66236 3.2979 -1.89724e-18)
(2.92892 3.23376 2.01419e-18)
(3.09173 3.13577 0)
(3.15755 3.06866 0)
(3.23698 3.00014 -9.81333e-19)
(3.32722 2.93094 -9.38569e-19)
(3.41182 2.85476 3.13779e-18)
(-0.133286 3.33003 -1.56188e-18)
(0.458501 3.24115 -2.46615e-18)
(1.17048 3.39046 1.37484e-18)
(1.86235 3.4701 -1.3786e-18)
(2.37745 3.44492 3.48944e-18)
(2.68177 3.36318 -3.69832e-18)
(2.88227 3.24322 -1.9599e-18)
(2.99836 3.12861 -5.30029e-18)
(3.06044 3.03453 -1.42677e-19)
(3.12475 2.94695 2.67818e-18)
(3.18667 2.8595 3.05514e-18)
(3.25153 2.77387 -2.50839e-18)
(0.145626 3.48934 0)
(0.73919 3.52775 1.01107e-18)
(1.39277 3.6158 -1.92695e-18)
(1.98634 3.59414 2.95483e-18)
(2.38523 3.49493 5.15381e-19)
(2.63551 3.36052 1.81646e-18)
(2.77927 3.22042 1.96326e-18)
(2.86548 3.08598 1.7746e-18)
(2.92715 2.96882 -3.61265e-18)
(2.98822 2.86185 3.16954e-18)
(3.05028 2.76025 -4.31686e-18)
(3.1148 2.66298 5.81328e-18)
(0.372974 3.62855 -2.65556e-18)
(0.932011 3.73784 1.27607e-18)
(1.50894 3.75594 3.79533e-18)
(2.0062 3.66628 0)
(2.33535 3.51757 -5.26077e-18)
(2.5299 3.35554 5.77454e-18)
(2.649 3.19225 0)
(2.73123 3.04087 -4.37574e-18)
(2.79539 2.90622 3.79985e-18)
(2.85595 2.78437 0)
(2.91617 2.67176 2.16735e-19)
(2.97745 2.56644 3.53161e-18)
(0.543904 3.78347 0)
(1.05364 3.94158 -3.11985e-18)
(1.54634 3.8933 2.87373e-18)
(1.95784 3.75521 0)
(2.23113 3.56493 -3.63113e-18)
(2.39813 3.36862 5.43153e-19)
(2.50906 3.18047 5.22223e-18)
(2.59102 3.00897 4.73845e-18)
(2.65835 2.85566 -4.18439e-18)
(2.72058 2.71792 4.11083e-18)
(2.78094 2.59279 -3.5797e-18)
(2.84087 2.4781 -1.00651e-17)
(0.672106 3.9672 0)
(1.11872 4.16094 2.90716e-18)
(1.52576 4.05429 -4.8087e-18)
(1.86372 3.87303 4.75854e-18)
(2.09635 3.64137 0)
(2.25091 3.40738 -6.03503e-18)
(2.36096 3.18905 5.7298e-18)
(2.44652 2.99206 8.02886e-20)
(2.51836 2.81684 -9.2158e-18)
(2.58338 2.66101 -4.25566e-18)
(2.64467 2.52165 -2.19953e-19)
(2.70395 2.39617 7.59115e-18)
(0.73089 4.15412 0)
(1.14036 4.40239 -3.82847e-18)
(1.46121 4.23341 -5.71022e-18)
(1.73042 4.00537 -4.0965e-18)
(1.93317 3.73278 7.96649e-18)
(2.08412 3.46058 0)
(2.20008 3.20892 0)
(2.29325 2.98339 0)
(2.37156 2.78408 0)
(2.44062 2.6086 4.44873e-18)
(2.50351 2.45383 -4.40633e-18)
(2.56248 2.31663 4.1983e-18)
(0.80701 4.45086 0)
(1.11782 4.66006 3.52304e-18)
(1.32777 4.38447 -6.52745e-19)
(1.54782 4.09212 4.72107e-18)
(1.73366 3.78122 4.48566e-18)
(1.88787 3.47834 -7.07365e-18)
(2.01436 3.20065 0)
(2.11853 2.95268 -1.98674e-19)
(2.20599 2.73415 -1.65492e-17)
(2.28135 2.54279 0)
(2.34762 2.37559 1.00116e-17)
(2.4077 2.22892 -4.66168e-18)
(0.957353 4.57626 0)
(0.978093 4.68284 3.77867e-18)
(1.08928 4.32869 9.8254e-18)
(1.28416 3.982 -8.27068e-18)
(1.47213 3.6669 -1.13724e-17)
(1.63892 3.36544 1.77479e-17)
(1.78195 3.08989 -1.9402e-19)
(1.90252 2.84287 -6.73095e-18)
(2.00385 2.62383 5.46435e-18)
(2.09005 2.43124 -1.14002e-17)
(2.1637 2.26299 -1.56718e-17)
(2.22849 2.11563 1.56698e-17)
(0.389096 4.1837 -1.91857e-18)
(0.592492 4.12047 -1.26053e-17)
(0.73572 3.79169 2.39146e-18)
(0.937752 3.49742 0)
(1.1451 3.25821 0)
(1.33444 3.02494 3.29966e-19)
(1.49899 2.80373 1.81602e-17)
(1.63983 2.59832 1.11106e-17)
(1.75895 2.41033 0)
(1.86039 2.24135 1.02541e-17)
(1.94594 2.09163 0)
(2.02014 1.95889 4.23578e-19)
(4.07067 2.7294 1.0475e-18)
(4.25431 2.59024 -7.30331e-19)
(4.39651 2.44653 -6.06173e-20)
(4.44621 2.24662 -4.90009e-19)
(4.45537 2.03919 -2.3123e-19)
(4.37274 1.80735 0)
(4.22779 1.57838 0)
(3.9907 1.34636 8.34743e-19)
(3.68168 1.12065 -9.82741e-19)
(3.24882 0.864471 0)
(2.78675 0.46956 0)
(2.65109 -0.0899623 -4.81688e-20)
(3.46944 3.13829 1.28298e-18)
(3.5905 3.04521 0)
(3.70941 2.91834 -8.99853e-19)
(3.81572 2.75228 3.56528e-19)
(3.89009 2.57236 2.41961e-19)
(3.91981 2.38719 2.54544e-18)
(3.89899 2.20572 -4.13849e-18)
(3.82241 2.04448 6.74132e-19)
(3.68981 1.9156 0)
(3.39797 1.79674 0)
(3.11497 1.67717 0)
(3.21336 1.27315 7.11649e-19)
(3.50153 2.76856 1.21635e-18)
(3.59155 2.66902 -3.33252e-18)
(3.6731 2.55935 9.25981e-19)
(3.73736 2.44521 2.2832e-18)
(3.77628 2.32936 -2.38664e-18)
(3.78486 2.22193 0)
(3.75993 2.13189 0)
(3.70099 2.06786 -1.93225e-19)
(3.61373 2.03824 1.06352e-18)
(3.45553 2.02987 0)
(3.21223 2.02728 0)
(3.39643 1.9311 -4.66747e-19)
(3.32328 2.68573 2.74641e-19)
(3.39572 2.59176 3.38979e-18)
(3.46282 2.49353 2.41152e-18)
(3.51838 2.39534 -2.42958e-18)
(3.5579 2.30297 0)
(3.57892 2.22344 1.48599e-18)
(3.57915 2.1641 0)
(3.56023 2.13239 2.53377e-18)
(3.52512 2.13574 -8.06256e-19)
(3.44871 2.1919 0)
(3.26113 2.28572 -5.23718e-19)
(3.55021 2.39113 6.2346e-19)
(3.18124 2.56754 -2.40965e-18)
(3.24648 2.47281 0)
(3.30721 2.38025 0)
(3.36024 2.29329 0)
(3.40385 2.21638 0)
(3.43737 2.15515 -2.67274e-18)
(3.45966 2.11878 -1.16636e-19)
(3.47201 2.11139 -1.25818e-18)
(3.47963 2.14443 0)
(3.46895 2.23171 -9.91128e-19)
(3.34798 2.38405 4.84398e-19)
(3.7513 2.60801 -1.62374e-19)
(3.03937 2.4666 -1.92793e-19)
(3.10044 2.37153 -5.95819e-18)
(3.15907 2.28224 2.84955e-18)
(3.21398 2.20129 4.2424e-21)
(3.26491 2.13229 1.88248e-19)
(3.31225 2.08002 4.25251e-18)
(3.35767 2.05054 -1.29506e-19)
(3.40368 2.05033 -4.85318e-18)
(3.45278 2.09055 -1.96448e-18)
(3.50819 2.18793 1.00771e-18)
(3.46091 2.38222 -1.2661e-18)
(3.91999 2.72527 -5.18841e-19)
(2.9006 2.37213 9.66681e-18)
(2.95988 2.27402 3.18265e-18)
(3.01846 2.18415 0)
(3.07654 2.10418 0)
(3.13518 2.03674 1.82422e-19)
(3.19623 1.98552 -3.13442e-18)
(3.26257 1.95537 4.97038e-18)
(3.33818 1.95217 -1.13925e-19)
(3.42675 1.98626 1.7134e-18)
(3.53575 2.07623 0)
(3.56906 2.26535 -2.29215e-19)
(4.06779 2.6799 -7.86199e-20)
(2.76209 2.28255 -3.64416e-18)
(2.81989 2.17931 -3.37275e-18)
(2.8783 2.08605 3.63099e-18)
(2.93871 2.00344 -3.44143e-18)
(3.00341 1.93299 -4.78737e-21)
(3.07552 1.87721 6.99292e-18)
(3.15938 1.83953 -3.26104e-18)
(3.26094 1.82474 1.85772e-18)
(3.38602 1.84179 0)
(3.54768 1.9104 1.13854e-18)
(3.66637 2.08457 5.89277e-19)
(4.17397 2.53525 -8.99287e-19)
(2.61908 2.19434 4.0577e-18)
(2.67505 2.08462 -3.94135e-18)
(2.73231 1.98621 -3.70871e-18)
(2.79326 1.89862 -7.76903e-18)
(2.86117 1.82204 7.56453e-18)
(2.94027 1.75772 -7.36079e-18)
(3.03625 1.7073 0)
(3.15721 1.67376 -1.80547e-18)
(3.31175 1.66331 0)
(3.51969 1.69399 0)
(3.72256 1.82802 0)
(4.22751 2.23927 4.3427e-19)
(2.46361 2.09973 4.50614e-18)
(2.518 1.98464 -9.03711e-18)
(2.57365 1.88155 8.8519e-18)
(2.63359 1.78881 8.56243e-18)
(2.7018 1.70532 4.17616e-18)
(2.78306 1.63071 0)
(2.88445 1.56466 0)
(3.01542 1.50745 4.25265e-18)
(3.18836 1.46117 0)
(3.43353 1.4407 -1.21348e-18)
(3.70176 1.49749 7.92212e-19)
(4.21127 1.78957 -1.27631e-18)
(2.28651 1.98645 -1.02127e-17)
(2.34127 1.87104 9.44615e-18)
(2.39617 1.76709 -9.25656e-18)
(2.45453 1.67194 -2.33921e-17)
(2.52091 1.58346 -2.14628e-19)
(2.59963 1.49974 1.25304e-19)
(2.69893 1.41828 -4.6277e-18)
(2.8281 1.33618 -4.32166e-18)
(3.00299 1.249 0)
(3.26337 1.16604 3.72221e-18)
(3.56967 1.09327 9.17673e-19)
(4.07157 1.04366 -1.80433e-18)
(2.08415 1.84198 -4.20781e-19)
(2.14227 1.7354 0)
(2.19814 1.63762 0)
(2.255 1.54555 4.47855e-18)
(2.3176 1.45646 1.38254e-17)
(2.38959 1.36782 -4.55475e-18)
(2.47896 1.27513 -1.93084e-19)
(2.59295 1.17295 -2.42828e-18)
(2.74946 1.04802 -2.33377e-18)
(2.977 0.899971 -2.36649e-18)
(3.29319 0.667358 0)
(3.66397 -0.0641736 2.41068e-18)
(2.22496 -0.189284 -4.51728e-22)
(1.9318 -0.20916 0)
(1.76736 -0.306991 -1.43884e-19)
(1.65267 -0.408695 0)
(1.64432 -0.521211 -1.08264e-18)
(1.82232 -0.750307 9.38734e-19)
(1.71861 -1.45521 0)
(1.74639 -2.53496 1.16053e-19)
(2.33599 -2.96432 -3.76955e-19)
(2.54192 -3.19205 3.60949e-19)
(2.76137 -3.52374 -5.80306e-19)
(2.74224 -3.80291 -5.20817e-19)
(2.76456 0.449837 -2.7073e-19)
(2.37392 0.236718 -1.17388e-19)
(2.43682 -0.0582638 5.28252e-19)
(2.51541 -0.544151 0)
(2.57909 -1.35628 -6.37768e-19)
(2.93103 -2.16881 3.4228e-19)
(3.08816 -2.71857 0)
(3.13169 -2.96309 1.07882e-18)
(3.18397 -3.03753 -3.09405e-18)
(3.20035 -3.10466 1.85394e-18)
(3.20473 -3.23555 1.06247e-18)
(3.19058 -3.34343 -3.37136e-18)
(3.05981 0.340161 -1.6423e-19)
(2.79069 -0.123251 0)
(2.92263 -0.779997 -1.61985e-18)
(3.11638 -1.54201 0)
(3.24389 -2.20477 0)
(3.29759 -2.66117 -8.30592e-19)
(3.23392 -2.92829 4.38979e-18)
(3.13552 -3.09154 -3.17985e-18)
(3.06821 -3.15756 9.33809e-19)
(2.99956 -3.23678 0)
(2.93027 -3.32704 2.38705e-18)
(2.85407 -3.41155 -1.33384e-18)
(3.33014 0.134243 9.78991e-19)
(3.24133 -0.456833 1.37089e-18)
(3.39053 -1.1685 1.02405e-18)
(3.47014 -1.86037 2.07684e-18)
(3.44517 -2.37613 -1.62963e-18)
(3.3634 -2.68106 -1.35009e-18)
(3.24343 -2.88183 0)
(3.12856 -2.99824 0)
(3.03433 -3.0604 1.70859e-18)
(2.94665 -3.12465 0)
(2.85912 -3.1866 3.72007e-19)
(2.77342 -3.25138 1.07865e-18)
(3.48943 -0.144904 1.82817e-18)
(3.52785 -0.737726 -8.14718e-19)
(3.61595 -1.391 -1.92906e-18)
(3.5945 -1.98476 0)
(3.49543 -2.38423 0)
(3.36091 -2.63493 2.39895e-18)
(3.22076 -2.779 0)
(3.08616 -2.86536 -4.12538e-18)
(2.96886 -2.92709 -1.69758e-18)
(2.86179 -2.98816 3.17242e-18)
(2.7601 -3.05022 -4.32078e-18)
(2.66275 -3.11472 2.77069e-18)
(3.6286 -0.372194 -1.45707e-18)
(3.73798 -0.930735 -1.1285e-18)
(3.75628 -1.50744 1.66324e-18)
(3.66682 -2.00494 2.52664e-19)
(3.51819 -2.33454 2.64386e-18)
(3.3561 -2.52945 -5.56873e-18)
(3.19274 -2.64876 5.047e-18)
(3.04123 -2.73112 4.42649e-19)
(2.90646 -2.79535 0)
(2.7845 -2.85594 0)
(2.6718 -2.91618 6.80212e-18)
(2.56639 -2.97746 3.20436e-20)
(3.78356 -0.543233 -5.39886e-20)
(3.94182 -1.05258 -1.73184e-18)
(3.8938 -1.54516 0)
(3.75593 -1.95688 -3.61385e-18)
(3.5657 -2.23053 3.84178e-18)
(3.36935 -2.39778 9.46733e-18)
(3.1811 -2.50887 5.70369e-18)
(3.00949 -2.59095 6.57847e-19)
(2.85607 -2.65835 -8.75689e-18)
(2.71821 -2.72063 3.85437e-18)
(2.59299 -2.78102 4.07972e-18)
(2.47821 -2.84098 2.04809e-19)
(3.96732 -0.671625 1.86755e-19)
(4.1613 -1.11792 2.90933e-18)
(4.05492 -1.52491 0)
(3.87387 -1.86302 -4.76214e-18)
(3.64227 -2.0959 -3.49236e-18)
(3.40823 -2.25065 5.2977e-19)
(3.18981 -2.36084 -1.09244e-17)
(2.99273 -2.4465 3.38178e-19)
(2.8174 -2.51841 -2.33412e-19)
(2.66146 -2.5835 4.47277e-18)
(2.522 -2.64483 -3.61288e-18)
(2.39643 -2.70413 1.85616e-19)
(4.15425 -0.730658 -3.58198e-18)
(4.40279 -1.13989 1.55344e-18)
(4.23404 -1.46067 -8.31566e-18)
(4.00622 -1.72995 4.09858e-18)
(3.73372 -1.93284 0)
(3.46151 -2.08392 0)
(3.20979 -2.20001 6.21787e-18)
(2.98417 -2.29327 1.10681e-17)
(2.78475 -2.37166 -4.97145e-18)
(2.60916 -2.44078 -4.45212e-18)
(2.4543 -2.50371 -4.21361e-18)
(2.317 -2.56273 0)
(4.45098 -0.807073 6.88503e-20)
(4.6604 -1.11742 5.34111e-18)
(4.38496 -1.32738 1.03639e-17)
(4.09283 -1.54747 0)
(3.78205 -1.7334 7.90985e-18)
(3.47921 -1.88771 0)
(3.2015 -2.01429 2.91394e-19)
(2.95346 -2.11854 -5.50624e-18)
(2.73486 -2.20608 5.76867e-18)
(2.54341 -2.28151 0)
(2.37611 -2.34783 0)
(2.22934 -2.40795 -9.60971e-18)
(4.57611 -0.957416 -6.8505e-18)
(4.68289 -0.978012 3.77631e-18)
(4.3289 -1.0891 5.38098e-19)
(3.98243 -1.28393 -9.07461e-18)
(3.66746 -1.47189 -3.54268e-18)
(3.36608 -1.63872 -3.55347e-18)
(3.09056 -1.78182 -6.79562e-18)
(2.84353 -1.90247 -1.88763e-17)
(2.62446 -2.00387 -5.46691e-18)
(2.43181 -2.09014 -1.14065e-17)
(2.26349 -2.16385 1.09273e-17)
(2.11605 -2.22869 9.98702e-18)
(4.18347 -0.389016 3.66907e-18)
(4.12027 -0.592395 -1.45106e-18)
(3.79157 -0.735564 3.47855e-19)
(3.49744 -0.937524 7.46074e-18)
(3.25839 -1.14484 0)
(3.02525 -1.3342 -6.59974e-18)
(2.80413 -1.4988 5.86607e-18)
(2.59876 -1.63971 5.18834e-18)
(2.41078 -1.7589 -1.65638e-17)
(2.24179 -1.8604 1.02569e-17)
(2.09202 -1.946 -9.96074e-18)
(1.95924 -2.02025 0)
(2.72798 -4.06958 -7.68029e-19)
(2.58896 -4.25299 1.88564e-18)
(2.44542 -4.39543 -1.16241e-18)
(2.24564 -4.44503 -5.53984e-19)
(2.03838 -4.45437 1.81202e-19)
(1.80667 -4.37171 4.8203e-20)
(1.57782 -4.22693 -1.00413e-19)
(1.34593 -3.98988 -2.76956e-19)
(1.12027 -3.68105 -9.82328e-19)
(0.864172 -3.24832 0)
(0.469174 -2.78639 0)
(-0.0898448 -2.65087 -4.81512e-20)
(3.1373 -3.46898 -2.75549e-20)
(3.04428 -3.58992 1.86229e-18)
(2.9175 -3.70879 -8.99866e-19)
(2.75153 -3.81503 0)
(2.57167 -3.88941 1.54352e-18)
(2.38657 -3.91914 0)
(2.20516 -3.89837 1.23141e-18)
(2.04396 -3.82184 2.2379e-18)
(1.91513 -3.68932 -1.92214e-18)
(1.79629 -3.3976 0)
(1.67668 -3.11469 0)
(1.27231 -3.21327 -1.34197e-20)
(2.76784 -3.50121 8.51621e-19)
(2.66831 -3.59116 -8.05365e-19)
(2.55866 -3.67268 9.26687e-19)
(2.44456 -3.73692 0)
(2.32874 -3.77585 -1.05953e-18)
(2.22134 -3.78444 2.76666e-18)
(2.13133 -3.75954 -3.98527e-18)
(2.06732 -3.70064 -4.74654e-18)
(2.0377 -3.61346 3.00376e-18)
(2.02931 -3.45535 0)
(2.02668 -3.21211 5.74564e-19)
(1.93041 -3.39648 1.54111e-19)
(2.68524 -3.32309 1.03305e-18)
(2.59125 -3.39548 -2.35447e-18)
(2.49301 -3.46256 2.41331e-18)
(2.39481 -3.51811 -2.43129e-18)
(2.30245 -3.55763 0)
(2.22291 -3.57867 1.48691e-18)
(2.16356 -3.57891 1.16503e-18)
(2.13184 -3.56004 7.13384e-19)
(2.13518 -3.52496 -1.63103e-18)
(2.1913 -3.4486 0)
(2.28507 -3.26104 -3.49149e-19)
(2.39025 -3.55021 5.63949e-19)
(2.56725 -3.18114 2.69305e-18)
(2.47247 -3.24637 -1.42345e-18)
(2.37988 -3.30709 0)
(2.29289 -3.36012 0)
(2.21595 -3.40373 1.44289e-18)
(2.15468 -3.43726 -1.22643e-18)
(2.11828 -3.45957 -2.13433e-19)
(2.11086 -3.47194 0)
(2.14386 -3.47959 -8.18671e-19)
(2.23111 -3.46892 9.91515e-19)
(2.38339 -3.34797 -1.05507e-18)
(2.60719 -3.75138 -2.57627e-19)
(2.46648 -3.03938 -5.93206e-18)
(2.37135 -3.10046 2.87994e-18)
(2.282 -3.15909 5.88833e-18)
(2.201 -3.214 4.23139e-21)
(2.13195 -3.26494 -7.23347e-18)
(2.07964 -3.31228 -3.10726e-18)
(2.05011 -3.3577 -2.10643e-19)
(2.04985 -3.40372 0)
(2.09002 -3.45282 0)
(2.18735 -3.50823 -1.00806e-18)
(2.38155 -3.46093 -7.3561e-19)
(2.72446 -3.92007 2.27408e-19)
(2.37217 -2.90073 3.30057e-18)
(2.27398 -2.96001 -6.56554e-18)
(2.18404 -3.0186 -2.95515e-18)
(2.10401 -3.07668 -1.65269e-19)
(2.0365 -3.13533 2.92562e-18)
(1.98521 -3.19638 2.93763e-18)
(1.955 -3.26272 1.67867e-18)
(1.95174 -3.33832 1.65794e-18)
(1.98577 -3.42688 -1.85451e-18)
(2.07568 -3.53586 0)
(2.26474 -3.56913 1.19423e-18)
(2.67918 -4.0679 -3.50486e-19)
(2.28272 -2.7623 0)
(2.17939 -2.82012 3.37565e-18)
(2.08605 -2.87854 0)
(2.00336 -2.93895 -1.71983e-19)
(1.93283 -3.00365 -4.7671e-21)
(1.87698 -3.07576 6.99863e-18)
(1.83922 -3.15962 -1.54152e-18)
(1.82437 -3.26116 -3.62689e-18)
(1.84135 -3.38622 -2.00887e-18)
(1.9099 -3.54785 1.13908e-18)
(2.08401 -3.66649 -2.23454e-18)
(2.53462 -4.17407 1.14671e-18)
(2.19462 -2.61935 4.06116e-18)
(2.0848 -2.67533 -3.94477e-18)
(1.9863 -2.73261 -4.00792e-18)
(1.89862 -2.79357 3.95348e-18)
(1.82196 -2.86147 3.79205e-18)
(1.75755 -2.94057 -1.12761e-17)
(1.70706 -3.03654 0)
(1.67343 -3.15748 1.80676e-18)
(1.66292 -3.312 1.8801e-18)
(1.69354 -3.5199 0)
(1.82753 -3.72272 2.76436e-18)
(2.23875 -4.22763 -2.06296e-18)
(2.10006 -2.46389 0)
(1.98487 -2.5183 -9.04457e-18)
(1.8817 -2.57396 -4.70235e-18)
(1.78886 -2.63391 -8.33714e-18)
(1.70529 -2.70212 4.17965e-18)
(1.6306 -2.78338 4.00962e-18)
(1.56447 -2.88477 0)
(1.50718 -3.01572 0)
(1.46082 -3.18863 0)
(1.44031 -3.43378 0)
(1.49708 -3.70195 -7.91638e-19)
(1.78917 -4.21138 -9.98115e-20)
(1.98678 -2.28674 4.98971e-18)
(1.87129 -2.34153 4.58936e-18)
(1.76725 -2.39644 1.90265e-17)
(1.67202 -2.45482 4.90309e-18)
(1.58346 -2.5212 1.87066e-17)
(1.49966 -2.59993 -4.54655e-18)
(1.41811 -2.69923 -4.63119e-18)
(1.33594 -2.8284 0)
(1.24869 -3.00327 -4.56652e-18)
(1.16569 -3.26363 -2.47231e-18)
(1.09292 -3.56987 -1.85557e-18)
(1.04341 -4.07169 -1.12474e-25)
(1.84226 -2.08429 0)
(1.73561 -2.14244 0)
(1.63775 -2.19834 -1.89741e-17)
(1.54562 -2.25522 -1.392e-17)
(1.45646 -2.31785 -4.47802e-18)
(1.36774 -2.38985 0)
(1.27498 -2.47924 4.58462e-18)
(1.17273 -2.59325 0)
(1.04773 -2.74975 -1.83371e-19)
(0.899643 -2.97727 2.36755e-18)
(0.667087 -3.29342 6.78482e-19)
(-0.0642303 -3.66416 4.78049e-18)
(-0.189354 -2.22488 9.50854e-20)
(-0.209029 -1.93199 2.20249e-19)
(-0.307214 -1.76777 -2.21382e-19)
(-0.408942 -1.65286 5.35233e-20)
(-0.521407 -1.64545 0)
(-0.753032 -1.82397 1.33859e-19)
(-1.46264 -1.71686 0)
(-2.54006 -1.75191 4.93991e-19)
(-2.96411 -2.33979 1.12521e-18)
(-3.19386 -2.54483 -1.39356e-19)
(-3.52445 -2.76364 -5.35874e-19)
(-3.80419 -2.74413 1.09287e-18)
(0.449713 -2.76468 4.28656e-19)
(0.236452 -2.37403 -4.62241e-19)
(-0.0588004 -2.43763 5.28521e-19)
(-0.546669 -2.516 -7.1205e-20)
(-1.3617 -2.58137 -6.34493e-19)
(-2.17208 -2.93478 -1.33874e-19)
(-2.71939 -3.08939 -7.74853e-19)
(-2.96234 -3.13385 -2.08436e-18)
(-3.03616 -3.18549 3.21017e-18)
(-3.10436 -3.20199 -7.1578e-19)
(-3.23515 -3.20611 7.65236e-19)
(-3.34344 -3.19174 5.21647e-19)
(0.339394 -3.06002 -3.28175e-19)
(-0.125411 -2.79116 0)
(-0.783633 -2.92399 0)
(-1.54606 -3.11876 -1.00738e-18)
(-2.20695 -3.24543 0)
(-2.66173 -3.29884 -1.06572e-18)
(-2.92809 -3.23423 7.69758e-19)
(-3.09083 -3.13624 2.50009e-18)
(-3.15667 -3.06907 -1.1688e-18)
(-3.23629 -3.00048 -1.80977e-18)
(-3.32659 -2.9312 -3.32205e-18)
(-3.41127 -2.85493 3.13486e-18)
(0.132572 -3.33014 -1.96074e-18)
(-0.459643 -3.24211 -1.36951e-18)
(-1.17134 -3.39147 1.78214e-18)
(-1.86242 -3.47091 6.96792e-19)
(-2.37672 -3.44541 0)
(-2.68072 -3.36362 -4.3611e-18)
(-2.88127 -3.24362 3.18463e-18)
(-2.99737 -3.12898 0)
(-3.05957 -3.03487 2.58843e-18)
(-3.12403 -2.94723 -3.83448e-18)
(-3.18605 -2.85971 2.68178e-18)
(-3.25102 -2.77402 3.50644e-19)
(-0.147001 -3.489 2.6922e-18)
(-0.740387 -3.52821 2.43305e-18)
(-1.39326 -3.61613 5.73005e-19)
(-1.98596 -3.59436 0)
(-2.3843 -3.49515 -2.8517e-18)
(-2.63446 -3.36083 3.85124e-18)
(-2.77824 -3.22072 0)
(-2.86458 -3.08629 -2.23774e-18)
(-2.92638 -2.96911 -2.03717e-18)
(-2.98759 -2.86211 3.16747e-18)
(-3.04975 -2.76046 0)
(-3.11436 -2.66314 -2.50203e-18)
(-0.374381 -3.62803 1.19772e-18)
(-0.933044 -3.73794 4.90099e-19)
(-1.50923 -3.75591 -1.66055e-18)
(-2.00571 -3.66628 -7.23016e-18)
(-2.33446 -3.51769 -1.87417e-19)
(-2.52893 -3.35577 5.772e-18)
(-2.64813 -3.19253 0)
(-2.73047 -3.04117 6.63086e-18)
(-2.79475 -2.90652 -3.89258e-18)
(-2.85543 -2.78463 3.47865e-18)
(-2.91574 -2.67199 2.16649e-19)
(-2.97708 -2.56662 -3.19879e-20)
(-0.545274 -3.78285 -1.35794e-18)
(-1.05452 -3.94148 -1.16722e-18)
(-1.54651 -3.89306 0)
(-1.95738 -3.7551 7.72375e-18)
(-2.23038 -3.56499 -1.08967e-17)
(-2.39736 -3.36883 -1.75974e-19)
(-2.50837 -3.18075 -1.09121e-17)
(-2.59042 -3.00929 3.90973e-19)
(-2.65785 -2.85597 -4.18222e-18)
(-2.72017 -2.7182 -4.10893e-18)
(-2.7806 -2.59303 4.0741e-18)
(-2.84059 -2.4783 -3.41297e-18)
(-0.67314 -3.96658 -1.19187e-19)
(-1.11942 -4.16068 -1.5415e-18)
(-1.52588 -4.05391 0)
(-1.86337 -3.8728 4.75408e-18)
(-2.0958 -3.64137 3.29915e-18)
(-2.25034 -3.40755 2.85438e-18)
(-2.36045 -3.18933 -4.15635e-19)
(-2.44608 -2.99238 -8.02999e-20)
(-2.51799 -2.81716 -4.89532e-18)
(-2.58308 -2.66131 -4.71912e-19)
(-2.64442 -2.52191 1.97378e-19)
(-2.70373 -2.3964 0)
(-0.731579 -4.15352 2.22017e-18)
(-1.14081 -4.40195 0)
(-1.46129 -4.2329 0)
(-1.73022 -4.00502 -4.09394e-18)
(-1.93281 -3.73267 3.52957e-18)
(-2.08373 -3.46067 -6.95911e-18)
(-2.19971 -3.20915 0)
(-2.29292 -2.98368 5.4181e-18)
(-2.37128 -2.78439 -2.16526e-19)
(-2.44038 -2.60889 4.44693e-18)
(-2.50331 -2.4541 -4.567e-18)
(-2.56232 -2.31687 8.71359e-18)
(-0.807248 -4.45015 4.79736e-18)
(-1.11819 -4.65953 -1.82443e-18)
(-1.3279 -4.3839 -5.50706e-18)
(-1.54775 -4.09168 -9.08532e-18)
(-1.73346 -3.78099 0)
(-1.88761 -3.47831 6.45312e-18)
(-2.01409 -3.20077 -1.2677e-17)
(-2.11827 -2.95289 5.54691e-18)
(-2.20576 -2.7344 5.76254e-18)
(-2.28115 -2.54306 0)
(-2.34745 -2.37584 -5.32842e-18)
(-2.40757 -2.22915 -8.9902e-18)
(-0.957232 -4.57592 -6.80624e-18)
(-0.978257 -4.68248 1.71789e-18)
(-1.08944 -4.32826 4.64316e-18)
(-1.2842 -3.9816 3.8839e-18)
(-1.47205 -3.66664 -4.13608e-20)
(-1.63875 -3.36533 -1.09308e-17)
(-1.78175 -3.08991 1.29514e-17)
(-1.90231 -2.843 2.48292e-17)
(-2.00365 -2.62402 -1.7153e-17)
(-2.08987 -2.43146 -1.13953e-17)
(-2.16355 -2.26322 1.03399e-17)
(-2.22838 -2.11585 0)
(-0.388865 -4.18357 5.67809e-18)
(-0.592573 -4.12043 1.90593e-18)
(-0.735896 -3.79153 2.04342e-18)
(-0.937855 -3.49722 7.98864e-18)
(-1.1451 -3.25806 0)
(-1.33436 -3.02487 6.26741e-18)
(-1.49886 -2.80376 -1.2292e-17)
(-1.63968 -2.59844 -5.41816e-18)
(-1.75881 -2.4105 -5.46162e-18)
(-1.86026 -2.24157 1.02514e-17)
(-1.94584 -2.09186 5.29029e-18)
(-2.02007 -1.95913 1.51275e-17)
(-4.07028 -2.72948 2.54705e-19)
(-4.2539 -2.59023 4.70102e-19)
(-4.396 -2.44643 5.00952e-19)
(-4.44569 -2.24648 -1.25543e-18)
(-4.45484 -2.03901 4.13012e-19)
(-4.37222 -1.80716 0)
(-4.22729 -1.57817 -5.01142e-19)
(-3.99026 -1.34617 3.78849e-19)
(-3.68131 -1.12044 0)
(-3.24857 -0.864265 1.01996e-19)
(-2.78658 -0.46933 0)
(-2.65099 0.0899102 -3.77843e-19)
(-3.46902 -3.13824 -3.64802e-18)
(-3.59011 -3.04506 2.74928e-18)
(-3.70901 -2.91813 2.02859e-18)
(-3.81532 -2.75204 -8.15632e-19)
(-3.88968 -2.57211 0)
(-3.91941 -2.38693 0)
(-3.89861 -2.20546 1.43344e-18)
(-3.82207 -2.04421 -1.5733e-18)
(-3.68951 -1.91532 0)
(-3.39778 -1.79645 5.90649e-19)
(-3.11482 -1.67686 -6.81394e-20)
(-3.21324 -1.2728 -1.08553e-18)
(-3.50104 -2.76865 1.27609e-18)
(-3.5911 -2.66904 -2.16522e-18)
(-3.67268 -2.55931 0)
(-3.73697 -2.44512 -2.2998e-18)
(-3.77593 -2.32922 -2.47395e-18)
(-3.78454 -2.22175 5.43358e-18)
(-3.75966 -2.13167 -4.86786e-18)
(-3.70076 -2.06759 0)
(-3.61355 -2.03792 0)
(-3.45541 -2.02951 0)
(-3.21217 -2.0269 -5.23807e-19)
(-3.39636 -1.93069 1.58482e-19)
(-3.32284 -2.68581 -1.03142e-18)
(-3.39534 -2.59178 -3.21683e-19)
(-3.46249 -2.49349 0)
(-3.51809 -2.39525 -3.02905e-19)
(-3.55765 -2.30283 0)
(-3.5787 -2.22325 0)
(-3.57896 -2.16386 1.30796e-18)
(-3.56007 -2.13211 -1.61913e-18)
(-3.52499 -2.13541 1.77979e-18)
(-3.44861 -2.19151 0)
(-3.26109 -2.2853 -5.2376e-19)
(-3.55013 -2.39064 -6.23548e-19)
(-3.18087 -2.56765 5.60276e-18)
(-3.24617 -2.47286 -1.42154e-18)
(-3.30694 -2.38026 2.59948e-18)
(-3.36001 -2.29324 1.19589e-18)
(-3.40365 -2.21627 -4.1012e-18)
(-3.4372 -2.15498 0)
(-3.45952 -2.11855 -1.42642e-18)
(-3.4719 -2.1111 0)
(-3.47955 -2.14408 0)
(-3.46889 -2.23131 9.90983e-19)
(-3.34798 -2.3836 3.57301e-20)
(-3.75124 -2.60749 7.06346e-19)
(-3.03907 -2.46673 -2.75783e-18)
(-3.10018 -2.37161 -2.0301e-19)
(-3.15886 -2.28226 0)
(-3.21381 -2.20126 0)
(-3.26477 -2.1322 -4.57147e-18)
(-3.31213 -2.07987 2.91438e-18)
(-3.35757 -2.05033 3.01391e-18)
(-3.40362 -2.05005 1.59312e-18)
(-3.45274 -2.09021 -3.81079e-18)
(-3.50816 -2.18753 -1.00765e-18)
(-3.46093 -2.38175 0)
(-3.91995 -2.72474 8.10459e-19)
(-2.90037 -2.37229 -6.76465e-18)
(-2.95969 -2.27413 2.82479e-18)
(-3.0183 -2.18421 3.14184e-18)
(-3.07641 -2.10419 1.68478e-19)
(-3.13509 -2.03668 -3.52197e-19)
(-3.19616 -1.98539 -3.30422e-18)
(-3.26253 -1.95518 -4.8772e-18)
(-3.33816 -1.9519 -1.77263e-18)
(-3.42675 -1.98591 1.71287e-18)
(-3.53576 -2.07583 0)
(-3.5691 -2.2649 2.01859e-18)
(-4.06776 -2.67938 -5.20264e-19)
(-2.76192 -2.28273 7.12062e-18)
(-2.81975 -2.17944 -3.87223e-18)
(-2.87819 -2.08613 -3.62961e-18)
(-2.93864 -2.00347 -6.70844e-18)
(-3.00336 -1.93295 6.66492e-18)
(-3.0755 -1.87711 -1.74588e-19)
(-3.15939 -1.83935 1.031e-17)
(-3.26097 -1.82449 1.66551e-18)
(-3.38607 -1.84146 2.007e-18)
(-3.54773 -1.91 0)
(-3.66643 -2.08413 -1.39006e-18)
(-4.17397 -2.53475 -6.78035e-19)
(-2.61895 -2.19454 0)
(-2.67495 -2.08478 3.78175e-18)
(-2.73225 -1.98632 3.70733e-18)
(-2.79323 -1.89867 -3.81753e-18)
(-2.86117 -1.82203 -1.43161e-19)
(-2.94031 -1.75764 -3.90447e-18)
(-3.03631 -1.70715 -3.5901e-18)
(-3.15729 -1.67352 0)
(-3.31185 -1.66299 -1.87828e-18)
(-3.51978 -1.69361 -1.1736e-18)
(-3.72265 -1.82761 4.51519e-18)
(-4.22754 -2.23882 -9.86156e-19)
(-2.46351 -2.09993 0)
(-2.51793 -1.9848 0)
(-2.57362 -1.88168 0)
(-2.6336 -1.78888 -1.29516e-17)
(-2.70185 -1.70533 8.32372e-18)
(-2.78315 -1.63066 8.14448e-18)
(-2.88458 -1.56454 0)
(-3.01557 -1.50725 -4.25084e-18)
(-3.18851 -1.46088 0)
(-3.43367 -1.44036 -2.4669e-18)
(-3.70188 -1.49712 -7.9127e-19)
(-4.21133 -1.78919 -1.27647e-18)
(-2.28643 -1.98665 0)
(-2.34124 -1.87121 0)
(-2.39618 -1.76722 9.75145e-18)
(-2.45459 -1.67203 1.37923e-17)
(-2.52102 -1.58349 3.62482e-19)
(-2.59979 -1.49971 4.66625e-18)
(-2.69912 -1.41817 -2.27653e-18)
(-2.82833 -1.336 6.53304e-18)
(-3.00322 -1.24875 4.56149e-18)
(-3.26357 -1.16573 2.31267e-18)
(-3.56982 -1.09294 -1.85467e-18)
(-4.07167 -1.04339 -1.97654e-18)
(-2.08412 -1.84219 0)
(-2.14229 -1.73558 0)
(-2.19822 -1.63776 -9.27617e-18)
(-2.25513 -1.54565 4.88126e-18)
(-2.31779 -1.4565 -4.47511e-18)
(-2.38982 -1.36781 -4.55352e-18)
(-2.47924 -1.27505 4.77467e-18)
(-2.59327 -1.1728 0)
(-2.74979 -1.0478 -4.60513e-18)
(-2.9773 -0.899714 -2.44998e-18)
(-3.29342 -0.667094 2.32907e-18)
(-3.66413 0.0642992 -4.7809e-18)
(-2.22495 0.189218 9.78904e-20)
(-1.93173 0.209103 0)
(-1.76722 0.306912 0)
(-1.65256 0.408612 7.58919e-19)
(-1.64416 0.521127 -1.08681e-18)
(-1.82222 0.75013 0)
(-1.71861 1.45517 0)
(-1.74633 2.53536 4.95014e-19)
(-2.33621 2.96487 8.00962e-19)
(-2.54221 3.19259 4.48705e-19)
(-2.76178 3.52437 -1.11211e-18)
(-2.74263 3.80355 8.49793e-19)
(-2.7646 -0.449966 -5.83802e-19)
(-2.37381 -0.236824 0)
(-2.43661 0.0582106 0)
(-2.51529 0.544037 -9.98461e-19)
(-2.579 1.35614 1.25307e-18)
(-2.93102 2.16916 -1.4257e-18)
(-3.08837 2.71914 7.35768e-19)
(-3.13191 2.9637 8.80343e-19)
(-3.1843 3.0381 -4.53822e-19)
(-3.20072 3.10515 7.44284e-19)
(-3.20517 3.23603 0)
(-3.19106 3.34387 -1.29792e-18)
(-3.05988 -0.340463 3.28163e-19)
(-2.79055 0.122885 0)
(-2.92241 0.779737 0)
(-3.11616 1.54204 -6.24312e-19)
(-3.24389 2.20529 4.29546e-19)
(-3.2977 2.66192 -1.39197e-18)
(-3.23409 2.92903 0)
(-3.13571 3.09221 -3.46711e-18)
(-3.06844 3.15817 3.41636e-18)
(-2.99982 3.23732 -9.80901e-19)
(-2.93056 3.32754 -2.32892e-18)
(-2.85437 3.41201 3.14062e-18)
(-3.33028 -0.134613 -9.78322e-19)
(-3.24122 0.456533 1.37106e-18)
(-3.39047 1.16856 0)
(-3.47019 1.86086 6.96821e-19)
(-3.4453 2.3769 -6.51503e-19)
(-3.36353 2.68182 1.34953e-18)
(-3.24358 2.88255 0)
(-3.12873 2.99887 -1.90899e-18)
(-3.03453 3.06094 -4.30181e-18)
(-2.94687 3.12511 2.68072e-18)
(-2.85936 3.18699 2.68537e-18)
(-2.77369 3.25171 -5.37353e-18)
(-3.48962 0.144521 1.34937e-18)
(-3.52785 0.737536 -1.01264e-18)
(-3.61602 1.3912 1.92902e-18)
(-3.59461 1.98536 0)
(-3.49554 2.38497 -5.98627e-18)
(-3.361 2.63567 4.43639e-18)
(-3.22085 2.77965 2.53049e-18)
(-3.08626 2.86589 1.7768e-18)
(-2.96898 2.92753 0)
(-2.86192 2.98851 0)
(-2.76026 3.0505 0)
(-2.66293 3.11494 -5.42282e-19)
(-3.62878 0.371843 2.91619e-18)
(-3.73801 0.930645 0)
(-3.75637 1.50773 -1.66313e-18)
(-3.66688 2.00556 3.74565e-18)
(-3.51822 2.33526 2.63135e-18)
(-3.35611 2.53011 -5.52492e-18)
(-3.19274 2.64931 2.60016e-18)
(-3.04123 2.73155 -9.06395e-18)
(-2.90648 2.79568 -9.52329e-20)
(-2.78454 2.85619 -3.01866e-19)
(-2.67187 2.91636 2.17069e-19)
(-2.56649 2.97758 9.23496e-18)
(-3.78372 0.542933 -4.79876e-18)
(-3.94186 1.05255 3.12359e-18)
(-3.89387 1.54549 -4.88353e-18)
(-3.75593 1.95747 -3.61368e-18)
(-3.56563 2.23118 -6.86492e-18)
(-3.36924 2.39833 -3.63395e-18)
(-3.18099 2.50931 -5.39902e-18)
(-3.00938 2.59127 8.9878e-18)
(-2.85598 2.65857 0)
(-2.71816 2.72077 7.74009e-18)
(-2.59297 2.7811 -1.0861e-17)
(-2.47823 2.841 3.64416e-18)
(-3.96745 0.671425 -2.80298e-18)
(-4.16135 1.11794 -4.6319e-18)
(-4.05497 1.52523 7.36586e-18)
(-3.87382 1.86353 0)
(-3.64212 2.09643 -4.03016e-18)
(-3.40803 2.25109 6.04265e-18)
(-3.18959 2.36117 -2.7585e-19)
(-2.99251 2.44673 8.04376e-20)
(-2.81721 2.51855 -4.58777e-18)
(-2.66131 2.58355 -8.50864e-18)
(-2.52188 2.64482 3.79051e-18)
(-2.39636 2.70407 -3.80773e-18)
(-4.15439 0.730513 2.22297e-18)
(-4.40288 1.13997 0)
(-4.23409 1.46096 0)
(-4.00617 1.73035 0)
(-3.73354 1.93325 3.53486e-18)
(-3.46126 2.08427 0)
(-3.2095 2.20026 -3.48953e-19)
(-2.98388 2.29343 1.08013e-17)
(-2.78449 2.37173 2.25137e-19)
(-2.60893 2.44077 4.45314e-18)
(-2.45411 2.50364 -4.41082e-18)
(-2.31686 2.5626 1.29286e-17)
(-4.45113 0.807069 6.88603e-20)
(-4.66051 1.11748 9.69611e-18)
(-4.38502 1.32759 -2.53601e-18)
(-4.09279 1.54777 0)
(-3.78189 1.73371 0)
(-3.47896 1.88797 0)
(-3.20121 2.01448 0)
(-2.95316 2.11865 5.77247e-18)
(-2.73457 2.20611 -2.17532e-17)
(-2.54315 2.28146 -1.05326e-17)
(-2.37589 2.34772 1.00204e-17)
(-2.22917 2.40779 5.27507e-18)
(-4.57619 0.957432 -6.80661e-18)
(-4.68293 0.9781 -5.24175e-18)
(-4.32893 1.08926 -2.76078e-18)
(-3.98241 1.28415 0)
(-3.66735 1.47214 0)
(-3.3659 1.63894 7.35626e-18)
(-3.09032 1.78199 -1.33965e-17)
(-2.84327 1.90257 2.50607e-17)
(-2.6242 2.0039 1.74565e-17)
(-2.43157 2.09009 1.07908e-17)
(-2.26327 2.16374 -1.03511e-17)
(-2.11587 2.22852 5.48008e-19)
(-4.1836 0.389113 -1.91825e-18)
(-4.12039 0.592504 0)
(-3.79168 0.73573 3.92447e-18)
(-3.49754 0.937747 -1.18801e-17)
(-3.25841 1.14508 1.06909e-17)
(-3.02521 1.33442 3.2999e-19)
(-2.80402 1.49897 5.86535e-18)
(-2.59862 1.63982 -5.42008e-18)
(-2.41062 1.75895 -2.71947e-17)
(-2.24163 1.86038 0)
(-2.09187 1.94592 0)
(-1.95911 2.02012 4.23682e-19)
(-2.72841 4.07026 -4.84553e-19)
(-2.58936 4.25366 -2.25147e-19)
(-2.44583 4.3961 2.3342e-19)
(-2.246 4.44567 -1.11008e-18)
(-2.03872 4.45499 3.53475e-19)
(-1.80697 4.37228 4.80638e-20)
(-1.57808 4.22746 -5.00832e-19)
(-1.34616 3.99033 1.38823e-18)
(-1.12049 3.68143 -6.97555e-19)
(-0.864382 3.24858 -1.0199e-19)
(-0.469415 2.78658 0)
(0.0898961 2.65098 0)
(-3.1378 3.46941 3.12177e-18)
(-3.04478 3.59035 -1.64318e-18)
(-2.91797 3.70922 -8.99894e-19)
(-2.75196 3.81547 0)
(-2.57207 3.88984 -1.30117e-18)
(-2.38693 3.91955 0)
(-2.20549 3.89874 -6.42932e-19)
(-2.04427 3.82217 1.57299e-18)
(-1.91542 3.6896 0)
(-1.79658 3.39779 1.45496e-18)
(-1.67699 3.11484 -1.97172e-18)
(-1.27272 3.21336 2.41619e-19)
(-2.76816 3.50164 1.21756e-18)
(-2.66864 3.59156 -3.33574e-18)
(-2.55899 3.67305 9.26801e-19)
(-2.44489 3.73726 0)
(-2.32907 3.77615 1.05969e-18)
(-2.22167 3.7847 2.76717e-18)
(-2.13166 3.75976 -3.79558e-18)
(-2.06765 3.70083 1.86598e-18)
(-2.03804 3.6136 -8.76613e-19)
(-2.02966 3.45545 0)
(-2.02705 3.21215 0)
(-1.93082 3.39651 -1.54096e-19)
(-2.68553 3.32337 -2.46003e-18)
(-2.59155 3.39573 2.05458e-18)
(-2.49332 3.46278 2.41387e-18)
(-2.39513 3.5183 -1.3272e-18)
(-2.30278 3.55779 -2.53576e-18)
(-2.22324 3.5788 0)
(-2.1639 3.57902 1.44196e-19)
(-2.13219 3.56012 3.27199e-18)
(-2.13554 3.52503 -2.58748e-18)
(-2.19168 3.44865 8.04253e-19)
(-2.28547 3.26106 -5.98057e-20)
(-2.39073 3.55025 -5.63872e-19)
(-2.56746 3.18132 2.69376e-18)
(-2.4727 3.24651 -1.42382e-18)
(-2.38013 3.3072 2.6035e-18)
(-2.29316 3.3602 -1.41815e-18)
(-2.21623 3.40379 0)
(-2.15498 3.43731 0)
(-2.1186 3.45959 -1.21439e-18)
(-2.1112 3.47196 -3.06732e-18)
(-2.14422 3.4796 1.80219e-18)
(-2.23148 3.46893 9.91546e-19)
(-2.38379 3.34795 -1.0551e-18)
(-2.60766 3.7514 0)
(-2.46661 3.03946 -1.93065e-19)
(-2.37151 3.10049 -5.96475e-18)
(-2.28219 3.15909 0)
(-2.20122 3.21399 2.83983e-18)
(-2.1322 3.26491 -2.85989e-18)
(-2.0799 3.31224 0)
(-2.0504 3.35766 -1.13831e-19)
(-2.05016 3.40368 -1.27388e-19)
(-2.09036 3.45278 0)
(-2.18771 3.5082 -2.19343e-18)
(-2.38194 3.4609 1.04067e-18)
(-2.72491 3.92007 -5.86676e-19)
(-2.37222 2.9007 -3.49437e-18)
(-2.27407 2.95996 9.5748e-18)
(-2.18417 3.01851 0)
(-2.10417 3.07658 -3.11598e-18)
(-2.03669 3.13522 3.11215e-18)
(-1.98543 3.19626 3.12855e-18)
(-1.95525 3.26261 -3.49473e-18)
(-1.95201 3.33822 -1.67836e-18)
(-1.98607 3.42679 0)
(-2.07601 3.5358 -1.39872e-18)
(-2.26509 3.56907 1.42345e-18)
(-2.67959 4.06788 0)
(-2.28269 2.7622 7.308e-18)
(-2.17941 2.81998 -6.92362e-18)
(-2.08611 2.87837 7.1219e-18)
(-2.00347 2.93878 -6.88415e-18)
(-1.93297 3.00347 -4.79437e-21)
(-1.87715 3.07558 3.42048e-18)
(-1.83943 3.15945 3.26406e-18)
(-1.8246 3.26101 0)
(-1.84161 3.38609 -2.00908e-18)
(-1.91019 3.54774 4.5724e-18)
(-2.08432 3.66641 -1.39026e-18)
(-2.53497 4.17402 0)
(-2.19453 2.61919 4.06194e-18)
(-2.08476 2.67514 1.45046e-19)
(-1.98631 2.73239 -3.71255e-18)
(-1.89867 2.79334 0)
(-1.82205 2.86124 0)
(-1.75768 2.94035 0)
(-1.70722 3.03633 0)
(-1.67363 3.15729 -3.95942e-18)
(-1.66314 3.31183 1.88026e-18)
(-1.69378 3.51977 2.7148e-19)
(-1.8278 3.72262 0)
(-2.23904 4.22757 0)
(-2.09993 2.46369 -4.51036e-18)
(-1.98479 2.51807 -1.32889e-17)
(-1.88167 2.57371 0)
(-1.78888 2.63365 4.47792e-18)
(-1.70534 2.70186 8.49246e-18)
(-1.63069 2.78313 0)
(-1.56459 2.88453 0)
(-1.50733 3.0155 1.77367e-18)
(-1.461 3.18843 -6.43386e-18)
(-1.4405 3.43361 2.20058e-19)
(-1.49728 3.70182 0)
(-1.78936 4.2113 0)
(-1.98664 2.28653 -5.23037e-18)
(-1.87119 2.3413 -5.37558e-18)
(-1.7672 2.39619 9.76332e-18)
(-1.67202 2.45456 -1.38092e-17)
(-1.58349 2.52094 4.94604e-18)
(-1.49973 2.59968 9.21878e-18)
(-1.41821 2.69899 -2.35195e-18)
(-1.33606 2.82817 2.10876e-18)
(-1.24883 3.00305 4.30212e-18)
(-1.16584 3.26345 -4.78719e-18)
(-1.09307 3.56972 -1.85563e-18)
(-1.04349 4.07158 0)
(-1.84215 2.08413 -4.20877e-19)
(-1.73554 2.14224 9.395e-18)
(-1.63772 2.19813 -9.28137e-18)
(-1.54562 2.255 0)
(-1.45649 2.31762 -9.15393e-18)
(-1.36781 2.38962 -1.406e-17)
(-1.27507 2.47901 -1.93159e-19)
(-1.17284 2.59301 0)
(-1.04786 2.74952 0)
(-0.899774 2.97706 1.17928e-18)
(-0.667185 3.29322 1.68413e-20)
(0.0642723 3.664 2.41106e-18)
(0.162968 2.50535 5.75325e-19)
(0.244736 2.61855 2.28883e-18)
(0.439307 2.6652 1.15498e-19)
(0.647984 2.64473 0)
(0.856635 2.58078 5.5603e-18)
(1.04823 2.47932 -5.19684e-18)
(1.21854 2.35679 -1.5263e-17)
(1.36863 2.22629 -1.00482e-17)
(1.49948 2.09645 -1.99694e-20)
(1.61407 1.97354 -4.74773e-18)
(1.71189 1.86112 9.46572e-18)
(1.79768 1.75854 -9.06294e-18)
(0.18631 2.06482 0)
(0.307283 2.05503 0)
(0.434096 2.0578 -2.24098e-18)
(0.565474 2.04449 4.51296e-18)
(0.709788 2.01668 -1.1121e-17)
(0.858059 1.96866 -6.64293e-18)
(1.00339 1.90445 8.63366e-18)
(1.14249 1.83083 2.15434e-17)
(1.27224 1.75368 -4.29615e-18)
(1.39256 1.67865 0)
(1.49815 1.60854 2.00534e-19)
(1.59336 1.54231 0)
(0.146927 1.7825 -4.4943e-19)
(0.247892 1.74328 4.60818e-19)
(0.360938 1.71094 3.74338e-18)
(0.475124 1.67561 2.06009e-20)
(0.597209 1.64045 3.77938e-18)
(0.724946 1.60115 -3.09979e-20)
(0.854965 1.55798 0)
(0.985254 1.51332 -3.79989e-18)
(1.11266 1.46906 -3.86703e-18)
(1.2355 1.42832 1.17621e-17)
(1.34356 1.391 -1.17626e-17)
(1.44052 1.35503 8.08634e-18)
(0.105182 1.53055 -8.08185e-19)
(0.199308 1.49402 1.64039e-18)
(0.301063 1.46059 1.50098e-20)
(0.404654 1.4294 -3.35593e-18)
(0.516487 1.40235 -6.81993e-18)
(0.637439 1.37723 -2.14789e-20)
(0.766217 1.35315 -6.98659e-18)
(0.9007 1.32943 3.53601e-18)
(1.03643 1.30403 -3.58546e-18)
(1.16756 1.27784 -7.28079e-18)
(1.27845 1.24805 0)
(1.3663 1.21329 7.70111e-18)
(1.86946 1.66688 8.97621e-18)
(1.93194 1.57863 9.21596e-18)
(1.98851 1.49441 0)
(2.04201 1.41114 0)
(2.09705 1.32639 4.45001e-18)
(2.15691 1.23775 -4.38907e-18)
(2.22945 1.14012 2.10646e-18)
(2.31721 1.02712 6.54725e-18)
(2.43724 0.882557 0)
(2.5743 0.692987 0)
(2.79275 0.391914 6.10852e-19)
(2.6491 -0.286459 -1.57194e-18)
(1.66923 1.48199 -8.67063e-18)
(1.7311 1.41553 2.52273e-19)
(1.78207 1.34778 0)
(1.82488 1.27553 -4.2109e-18)
(1.86477 1.19782 -1.38362e-20)
(1.90509 1.11256 4.11689e-18)
(1.95526 1.01567 0)
(2.01414 0.900189 -4.11203e-18)
(2.10211 0.755675 0)
(2.18337 0.562713 -4.06034e-18)
(2.32781 0.32543 -1.96175e-18)
(2.24074 -0.133661 -1.52204e-26)
(1.50577 1.32023 -2.23828e-19)
(1.55108 1.26787 -7.91025e-18)
(1.58097 1.2113 0)
(1.59932 1.14654 7.98077e-18)
(1.61368 1.07517 3.88579e-18)
(1.62851 0.994599 8.43729e-21)
(1.65513 0.902094 -9.46038e-18)
(1.69071 0.788929 1.12042e-17)
(1.75769 0.651382 -1.83562e-18)
(1.81449 0.465994 8.23923e-18)
(1.91936 0.277645 2.59236e-18)
(1.89193 -0.0370535 -4.48073e-19)
(1.38689 1.17238 2.38006e-17)
(1.38249 1.11458 0)
(1.36798 1.05813 0)
(1.34682 0.997544 -7.20539e-18)
(1.32981 0.935944 -7.20087e-18)
(1.32207 0.868059 7.05307e-18)
(1.33454 0.790622 1.37135e-17)
(1.36411 0.691458 -6.72353e-18)
(1.42723 0.569712 3.32653e-18)
(1.48603 0.401363 -3.30789e-18)
(1.5725 0.233487 -1.60419e-18)
(1.58915 0.00511311 -3.97451e-19)
(2.50521 -0.162797 -1.15056e-18)
(2.61839 -0.244665 0)
(2.66499 -0.439206 1.15491e-19)
(2.64459 -0.647813 0)
(2.58074 -0.856417 0)
(2.47939 -1.04801 5.19699e-18)
(2.35696 -1.21833 0)
(2.22653 -1.36847 9.7426e-18)
(2.09673 -1.49937 9.50399e-18)
(1.97383 -1.614 9.59763e-18)
(1.8614 -1.71186 -4.66982e-18)
(1.75878 -1.79769 -4.7526e-18)
(2.06482 -0.186162 -5.43174e-19)
(2.055 -0.307204 -5.5216e-19)
(2.05773 -0.433999 -1.11519e-18)
(2.04443 -0.565336 0)
(2.01666 -0.709617 -2.22318e-18)
(1.96869 -0.857873 1.10637e-17)
(1.90454 -1.00321 0)
(1.83097 -1.14233 4.31184e-18)
(1.75385 -1.2721 -4.2965e-18)
(1.67884 -1.39244 -8.44127e-18)
(1.60871 -1.49805 -8.62947e-18)
(1.54247 -1.59328 8.43071e-18)
(1.78253 -0.146799 -9.01534e-19)
(1.74335 -0.247823 1.37799e-18)
(1.71098 -0.360843 -2.79899e-18)
(1.67566 -0.474999 1.89178e-18)
(1.64052 -0.597064 0)
(1.60124 -0.72479 -1.52079e-17)
(1.55809 -0.854814 0)
(1.51346 -0.98511 7.68977e-18)
(1.46921 -1.11253 -3.88482e-18)
(1.42846 -1.23536 7.86361e-18)
(1.39113 -1.34342 3.88061e-18)
(1.35513 -1.44038 -8.08685e-18)
(1.53059 -0.105092 1.2102e-18)
(1.49412 -0.199275 1.64031e-18)
(1.46068 -0.300977 0)
(1.42951 -0.404543 0)
(1.40247 -0.51636 0)
(1.37737 -0.637308 1.37825e-17)
(1.35331 -0.76609 6.98689e-18)
(1.32959 -0.900573 -1.06006e-17)
(1.30419 -1.0363 1.07734e-17)
(1.27799 -1.16741 -7.28118e-18)
(1.24817 -1.27828 0)
(1.21338 -1.36612 7.48395e-18)
(1.66709 -1.86949 -9.29689e-18)
(1.57878 -1.93201 -9.21804e-18)
(1.4945 -1.98861 8.82364e-18)
(1.41118 -2.04215 -9.07018e-18)
(1.32637 -2.09723 0)
(1.23766 -2.15715 -8.93482e-18)
(1.13996 -2.22972 1.11333e-17)
(1.02691 -2.31751 -2.19676e-18)
(0.882288 -2.43754 4.38132e-18)
(0.692687 -2.57458 -1.1351e-18)
(0.391666 -2.79301 1.16453e-18)
(-0.286519 -2.64942 -8.17669e-19)
(1.48211 -1.66917 8.42468e-18)
(1.4156 -1.73107 8.39267e-18)
(1.34782 -1.7821 0)
(1.27552 -1.82497 4.06857e-18)
(1.19777 -1.86492 8.34532e-18)
(1.11245 -1.90531 4.01658e-18)
(1.01551 -1.95555 -1.6343e-17)
(0.899976 -2.01447 -4.11253e-18)
(0.755422 -2.10245 -4.08009e-18)
(0.562434 -2.18368 -1.01865e-18)
(0.325187 -2.32809 9.77759e-19)
(-0.133798 -2.24105 5.20939e-19)
(1.32031 -1.50564 0)
(1.26789 -1.551 -1.21484e-17)
(1.21129 -1.58096 3.97869e-18)
(1.14649 -1.5994 4.0423e-18)
(1.07508 -1.61385 7.76735e-18)
(0.994471 -1.62878 -3.82225e-18)
(0.901925 -1.65547 9.3563e-18)
(0.78872 -1.6911 9.33095e-18)
(0.651146 -1.75809 1.84277e-18)
(0.465754 -1.81487 -1.82267e-18)
(0.277419 -1.91969 -4.34272e-19)
(-0.037205 -1.89224 -5.30085e-21)
(1.17247 -1.38672 0)
(1.11461 -1.38238 -1.40474e-19)
(1.05814 -1.368 0)
(0.997521 -1.34698 -1.4552e-17)
(0.935883 -1.3301 3.57203e-18)
(0.867952 -1.32246 -1.05613e-17)
(0.790466 -1.33501 0)
(0.691262 -1.36461 -6.72247e-18)
(0.569491 -1.42771 3.31804e-18)
(0.401146 -1.48647 -3.29519e-18)
(0.233288 -1.57286 -1.19371e-18)
(0.00496906 -1.58946 -4.00157e-19)
(-0.162868 -2.50564 -1.15058e-18)
(-0.244811 -2.61891 1.1233e-19)
(-0.439461 -2.66541 0)
(-0.648105 -2.64484 -2.6583e-18)
(-0.856687 -2.58087 5.5135e-18)
(-1.04822 -2.47943 -8.07665e-18)
(-1.21849 -2.35695 -1.91792e-19)
(-1.36857 -2.2265 9.91935e-18)
(-1.49942 -2.0967 -4.84714e-18)
(-1.61402 -1.97382 0)
(-1.71186 -1.86141 -1.86318e-17)
(-1.79768 -1.75882 3.06742e-19)
(-0.186251 -2.06521 1.09136e-18)
(-0.307348 -2.05545 -5.43036e-19)
(-0.434205 -2.05816 4.52214e-18)
(-0.565574 -2.04481 -8.97236e-18)
(-0.70986 -2.01699 4.47572e-18)
(-0.858102 -1.96897 -1.15174e-19)
(-1.00342 -1.90478 0)
(-1.14251 -1.83119 1.29924e-17)
(-1.27226 -1.75406 -4.2953e-18)
(-1.39259 -1.67905 0)
(-1.4982 -1.60892 8.42615e-18)
(-1.59343 -1.54267 -8.42775e-18)
(-0.14692 -1.78287 -4.4882e-19)
(-0.24798 -1.74372 1.62502e-20)
(-0.361042 -1.71136 -3.71877e-18)
(-0.475227 -1.67603 3.75555e-18)
(-0.597304 -1.64088 -3.77868e-18)
(-0.725029 -1.6016 1.14056e-17)
(-0.855046 -1.55845 1.14767e-17)
(-0.985333 -1.51382 -3.79919e-18)
(-1.11275 -1.46957 3.88667e-18)
(-1.23559 -1.42882 0)
(-1.34367 -1.39147 -7.96855e-18)
(-1.44063 -1.35545 0)
(-0.105218 -1.53089 -1.61601e-18)
(-0.19943 -1.49444 -3.27014e-18)
(-0.30118 -1.46102 3.32721e-18)
(-0.404779 -1.42986 -1.67376e-18)
(-0.516611 -1.40283 3.39926e-18)
(-0.637561 -1.37773 -1.20364e-17)
(-0.766338 -1.35368 -6.95221e-18)
(-0.900809 -1.32996 7.06857e-18)
(-1.03652 -1.30457 -1.07426e-17)
(-1.16763 -1.27835 0)
(-1.27852 -1.24852 7.40069e-18)
(-1.36632 -1.2137 -1.51813e-17)
(-1.86949 -1.66714 1.38682e-17)
(-1.93203 -1.57885 -4.53227e-18)
(-1.98865 -1.49458 0)
(-2.04221 -1.41126 -8.75172e-18)
(-2.09731 -1.32646 0)
(-2.15724 -1.23775 0)
(-2.22983 -1.14006 -4.32128e-18)
(-2.31763 -1.027 0)
(-2.43767 -0.882373 0)
(-2.57474 -0.692779 -3.36314e-20)
(-2.79312 -0.391713 2.35171e-18)
(-2.6495 0.286574 1.63512e-18)
(-1.66933 -1.4823 -8.42158e-18)
(-1.73125 -1.41578 0)
(-1.78228 -1.34798 0)
(-1.82516 -1.27567 -4.20979e-18)
(-1.86511 -1.19791 4.16402e-18)
(-1.9055 -1.11258 0)
(-1.95574 -1.01563 -6.20198e-18)
(-2.01468 -0.900088 -2.03009e-18)
(-2.10266 -0.755519 0)
(-2.18394 -0.562542 -1.02501e-18)
(-2.32832 -0.325253 -2.45296e-18)
(-2.24124 0.133794 -5.20024e-19)
(-1.5059 -1.32059 8.15514e-18)
(-1.55126 -1.26813 -4.012e-18)
(-1.58122 -1.21151 -8.08233e-18)
(-1.59966 -1.14668 3.93462e-18)
(-1.61411 -1.07526 -7.8566e-18)
(-1.62903 -0.99463 0)
(-1.65572 -0.902065 1.50501e-17)
(-1.69137 -0.788846 0)
(-1.75837 -0.65125 1.85509e-18)
(-1.81517 -0.465858 9.22691e-19)
(-1.91999 -0.277501 1.2982e-18)
(-1.89251 0.0371726 -1.15985e-21)
(-1.38694 -1.17277 -7.82715e-18)
(-1.38263 -1.11485 0)
(-1.36826 -1.05837 7.3235e-18)
(-1.34724 -0.997729 -1.09925e-17)
(-1.33036 -0.93607 1.78476e-17)
(-1.32273 -0.868121 -7.05108e-18)
(-1.33528 -0.790613 -1.37099e-17)
(-1.36489 -0.69139 0)
(-1.428 -0.569593 0)
(-1.48676 -0.401237 0)
(-1.57317 -0.23337 -1.59346e-18)
(-1.58974 -0.00501697 -1.20467e-18)
(-2.50566 0.162942 -5.50176e-20)
(-2.61885 0.24484 5.94669e-19)
(-2.66541 0.439418 0)
(-2.64495 0.648065 5.57552e-18)
(-2.58101 0.856677 -2.6418e-18)
(-2.47958 1.04825 -7.85658e-18)
(-2.35707 1.21854 -5.09637e-18)
(-2.22658 1.36864 4.97463e-18)
(-2.09674 1.49948 9.50268e-18)
(-1.97382 1.61405 9.59643e-18)
(-1.86138 1.71186 -9.46634e-18)
(-1.75876 1.79764 -9.06378e-18)
(-2.06533 0.186309 -1.67427e-26)
(-2.05551 0.307359 2.23344e-18)
(-2.05822 0.434174 4.52193e-18)
(-2.04489 0.565546 0)
(-2.01707 0.709851 4.4758e-18)
(-1.96905 0.858113 0)
(-1.90484 1.00345 4.34744e-18)
(-1.83122 1.14254 -1.7842e-20)
(-1.75406 1.27228 -1.29307e-17)
(-1.67901 1.39257 -8.44017e-18)
(-1.60885 1.49814 8.42785e-18)
(-1.54258 1.59333 8.65457e-18)
(-1.78308 0.14693 4.5207e-19)
(-1.74387 0.247975 -4.58512e-18)
(-1.71148 0.361017 -6.52579e-18)
(-1.67614 0.475205 -1.88137e-18)
(-1.64097 0.597298 -1.13597e-17)
(-1.60167 0.72504 5.72851e-18)
(-1.5585 0.855069 1.56331e-20)
(-1.51384 0.985359 3.84589e-18)
(-1.46956 1.11275 -7.42589e-20)
(-1.42878 1.23554 0)
(-1.3914 1.34356 0)
(-1.35535 1.44047 1.90666e-19)
(-1.53112 0.105197 4.06024e-19)
(-1.49461 0.199402 1.63012e-18)
(-1.46115 0.301132 3.31221e-18)
(-1.42996 0.404735 -3.36913e-18)
(-1.40291 0.516587 1.36149e-17)
(-1.3778 0.63756 -6.87969e-18)
(-1.35372 0.766351 0)
(-1.32998 0.900819 7.08248e-18)
(-1.30455 1.0365 7.15886e-18)
(-1.2783 1.16754 0)
(-1.24843 1.27836 0)
(-1.21359 1.36612 -2.26668e-17)
(-1.66706 1.86941 8.97722e-18)
(-1.57877 1.9319 -9.21714e-18)
(-1.49452 1.98848 -1.36458e-17)
(-1.41122 2.042 -1.26227e-20)
(-1.32643 2.09706 8.99048e-18)
(-1.23775 2.15696 2.1969e-17)
(-1.14007 2.22952 4.32332e-18)
(-1.02703 2.31729 -4.47552e-18)
(-0.882421 2.43731 0)
(-0.69281 2.57434 -3.36492e-20)
(-0.391749 2.79276 0)
(0.286602 2.64913 -8.1771e-19)
(-1.48221 1.66918 0)
(-1.41569 1.73105 -2.52238e-19)
(-1.3479 1.78204 8.34366e-18)
(-1.27562 1.82488 -1.27358e-17)
(-1.19787 1.8648 -1.24938e-17)
(-1.11256 1.90516 -8.13346e-18)
(-1.01563 1.95536 1.03202e-17)
(-0.900113 2.01425 6.11995e-18)
(-0.755567 2.10221 -4.08012e-18)
(-0.562567 2.18341 2.01678e-18)
(-0.325291 2.32779 0)
(0.133849 2.24075 0)
(-1.32048 1.5057 -8.15669e-18)
(-1.26805 1.55102 3.89693e-18)
(-1.21143 1.58094 -4.10068e-18)
(-1.14662 1.59932 3.83121e-18)
(-1.07521 1.61373 1.15503e-17)
(-0.994604 1.6286 0)
(-0.902064 1.65524 1.21444e-19)
(-0.788868 1.69083 -3.70494e-18)
(-0.651301 1.75779 -1.27336e-20)
(-0.465893 1.81455 -3.65524e-18)
(-0.27753 1.91934 4.34325e-19)
(0.037237 1.89198 -4.4927e-19)
(-1.17263 1.3867 -8.12913e-18)
(-1.11474 1.38234 0)
(-1.05825 1.3679 7.32484e-18)
(-0.997627 1.34681 -1.09946e-17)
(-0.935987 1.32986 3.58139e-18)
(-0.868061 1.32216 0)
(-0.79059 1.33465 8.66206e-20)
(-0.691405 1.36421 6.77645e-18)
(-0.569653 1.42729 3.31863e-18)
(-0.40131 1.48604 1.21824e-20)
(-0.233407 1.57246 0)
(-0.00492668 1.58926 8.01254e-19)
(0.0822028 1.28791 1.16613e-18)
(0.171698 1.27686 1.41766e-20)
(0.274001 1.27097 -5.04027e-18)
(0.384527 1.27321 0)
(0.509134 1.28123 8.14121e-18)
(0.646366 1.29067 1.97219e-17)
(0.791157 1.29673 2.84273e-17)
(0.935484 1.29366 0)
(1.06755 1.27518 0)
(1.1717 1.24091 -5.54076e-18)
(1.22761 1.19226 5.67953e-18)
(1.22451 1.13143 -2.27921e-17)
(0.0706513 1.09424 -5.85887e-19)
(0.161731 1.10471 1.83823e-18)
(0.265366 1.1214 -6.35069e-18)
(0.381041 1.14737 0)
(0.511721 1.17799 1.10383e-17)
(0.653859 1.207 -1.13948e-17)
(0.79837 1.2269 -5.74464e-18)
(0.93269 1.22929 -4.65743e-21)
(1.04265 1.20803 -5.64511e-18)
(1.10774 1.16215 0)
(1.11207 1.09763 0)
(1.05773 1.02976 2.40152e-17)
(0.0733883 0.938011 0)
(0.166416 0.9621 -2.42064e-18)
(0.272806 0.992094 5.02501e-18)
(0.392321 1.02971 2.62254e-18)
(0.524717 1.06936 -1.65237e-17)
(0.663378 1.10425 8.6876e-18)
(0.795094 1.12607 -1.7868e-17)
(0.904918 1.12485 5.92162e-18)
(0.976053 1.09793 5.74105e-21)
(0.996447 1.04748 2.77377e-20)
(0.954405 0.983641 -3.34672e-17)
(0.872009 0.929806 -2.80165e-17)
(0.0832814 0.808046 0)
(0.177491 0.838031 4.81842e-18)
(0.285003 0.872189 0)
(0.404394 0.91082 1.0427e-17)
(0.532372 0.948585 0)
(0.659092 0.979381 5.87597e-18)
(0.768372 0.994357 2.39339e-17)
(0.841339 0.985389 -6.55597e-18)
(0.87315 0.951387 0)
(0.844389 0.89339 0)
(0.756232 0.814609 -8.59501e-18)
(0.656683 0.776532 8.73598e-18)
(1.13824 1.05752 -2.29394e-17)
(1.08136 0.965455 -5.73579e-18)
(1.03862 0.912249 2.86201e-17)
(1.00489 0.857113 -1.67362e-17)
(0.9935 0.806717 2.15515e-17)
(1.00561 0.750282 -2.08715e-17)
(1.04524 0.680976 -2.51523e-17)
(1.10728 0.586912 0)
(1.18812 0.46623 -4.68236e-18)
(1.25964 0.311339 0)
(1.32138 0.159439 0)
(1.32558 -0.0020224 -1.12796e-18)
(0.915515 0.947845 0)
(0.85024 0.826901 0)
(0.809516 0.778264 -2.19967e-17)
(0.78011 0.731806 5.34538e-18)
(0.777687 0.691281 5.19084e-18)
(0.800423 0.645631 -4.18505e-20)
(0.848755 0.587176 1.21155e-17)
(0.915701 0.506352 7.09619e-18)
(0.99197 0.401335 0)
(1.05611 0.270219 0)
(1.10054 0.141274 -5.60799e-19)
(1.10702 0.0113823 2.83596e-18)
(0.683767 0.87464 0)
(0.639848 0.722205 -5.7487e-18)
(0.61904 0.679543 -1.63934e-17)
(0.604187 0.642341 2.10811e-17)
(0.613623 0.607044 2.0425e-17)
(0.644989 0.564973 4.92532e-18)
(0.696998 0.509557 -7.20162e-18)
(0.762085 0.434252 -6.96913e-18)
(0.830113 0.33896 9.13862e-18)
(0.884903 0.225665 0)
(0.920648 0.115243 5.61809e-19)
(0.932651 0.00770877 1.71047e-18)
(0.450877 0.799444 -3.7289e-17)
(0.450064 0.617034 -2.5122e-17)
(0.460874 0.587089 2.22468e-17)
(0.465098 0.564401 -2.63348e-17)
(0.485595 0.535735 5.12968e-18)
(0.522798 0.497026 0)
(0.5752 0.44427 -2.41536e-18)
(0.635829 0.37392 2.15721e-21)
(0.695646 0.287416 -6.82221e-18)
(0.742958 0.188336 0)
(0.774728 0.0917031 -3.94566e-18)
(0.791943 -0.00239321 -5.12436e-18)
(1.28801 -0.0822029 -2.33764e-18)
(1.27693 -0.171668 -2.42371e-18)
(1.27108 -0.273904 0)
(1.27336 -0.384411 0)
(1.28141 -0.509012 8.22088e-18)
(1.29087 -0.646246 -8.39502e-18)
(1.29693 -0.791036 8.36482e-20)
(1.29385 -0.93535 1.69956e-17)
(1.27534 -1.06738 -5.46113e-18)
(1.24104 -1.1715 5.542e-18)
(1.19237 -1.2274 -2.85183e-17)
(1.13152 -1.22432 0)
(1.09433 -0.0706982 1.7571e-18)
(1.10476 -0.161728 1.83214e-18)
(1.12152 -0.265297 -5.08119e-18)
(1.14754 -0.380948 -2.63289e-18)
(1.1782 -0.511617 -8.20426e-18)
(1.20724 -0.653748 0)
(1.22713 -0.798242 -1.73099e-17)
(1.2295 -0.932531 -5.8246e-18)
(1.2082 -1.04246 -1.12591e-17)
(1.16229 -1.10753 0)
(1.09777 -1.11188 2.36707e-17)
(1.02991 -1.05762 0)
(0.93811 -0.0734945 1.17421e-18)
(0.962156 -0.16644 -4.85097e-18)
(0.992225 -0.272765 5.02624e-18)
(1.02989 -0.392246 2.62328e-18)
(1.0696 -0.524626 -5.52001e-18)
(1.10451 -0.663267 2.90659e-18)
(1.12632 -0.794951 0)
(1.12507 -0.904733 5.89744e-18)
(1.09811 -0.975859 6.31874e-18)
(1.04765 -0.99625 6.41136e-18)
(0.983808 -0.954285 -3.34626e-17)
(0.929996 -0.87201 0)
(0.808164 -0.0834195 -2.33409e-18)
(0.838091 -0.177534 7.22267e-18)
(0.872314 -0.284982 0)
(0.910995 -0.404334 -1.04305e-17)
(0.948809 -0.532287 0)
(0.979627 -0.658971 -5.87806e-18)
(0.994594 -0.768201 -6.00428e-18)
(0.985605 -0.841137 3.27178e-17)
(0.951571 -0.872943 6.18281e-22)
(0.893546 -0.844219 -7.47219e-18)
(0.814779 -0.756185 3.45799e-17)
(0.77674 -0.656757 -3.47555e-17)
(1.05761 -1.13816 0)
(0.965531 -1.08146 -1.14985e-17)
(0.912317 -1.03893 0)
(0.857157 -1.00534 5.51081e-18)
(0.806713 -0.994048 5.40789e-18)
(0.750223 -1.0062 2.60498e-17)
(0.68086 -1.04583 7.56514e-18)
(0.58676 -1.10782 -2.43259e-18)
(0.466062 -1.18858 4.71684e-18)
(0.311189 -1.26002 -2.22507e-20)
(0.159319 -1.32168 2.22421e-18)
(-0.00213032 -1.32585 0)
(0.947986 -0.915566 6.04217e-18)
(0.827025 -0.850521 -1.13578e-17)
(0.778389 -0.809982 5.483e-18)
(0.731912 -0.780694 0)
(0.69134 -0.778324 1.03846e-17)
(0.645628 -0.801059 -1.00135e-17)
(0.587111 -0.849343 -1.94125e-17)
(0.506243 -0.916209 0)
(0.401205 -0.992384 -4.56951e-18)
(0.270099 -1.05643 -3.04288e-20)
(0.141164 -1.10081 -5.60402e-19)
(0.011282 -1.10727 5.67972e-19)
(0.874789 -0.683947 0)
(0.722333 -0.640257 -7.25937e-20)
(0.679667 -0.619598 -2.18084e-17)
(0.642455 -0.604816 2.10567e-17)
(0.607123 -0.614264 -1.01719e-17)
(0.565 -0.645596 -4.93416e-18)
(0.509533 -0.697536 1.19509e-17)
(0.434187 -0.762535 9.33442e-18)
(0.338875 -0.830469 2.28005e-18)
(0.225579 -0.885185 4.49673e-18)
(0.115163 -0.920882 0)
(0.0076219 -0.932871 1.1393e-18)
(0.799586 -0.451167 -3.72595e-17)
(0.617133 -0.450529 1.86654e-17)
(0.58719 -0.461454 5.00607e-17)
(0.564499 -0.465705 -2.62995e-17)
(0.535815 -0.486183 -1.52445e-17)
(0.497069 -0.523333 -1.47723e-17)
(0.444271 -0.575659 -4.77474e-18)
(0.373888 -0.636202 -9.28204e-18)
(0.287363 -0.695937 0)
(0.18828 -0.743181 1.12563e-18)
(0.0916432 -0.774912 -1.12627e-18)
(-0.00245826 -0.792112 -2.2752e-18)
(-0.0823262 -1.28831 2.33069e-18)
(-0.171838 -1.27725 2.42224e-18)
(-0.274109 -1.2714 -5.03729e-18)
(-0.384631 -1.27366 0)
(-0.509219 -1.28169 2.71279e-18)
(-0.646426 -1.29113 8.47303e-18)
(-0.79118 -1.29717 0)
(-0.935462 -1.29408 1.13873e-17)
(-1.06748 -1.27558 0)
(-1.1716 -1.24129 2.76279e-17)
(-1.22751 -1.19259 -1.14175e-17)
(-1.22445 -1.13173 2.8454e-17)
(-0.070821 -1.0946 -5.85447e-19)
(-0.161884 -1.10504 3.05131e-18)
(-0.265477 -1.12177 -5.0773e-18)
(-0.381125 -1.14775 -7.95008e-18)
(-0.511764 -1.17836 -1.53757e-20)
(-0.653853 -1.20736 -1.4256e-17)
(-0.798301 -1.22722 -1.7382e-17)
(-0.932551 -1.22959 -1.73731e-17)
(-1.04245 -1.2083 -2.26263e-17)
(-1.10754 -1.1624 -2.30408e-17)
(-1.11191 -1.09789 0)
(-1.05769 -1.03002 0)
(-0.0736001 -0.938333 2.34648e-18)
(-0.166568 -0.962364 -3.62833e-18)
(-0.272897 -0.992392 6.28322e-18)
(-0.39236 -1.03 -4.71893e-20)
(-0.524695 -1.06964 1.10517e-17)
(-0.663286 -1.1045 5.82627e-18)
(-0.794924 -1.12628 1.78092e-17)
(-0.904675 -1.12504 4.14478e-17)
(-0.975784 -1.09811 1.88938e-17)
(-0.996198 -1.04769 -2.55657e-17)
(-0.954265 -0.983856 0)
(-0.872039 -0.930018 0)
(-0.0834989 -0.808321 -4.66402e-18)
(-0.177623 -0.838221 1.19989e-18)
(-0.285059 -0.87239 -1.24761e-18)
(-0.404379 -0.910999 1.29843e-17)
(-0.532278 -0.948741 -1.37364e-17)
(-0.658915 -0.979504 -5.80071e-18)
(-0.76811 -0.994451 2.64789e-20)
(-0.841027 -0.985479 6.57423e-18)
(-0.872827 -0.951499 -2.72706e-17)
(-0.844139 -0.89354 2.99013e-17)
(-0.756144 -0.814792 -3.44967e-17)
(-0.656812 -0.776702 0)
(-1.13838 -1.05782 -2.30241e-17)
(-1.08171 -0.965752 -5.73213e-18)
(-1.03917 -0.912515 5.71167e-18)
(-1.00557 -0.857334 -5.6448e-18)
(-0.994269 -0.806873 -5.32731e-18)
(-1.00642 -0.750365 -8.85001e-20)
(-1.04605 -0.680986 1.25133e-17)
(-1.10805 -0.586869 -2.43247e-18)
(-1.18883 -0.466156 0)
(-1.26026 -0.311274 0)
(-1.32192 -0.159396 2.22415e-18)
(-1.32606 0.00207033 2.25388e-18)
(-0.915733 -0.948114 4.83078e-17)
(-0.850693 -0.827183 0)
(-0.810131 -0.778535 0)
(-0.780822 -0.73204 1.06863e-17)
(-0.778447 -0.691453 -5.20468e-18)
(-0.801188 -0.645729 4.99284e-18)
(-0.849486 -0.587203 0)
(-0.916371 -0.506325 -7.09492e-18)
(-0.992558 -0.401279 -2.29775e-18)
(-1.05661 -0.270165 4.53094e-18)
(-1.10098 -0.141236 -2.80792e-18)
(-1.10741 -0.0113466 -5.65137e-19)
(-0.684069 -0.874833 -2.74862e-17)
(-0.640346 -0.722412 1.72365e-17)
(-0.619653 -0.679756 5.43486e-18)
(-0.604853 -0.642532 5.26014e-18)
(-0.614303 -0.607188 5.08117e-18)
(-0.645649 -0.565058 0)
(-0.69761 -0.509585 2.39393e-18)
(-0.762629 -0.434238 4.63623e-18)
(-0.83058 -0.338925 2.28082e-18)
(-0.885298 -0.225633 -4.49822e-18)
(-0.92099 -0.115222 2.24296e-18)
(-0.93296 -0.00768676 -1.13969e-18)
(-0.451253 -0.799576 3.72611e-17)
(-0.450555 -0.617153 -2.49243e-17)
(-0.461437 -0.587234 -5.5679e-18)
(-0.465676 -0.564536 -3.14225e-21)
(-0.486163 -0.53584 -1.52548e-17)
(-0.523331 -0.497088 -4.91788e-18)
(-0.575681 -0.44429 1.43408e-17)
(-0.636244 -0.37391 0)
(-0.695993 -0.287393 9.12325e-18)
(-0.743244 -0.188317 0)
(-0.774973 -0.0916941 -4.50605e-18)
(-0.79216 0.00240276 2.27621e-18)
(-1.28847 0.0822761 1.17666e-18)
(-1.27736 0.171774 0)
(-1.27148 0.274043 5.0689e-18)
(-1.27373 0.384582 5.23205e-18)
(-1.28176 0.509201 -1.0852e-17)
(-1.29119 0.646429 5.68469e-18)
(-1.2972 0.791181 1.14241e-17)
(-1.29406 0.935425 4.34502e-20)
(-1.2755 1.06737 5.57489e-18)
(-1.24116 1.17139 -1.65559e-17)
(-1.19242 1.22723 -5.67744e-18)
(-1.13154 1.22411 2.27895e-17)
(-1.0947 0.0707554 -1.75571e-18)
(-1.10511 0.161812 -6.10441e-19)
(-1.12184 0.265406 -5.05096e-18)
(-1.14782 0.381073 0)
(-1.17843 0.511739 -1.37797e-17)
(-1.20741 0.653836 -8.52434e-18)
(-1.22723 0.79826 8.21318e-20)
(-1.22953 0.932446 5.80333e-18)
(-1.20817 1.04225 -1.69102e-17)
(-1.1622 1.10724 2.30465e-17)
(-1.09765 1.11152 0)
(-1.02977 1.05725 2.40144e-17)
(-0.938392 0.0735336 -2.93224e-18)
(-0.962409 0.166499 6.07407e-19)
(-0.992441 0.272837 0)
(-1.03006 0.392315 -1.05353e-17)
(-1.0697 0.524668 1.37556e-17)
(-1.10455 0.663247 1.44861e-17)
(-1.12628 0.794836 -1.78153e-17)
(-1.12496 0.904502 -2.37232e-17)
(-1.09796 0.975515 -2.5276e-17)
(-1.04746 0.995812 3.19878e-17)
(-0.98357 0.953799 -6.67594e-18)
(-0.929725 0.871508 -5.59959e-17)
(-0.808355 0.0834396 4.08382e-18)
(-0.83825 0.177564 6.02543e-19)
(-0.87243 0.285009 0)
(-0.911055 0.404339 1.29904e-17)
(-0.948803 0.532245 -1.49721e-20)
(-0.97955 0.658847 -2.90209e-18)
(-0.994449 0.76797 0)
(-0.985413 0.840799 6.51647e-18)
(-0.951346 0.872495 2.04541e-17)
(-0.89331 0.843686 -3.9786e-20)
(-0.814508 0.755631 3.45136e-17)
(-0.776399 0.656198 6.98615e-17)
(-1.05762 1.13797 2.29364e-17)
(-0.965556 1.0812 5.73483e-18)
(-0.912324 1.03857 -5.71484e-18)
(-0.857161 1.0049 1.10847e-17)
(-0.806727 0.993541 0)
(-0.750259 1.00566 1.5683e-17)
(-0.680927 1.04527 -2.2639e-17)
(-0.586856 1.10729 -1.21114e-17)
(-0.466174 1.18811 0)
(-0.311276 1.25962 4.58082e-18)
(-0.159296 1.32142 0)
(0.00215994 1.32568 -1.12736e-18)
(-0.947856 0.915223 0)
(-0.826956 0.850073 0)
(-0.778312 0.809428 0)
(-0.731834 0.780065 -5.3481e-18)
(-0.691275 0.777656 4.92043e-21)
(-0.645592 0.800384 -4.99595e-18)
(-0.587113 0.848697 9.68759e-18)
(-0.506281 0.915626 -9.45701e-18)
(-0.401264 0.9919 0)
(-0.27014 1.05607 3.40498e-18)
(-0.141145 1.10058 1.68434e-18)
(-0.0112612 1.10713 -5.68541e-19)
(-0.874551 0.68351 0)
(-0.722205 0.639681 1.72467e-17)
(-0.679554 0.618923 -1.45912e-20)
(-0.642343 0.604092 -3.17653e-21)
(-0.607021 0.613526 5.0983e-18)
(-0.564921 0.644878 4.95849e-18)
(-0.509484 0.696869 7.19068e-18)
(-0.434166 0.761948 4.63969e-18)
(-0.338864 0.829994 2.28276e-18)
(-0.225548 0.884829 -4.50231e-18)
(-0.115094 0.920639 -2.25302e-18)
(-0.00762649 0.932717 0)
(-0.799265 0.450669 9.20021e-18)
(-0.617002 0.449911 -6.08519e-18)
(-0.587079 0.460738 0)
(-0.56439 0.464967 0)
(-0.535707 0.485454 -5.07905e-18)
(-0.496973 0.52264 1.39695e-20)
(-0.444192 0.575027 -1.43496e-17)
(-0.373822 0.635653 0)
(-0.287297 0.695493 -9.13087e-18)
(-0.188189 0.742842 0)
(-0.0915328 0.774661 -2.26006e-18)
(0.00245414 0.791935 0)
(0.0955179 0.695979 -1.16099e-18)
(0.18944 0.725152 -4.76752e-18)
(0.295373 0.755803 0)
(0.410192 0.786964 -1.026e-17)
(0.528005 0.814474 -2.72022e-18)
(0.636324 0.833099 -1.4075e-17)
(0.712188 0.833288 5.52944e-18)
(0.744103 0.816403 0)
(0.722398 0.772531 0)
(0.620887 0.70168 9.33112e-18)
(0.416025 0.574719 4.01002e-17)
(0.154128 0.429842 0)
(0.106716 0.596699 1.15141e-18)
(0.198397 0.619677 0)
(0.299818 0.641 -9.73416e-18)
(0.406018 0.658753 2.5196e-18)
(0.509044 0.67015 -2.65587e-18)
(0.590664 0.670118 1.58613e-17)
(0.629702 0.656695 1.17926e-17)
(0.620925 0.628669 -7.42382e-18)
(0.537642 0.582908 0)
(0.361929 0.52084 0)
(0.0572521 0.413159 0)
(-0.257364 0.386369 0)
(0.114624 0.507288 -1.14807e-18)
(0.201957 0.520415 -5.86514e-18)
(0.29612 0.52846 1.08257e-17)
(0.390342 0.529434 0)
(0.474299 0.521155 0)
(0.526622 0.502821 -5.00479e-17)
(0.53477 0.475652 3.19386e-17)
(0.48316 0.444701 0)
(0.35432 0.408399 -9.01703e-18)
(0.144697 0.380882 2.39406e-17)
(-0.121655 0.352284 -2.10026e-17)
(-0.333254 0.371916 0)
(0.11802 0.426017 1.15045e-18)
(0.199007 0.427433 4.67243e-18)
(0.283656 0.420207 -9.55121e-18)
(0.363595 0.403187 7.35401e-18)
(0.426455 0.375424 -7.74347e-18)
(0.453972 0.340006 -5.53563e-18)
(0.4317 0.304048 -4.3528e-17)
(0.349258 0.27495 -7.17548e-18)
(0.197738 0.258797 8.71149e-18)
(-0.00631253 0.274206 4.4444e-17)
(-0.215772 0.317839 0)
(-0.372629 0.375195 0)
(0.116501 0.351994 0)
(0.189447 0.34123 0)
(0.262953 0.318483 9.54181e-18)
(0.327571 0.283897 -9.72147e-18)
(0.370494 0.238512 -1.2701e-17)
(0.375012 0.189175 5.18365e-17)
(0.329903 0.146802 1.20887e-17)
(0.228337 0.123377 3.46436e-17)
(0.0720249 0.129412 0)
(-0.112209 0.180766 -4.17587e-17)
(-0.283238 0.267412 -6.60391e-17)
(-0.403409 0.346942 0)
(0.110234 0.284809 0)
(0.173843 0.262359 1.19275e-18)
(0.235205 0.225108 -1.20942e-18)
(0.284391 0.174515 2.43298e-18)
(0.309001 0.113932 3.79855e-17)
(0.294625 0.0530172 -2.69227e-17)
(0.233451 0.00603677 5.94083e-18)
(0.122503 -0.0113356 -2.6922e-17)
(-0.0287121 0.0129267 -7.99193e-18)
(-0.190913 0.0912111 1.01618e-17)
(-0.333034 0.206221 6.21155e-17)
(-0.404975 0.310196 0)
(0.0997355 0.224246 0)
(0.153116 0.191232 1.24153e-18)
(0.201868 0.141232 -1.24905e-18)
(0.236151 0.0767323 0)
(0.244553 0.00327471 -2.31707e-17)
(0.215223 -0.0674664 -2.679e-18)
(0.143723 -0.118555 -1.18376e-17)
(0.0301859 -0.131963 -3.35589e-17)
(-0.111066 -0.095728 3.195e-17)
(-0.250969 0.00101305 0)
(-0.365521 0.136762 1.25532e-16)
(-0.391407 0.258912 0)
(0.0856896 0.170087 0)
(0.128292 0.128022 1.33826e-18)
(0.164341 0.0673571 9.32355e-18)
(0.184541 -0.00877383 2.64978e-18)
(0.178852 -0.0930761 1.89972e-17)
(0.137896 -0.172531 -5.65884e-18)
(0.0605323 -0.22829 3.08172e-17)
(-0.0513179 -0.240921 5.57498e-17)
(-0.179927 -0.199057 3.35044e-17)
(-0.296884 -0.0910912 1.09888e-17)
(-0.381934 0.0608605 -1.66056e-17)
(-0.358548 0.201074 0)
(0.0687656 0.121935 0)
(0.100282 0.0725323 0)
(0.123714 0.00338447 -1.21097e-17)
(0.130688 -0.082178 0)
(0.112668 -0.175595 2.29609e-20)
(0.0627492 -0.263264 -6.32243e-18)
(-0.0173089 -0.324732 6.87529e-18)
(-0.124867 -0.340101 -3.09912e-17)
(-0.238917 -0.298287 -9.31828e-18)
(-0.331316 -0.185495 1.12525e-16)
(-0.383295 -0.0200867 -1.55418e-16)
(-0.311951 0.137041 2.484e-16)
(0.0499773 0.0789042 0)
(0.0703292 0.0239087 8.00255e-18)
(0.0813519 -0.051669 -1.56402e-17)
(0.0757795 -0.144726 3.84116e-18)
(0.0466384 -0.245889 -3.89042e-17)
(-0.0105379 -0.341735 2.84001e-17)
(-0.0912278 -0.410008 -3.46361e-17)
(-0.193155 -0.431641 9.52293e-18)
(-0.291168 -0.3942 -9.0161e-17)
(-0.35661 -0.28126 -1.05504e-16)
(-0.371619 -0.104069 -2.48551e-17)
(-0.252532 0.0693359 -3.18805e-16)
(0.0321774 0.0382615 0)
(0.0420313 -0.0208134 -4.18941e-17)
(0.0412955 -0.101112 2.70951e-17)
(0.0237036 -0.20027 0)
(-0.0160339 -0.30825 -6.49245e-18)
(-0.0802979 -0.412449 -3.18335e-17)
(-0.162035 -0.488364 -5.16882e-17)
(-0.256754 -0.520201 -2.72433e-17)
(-0.338945 -0.48634 1.57401e-16)
(-0.37247 -0.37528 1.42964e-16)
(-0.342016 -0.197908 0)
(-0.191682 -0.000110008 0)
(0.0173656 -0.0101736 -2.56278e-17)
(0.0180405 -0.0708895 -5.05658e-20)
(0.00723366 -0.152748 0)
(-0.0200696 -0.255572 1.68671e-17)
(-0.0670677 -0.368883 -1.48162e-17)
(-0.135513 -0.481108 -1.33146e-16)
(-0.21144 -0.569686 4.24487e-16)
(-0.308462 -0.607284 0)
(-0.347499 -0.561591 -2.06077e-16)
(-0.341008 -0.451134 -2.41342e-16)
(-0.292063 -0.28371 -3.45111e-16)
(-0.135363 -0.0734294 1.26015e-15)
(0.187774 0.495668 9.30448e-17)
(0.299901 0.474211 2.80107e-17)
(0.330651 0.489152 -2.23962e-17)
(0.353978 0.490312 0)
(0.383389 0.472064 -2.55392e-17)
(0.424401 0.438161 -1.48493e-17)
(0.475912 0.388863 1.19852e-17)
(0.531881 0.323602 7.01589e-18)
(0.58486 0.245108 0)
(0.626565 0.157364 1.12885e-18)
(0.655886 0.070907 3.37587e-18)
(0.675772 -0.0148126 2.27217e-18)
(0.214975 0.164858 1.60421e-16)
(0.217443 0.333994 -8.28419e-18)
(0.237148 0.397263 2.94252e-17)
(0.266162 0.420078 0)
(0.300908 0.414121 0)
(0.343869 0.386306 2.50083e-17)
(0.394116 0.341285 1.45641e-17)
(0.446099 0.281208 -1.17869e-17)
(0.493752 0.209887 2.3077e-18)
(0.531129 0.131231 1.02299e-17)
(0.558052 0.0525529 -1.13134e-18)
(0.577689 -0.0271803 1.13569e-18)
(0.234832 0.0122595 -1.86529e-16)
(0.163972 0.214154 0)
(0.170007 0.315963 0)
(0.196871 0.355464 0)
(0.233319 0.360924 0)
(0.276929 0.339861 2.55724e-17)
(0.325926 0.299713 -4.69513e-17)
(0.374793 0.244907 1.19965e-17)
(0.418348 0.180112 0)
(0.452109 0.109068 -9.18729e-18)
(0.476182 0.036871 -3.98522e-18)
(0.49317 -0.0377047 -1.7066e-18)
(0.241952 -0.0834422 1.71576e-16)
(0.1255 0.123026 5.05452e-17)
(0.11911 0.244835 -3.37243e-17)
(0.140501 0.296414 2.34572e-17)
(0.176575 0.311634 0)
(0.220198 0.297448 5.29818e-18)
(0.268203 0.262583 1.7794e-17)
(0.31479 0.213175 -1.4759e-17)
(0.355191 0.154553 2.39388e-18)
(0.385732 0.0903027 -1.16923e-18)
(0.406426 0.0240712 5.7719e-18)
(0.419048 -0.0452947 0)
(0.238261 -0.145153 -3.08249e-19)
(0.0929823 0.0529669 -4.43786e-17)
(0.076871 0.181928 3.64397e-17)
(0.0923532 0.241797 -5.61226e-17)
(0.127427 0.265235 2.32664e-17)
(0.170997 0.257857 1.48495e-20)
(0.218439 0.228589 -2.65271e-18)
(0.263497 0.184772 2.55684e-17)
(0.301472 0.132234 -2.47699e-18)
(0.329054 0.0744628 0)
(0.345994 0.0141939 5.90951e-19)
(0.35327 -0.0494585 -2.92629e-18)
(0.223775 -0.183243 -1.56362e-16)
(0.06138 -0.00325146 0)
(0.0383357 0.124805 0)
(0.0489218 0.190164 3.37289e-17)
(0.0833565 0.220605 -5.61682e-17)
(0.127265 0.220013 -2.95593e-17)
(0.174701 0.196667 2.82549e-18)
(0.218903 0.158713 -2.16133e-17)
(0.255024 0.11238 2.60548e-18)
(0.279876 0.0611154 -1.26048e-18)
(0.292927 0.00710633 1.84821e-18)
(0.294504 -0.0501506 -6.06564e-19)
(0.198661 -0.20471 -3.22706e-16)
(0.0277022 -0.0501404 -1.26931e-16)
(0.000213625 0.0712803 1.78881e-17)
(0.00771477 0.140011 2.24264e-17)
(0.0424698 0.176607 5.50115e-17)
(0.087464 0.182954 6.48449e-18)
(0.135561 0.165949 -6.15569e-18)
(0.179519 0.134235 0)
(0.214245 0.094385 0)
(0.236596 0.0498619 9.46194e-18)
(0.24585 0.00254139 1.31271e-18)
(0.241868 -0.0476297 2.56021e-18)
(0.160002 -0.210831 3.45506e-16)
(-0.00846775 -0.0900366 -6.20519e-20)
(-0.0396905 0.0196733 -8.27265e-17)
(-0.0329822 0.0899034 -1.02853e-16)
(0.00335879 0.132079 -3.15058e-17)
(0.050459 0.145754 7.40026e-18)
(0.0999827 0.135679 -1.04614e-17)
(0.144264 0.110716 3.2974e-18)
(0.177956 0.0777558 2.5066e-17)
(0.198035 0.0403239 -2.55025e-17)
(0.203758 0.000154029 2.17008e-18)
(0.194696 -0.0423212 -3.50685e-18)
(0.111278 -0.206173 -3.4686e-16)
(-0.0474144 -0.122903 1.45652e-16)
(-0.0827688 -0.0308879 1.00785e-16)
(-0.0744014 0.0386686 -6.24549e-21)
(-0.0351871 0.0858632 0)
(0.0152815 0.107435 3.61452e-17)
(0.067147 0.105097 4.21764e-18)
(0.112301 0.0875967 -6.59298e-21)
(0.145207 0.0620537 -6.33883e-17)
(0.163205 0.0321369 1.41762e-17)
(0.16578 -0.000437974 0)
(0.152333 -0.0347028 3.26581e-18)
(0.0485422 -0.189694 1.00447e-15)
(-0.0882698 -0.148681 0)
(-0.129452 -0.0802097 1.70318e-17)
(-0.1181 -0.0142713 2.1625e-16)
(-0.0752375 0.0370144 1.21383e-16)
(-0.0197927 0.0670844 -2.84217e-20)
(0.0357819 0.0735455 -1.74849e-17)
(0.0825341 0.0644445 4.85288e-17)
(0.114832 0.0469167 4.02744e-17)
(0.130933 0.0248753 1.6598e-17)
(0.130826 0.000222284 2.25585e-18)
(0.113795 -0.0255191 0)
(-0.0127209 -0.160797 -7.04774e-16)
(-0.131453 -0.166023 0)
(-0.178728 -0.127304 0)
(-0.166906 -0.069272 -2.0783e-16)
(-0.121997 -0.0159993 -1.96029e-16)
(-0.059631 0.0237296 -9.1513e-17)
(0.00226222 0.0408605 -8.40898e-17)
(0.0520723 0.0414498 -1.46437e-16)
(0.0839663 0.0322203 -8.94377e-18)
(0.0984227 0.017981 -3.77573e-17)
(0.0962601 0.000887956 4.00367e-18)
(0.0764269 -0.0167635 0)
(-0.0351588 -0.111694 -9.07326e-16)
(-0.163885 -0.176388 0)
(-0.22619 -0.167136 0)
(-0.216278 -0.126518 5.28051e-17)
(-0.178668 -0.0764774 -5.45146e-17)
(-0.109522 -0.0220435 6.90565e-17)
(-0.0397783 0.0087487 -7.09303e-17)
(0.0112974 0.0180644 2.70878e-16)
(0.0424718 0.0167433 0)
(0.0552013 0.00997701 -1.28178e-16)
(0.0515199 -8.47155e-05 -9.91191e-17)
(0.0296488 -0.010175 2.68984e-17)
(0.696106 -0.0956681 -2.05571e-21)
(0.725215 -0.189492 -4.76853e-18)
(0.755909 -0.295364 0)
(0.78711 -0.410139 7.70138e-18)
(0.814664 -0.527917 1.36608e-17)
(0.833307 -0.636185 5.65172e-18)
(0.833491 -0.71199 5.5307e-18)
(0.816597 -0.743872 -2.52436e-17)
(0.772682 -0.72216 0)
(0.701781 -0.620717 -2.78235e-17)
(0.574802 -0.415993 3.98361e-17)
(0.429971 -0.154097 8.23121e-17)
(0.596818 -0.106856 2.30437e-18)
(0.619731 -0.198443 0)
(0.641075 -0.29981 9.73693e-18)
(0.658857 -0.405964 0)
(0.670287 -0.508946 6.76031e-21)
(0.670269 -0.590494 2.11304e-17)
(0.656851 -0.629476 5.87717e-18)
(0.628822 -0.620653 -3.69918e-17)
(0.583022 -0.53738 0)
(0.52089 -0.361753 3.39525e-17)
(0.413148 -0.0572257 -5.56236e-17)
(0.38641 0.257432 0)
(0.507379 -0.11474 -1.14723e-18)
(0.52045 -0.201988 4.69516e-18)
(0.528494 -0.296103 -9.62267e-18)
(0.529486 -0.390279 1.24193e-17)
(0.521228 -0.474184 -5.14199e-18)
(0.502911 -0.526431 -1.39346e-17)
(0.475761 -0.534515 -3.83133e-17)
(0.444818 -0.482864 3.70651e-17)
(0.408494 -0.354053 0)
(0.380919 -0.144545 -3.58012e-17)
(0.352236 0.121654 -2.10096e-17)
(0.371887 0.333238 0)
(0.426064 -0.118101 -5.74501e-19)
(0.427436 -0.199017 -5.25413e-18)
(0.420194 -0.283624 1.19657e-18)
(0.403185 -0.363518 6.78195e-23)
(0.375437 -0.426322 -1.03448e-17)
(0.34004 -0.453763 0)
(0.304117 -0.43143 3.11126e-17)
(0.275046 -0.34896 -7.22428e-18)
(0.258892 -0.197492 0)
(0.274253 0.00641617 8.89725e-17)
(0.317792 0.215709 0)
(0.375154 0.37258 0)
(0.351984 -0.116545 -2.33157e-18)
(0.341195 -0.189436 0)
(0.318421 -0.262902 7.16535e-18)
(0.283842 -0.32748 -9.70816e-18)
(0.238471 -0.370348 2.00797e-20)
(0.189164 -0.374794 2.45692e-17)
(0.14684 -0.329632 -6.0147e-18)
(0.12346 -0.228053 -2.07406e-17)
(0.129512 -0.0718147 8.26508e-18)
(0.180821 0.112269 -4.17478e-17)
(0.267368 0.28313 -3.30205e-17)
(0.346876 0.403344 2.30498e-17)
(0.284735 -0.11024 2.39509e-18)
(0.26228 -0.173812 0)
(0.225 -0.235138 -9.65529e-18)
(0.174414 -0.284288 2.43342e-18)
(0.113847 -0.308845 -2.54276e-18)
(0.0529697 -0.294406 -2.6928e-17)
(0.00605102 -0.233189 2.3704e-17)
(-0.011263 -0.122241 3.36832e-17)
(0.0130274 0.0288872 0)
(0.0912702 0.190937 1.01857e-17)
(0.206181 0.332901 -1.55014e-17)
(0.310109 0.404903 0)
(0.224108 -0.099709 6.27678e-19)
(0.191112 -0.15307 -5.60198e-18)
(0.141082 -0.201785 0)
(0.0765894 -0.23604 0)
(0.00315329 -0.244393 0)
(-0.0675439 -0.215011 -5.4091e-18)
(-0.118561 -0.143477 -1.7737e-17)
(-0.131903 -0.0299519 -2.68319e-17)
(-0.0956342 0.111209 7.98711e-18)
(0.0010725 0.250964 2.9188e-20)
(0.136733 0.365377 -1.41163e-16)
(0.258821 0.391336 -1.92219e-16)
(0.169889 -0.0856367 2.73454e-18)
(0.127865 -0.12824 6.70367e-18)
(0.0671744 -0.164251 -1.33523e-18)
(-0.00894994 -0.184427 2.65017e-18)
(-0.093226 -0.178695 1.62975e-17)
(-0.172634 -0.137699 1.9949e-17)
(-0.228315 -0.0603113 -2.45947e-17)
(-0.240876 0.05152 6.27548e-17)
(-0.198975 0.180036 0)
(-0.0910305 0.296855 0)
(0.0608499 0.381788 1.18389e-16)
(0.200982 0.358477 2.58986e-17)
(0.121688 -0.0687009 -3.15902e-18)
(0.0723521 -0.100226 -1.53449e-18)
(0.00318062 -0.123625 1.51769e-18)
(-0.0823787 -0.130574 0)
(-0.175767 -0.11252 -4.87871e-17)
(-0.263386 -0.0625724 -3.17261e-17)
(-0.324775 0.0174996 2.74245e-17)
(-0.340071 0.125034 -3.09553e-17)
(-0.298217 0.238992 9.42841e-18)
(-0.185429 0.331267 1.25362e-17)
(-0.0200759 0.383152 -1.93877e-17)
(0.136961 0.311883 2.47957e-16)
(0.07863 -0.0499133 -4.13894e-18)
(0.0237243 -0.0702704 0)
(-0.0518831 -0.0812787 -1.56424e-17)
(-0.144942 -0.0756738 3.84166e-18)
(-0.246076 -0.0465096 2.33419e-17)
(-0.341871 0.0106871 -3.98896e-18)
(-0.410067 0.0913814 -1.73663e-17)
(-0.431625 0.193282 6.64704e-17)
(-0.394139 0.291207 -7.9007e-17)
(-0.281183 0.356547 5.9815e-20)
(-0.10404 0.371487 -2.4854e-17)
(0.0692894 0.252479 0)
(0.0379775 -0.0321132 5.44569e-18)
(-0.0209805 -0.0419841 -2.27116e-17)
(-0.101323 -0.0412504 5.08466e-17)
(-0.200495 -0.023621 0)
(-0.308448 0.0161376 -6.49276e-18)
(-0.412595 0.08041 6.40113e-18)
(-0.48844 0.162148 3.85295e-17)
(-0.520193 0.256829 -2.04131e-16)
(-0.486278 0.338948 1.25751e-16)
(-0.375191 0.372397 0)
(-0.197854 0.341912 0)
(-0.000106819 0.191653 0)
(-0.0104646 -0.01731 5.12604e-17)
(-0.0710164 -0.0180076 9.29562e-17)
(-0.152948 -0.00722369 -1.58258e-16)
(-0.255799 0.0201195 1.68641e-17)
(-0.36909 0.0671382 -2.95161e-17)
(-0.481252 0.135577 -6.66992e-17)
(-0.569784 0.211513 -4.99734e-17)
(-0.607264 0.308469 3.32262e-17)
(-0.561509 0.347459 -1.80473e-16)
(-0.451048 0.340947 -3.01743e-17)
(-0.283643 0.291995 0)
(-0.0734 0.135343 -1.26079e-15)
(0.495807 -0.188169 9.2983e-17)
(0.47427 -0.300387 2.8174e-17)
(0.489217 -0.3312 -2.22996e-17)
(0.490382 -0.354518 -2.67359e-17)
(0.472131 -0.383891 2.55028e-17)
(0.438207 -0.42484 2.46644e-17)
(0.38888 -0.476276 -2.39876e-18)
(0.323591 -0.532166 -4.6672e-18)
(0.245079 -0.585073 2.28648e-18)
(0.157327 -0.626723 0)
(0.0708682 -0.656008 0)
(-0.014857 -0.675874 -1.58147e-21)
(0.164814 -0.215433 0)
(0.333989 -0.217913 6.95894e-20)
(0.397283 -0.237634 0)
(0.420109 -0.266608 2.14681e-17)
(0.414167 -0.301305 -5.18241e-18)
(0.386346 -0.344199 9.99562e-18)
(0.341307 -0.394375 -2.66586e-17)
(0.281209 -0.446288 2.35747e-18)
(0.209871 -0.493881 0)
(0.131208 -0.53121 -9.086e-18)
(0.0525276 -0.558102 0)
(-0.027203 -0.577719 2.26821e-18)
(0.0120782 -0.235313 0)
(0.214073 -0.164402 -4.61041e-17)
(0.315933 -0.170409 6.28711e-18)
(0.355455 -0.197216 0)
(0.360942 -0.233605 2.12678e-17)
(0.339887 -0.277147 5.10345e-18)
(0.299734 -0.326077 1.72603e-17)
(0.244911 -0.374884 -1.43757e-17)
(0.180104 -0.418388 2.3382e-18)
(0.109053 -0.452112 1.83634e-17)
(0.0368586 -0.476157 4.54944e-18)
(-0.0377098 -0.493128 -1.13612e-18)
(-0.08372 -0.242429 -1.71222e-16)
(0.122875 -0.125868 0)
(0.244753 -0.119419 0)
(0.296364 -0.14074 2.92682e-17)
(0.31162 -0.176749 -2.75551e-17)
(0.297457 -0.220306 5.27133e-18)
(0.262595 -0.26825 -5.08223e-18)
(0.213178 -0.314786 9.82628e-18)
(0.154546 -0.355146 9.56012e-18)
(0.0902922 -0.385657 4.54127e-21)
(0.0240662 -0.406329 -4.61217e-18)
(-0.0452854 -0.41894 1.14714e-18)
(-0.145494 -0.238715 1.58999e-16)
(0.0527581 -0.0932761 0)
(0.181797 -0.0770829 7.2753e-18)
(0.241707 -0.0924862 -5.60229e-17)
(0.265187 -0.127493 0)
(0.257844 -0.171 -2.76365e-17)
(0.22859 -0.218388 2.91617e-17)
(0.184769 -0.263404 -2.29854e-17)
(0.132224 -0.301348 -7.41705e-18)
(0.0744524 -0.328907 -2.16864e-17)
(0.0141937 -0.345832 0)
(-0.0494398 -0.353102 -2.3383e-18)
(-0.18362 -0.22419 3.89126e-17)
(-0.00350636 -0.0615947 -6.16022e-17)
(0.124629 -0.0384516 0)
(0.190034 -0.0489523 -1.28083e-20)
(0.220524 -0.0833199 0)
(0.219976 -0.127171 5.88954e-18)
(0.196655 -0.174562 -2.81666e-17)
(0.158702 -0.218732 1.88934e-17)
(0.112365 -0.254831 1.30057e-17)
(0.0611026 -0.279666 1.00848e-17)
(0.00710737 -0.292708 -4.92337e-18)
(-0.0501268 -0.294287 1.20946e-18)
(-0.205098 -0.199016 0)
(-0.0504289 -0.0278363 1.68958e-16)
(0.0710648 -0.000235917 8.03696e-17)
(0.139843 -0.00764769 2.23739e-17)
(0.176492 -0.0423387 0)
(0.182893 -0.0872841 3.23751e-17)
(0.165922 -0.135345 -3.07704e-18)
(0.134213 -0.17928 -4.67229e-21)
(0.0943631 -0.213994 -1.40073e-17)
(0.0498443 -0.236335 0)
(0.00254172 -0.245587 -8.58442e-22)
(-0.047604 -0.241612 3.80709e-26)
(-0.211208 -0.160281 -3.44896e-16)
(-0.0903443 0.00841304 -2.83209e-16)
(0.0194247 0.0397579 -7.22382e-17)
(0.0897003 0.0331401 -6.84434e-17)
(0.131931 -0.00314202 0)
(0.145667 -0.0502029 7.38777e-18)
(0.135635 -0.0997008 -1.04462e-17)
(0.110683 -0.143971 5.42895e-21)
(0.0777255 -0.17766 3.1328e-18)
(0.0403005 -0.197736 0)
(0.000151032 -0.203463 5.78027e-18)
(-0.0422957 -0.194414 2.803e-18)
(-0.206526 -0.111472 -1.44243e-19)
(-0.123216 0.0474359 1.662e-16)
(-0.0311626 0.0829203 0)
(0.0384354 0.0746428 1.04127e-17)
(0.0856804 0.0354797 -2.57273e-21)
(0.107321 -0.0149591 -3.60918e-17)
(0.105034 -0.0668134 2.94932e-17)
(0.087551 -0.111968 -3.55343e-17)
(0.0620144 -0.144882 0)
(0.0321063 -0.162882 -1.4165e-17)
(-0.000444723 -0.165467 0)
(-0.0346788 -0.152038 -6.52852e-18)
(-0.190002 -0.0486314 5.01243e-16)
(-0.148988 0.0883628 -2.78325e-17)
(-0.0805023 0.12968 1.70076e-16)
(-0.0145287 0.118417 1.00725e-16)
(0.0367986 0.075597 -9.42333e-17)
(0.0669418 0.0201746 5.038e-17)
(0.0734611 -0.0354091 -1.16626e-17)
(0.0643864 -0.0821763 3.77135e-17)
(0.0468685 -0.114494 5.03358e-18)
(0.0248372 -0.1306 3.55359e-17)
(0.000210761 -0.130507 -6.75535e-18)
(-0.0255001 -0.113498 4.30522e-18)
(-0.161027 0.0127023 0)
(-0.16631 0.131622 0)
(-0.127605 0.179027 -2.27544e-16)
(-0.0695456 0.167288 0)
(-0.0162404 0.122417 2.20127e-16)
(0.0235542 0.0600739 -2.28322e-16)
(0.0407545 -0.00185781 -5.2523e-17)
(0.0413802 -0.0517038 6.82406e-17)
(0.0321651 -0.0836336 0)
(0.0179361 -0.098095 -5.11367e-22)
(0.000873161 -0.0959484 4.79746e-17)
(-0.0167551 -0.0761412 0)
(-0.111834 0.0352003 -7.92856e-16)
(-0.176645 0.164096 -7.13062e-16)
(-0.167442 0.226559 7.0132e-17)
(-0.126799 0.2167 0)
(-0.0767564 0.17913 -5.43451e-17)
(-0.0222774 0.110028 6.89153e-16)
(0.00862179 0.0401919 -7.09239e-17)
(0.0179908 -0.0109409 -3.0456e-16)
(0.0166898 -0.04218 2.96689e-17)
(0.00993157 -0.0549082 -1.13909e-16)
(-9.85705e-05 -0.0512426 -2.26451e-16)
(-0.0101748 -0.0294032 2.68864e-17)
(-0.0957157 -0.696191 1.15588e-18)
(-0.189536 -0.725265 -1.18997e-18)
(-0.295384 -0.755901 1.23254e-18)
(-0.410118 -0.787033 1.02739e-17)
(-0.52784 -0.814516 1.09137e-17)
(-0.636071 -0.833106 -1.12715e-17)
(-0.711857 -0.833279 -5.49563e-18)
(-0.743742 -0.816399 -1.89036e-17)
(-0.722044 -0.772563 6.18398e-17)
(-0.620648 -0.701766 0)
(-0.415986 -0.574861 5.3367e-17)
(-0.154259 -0.429988 0)
(-0.106874 -0.596828 1.15046e-18)
(-0.198446 -0.61971 0)
(-0.299777 -0.641 0)
(-0.405888 -0.658721 1.03267e-20)
(-0.508816 -0.670089 -1.05811e-17)
(-0.590351 -0.67003 -2.63742e-17)
(-0.629329 -0.656601 -1.76332e-17)
(-0.62053 -0.62859 0)
(-0.537287 -0.582873 -3.47862e-17)
(-0.361716 -0.520856 1.13073e-17)
(-0.0572472 -0.413244 3.68023e-17)
(0.257393 -0.386434 2.08767e-16)
(-0.114731 -0.50732 -1.14717e-18)
(-0.201955 -0.520366 1.17006e-18)
(-0.296028 -0.528369 8.4157e-18)
(-0.390163 -0.529316 -1.73864e-17)
(-0.474021 -0.521013 -1.54131e-17)
(-0.52628 -0.502665 -2.72536e-18)
(-0.534368 -0.475504 3.83226e-17)
(-0.482768 -0.444573 2.21184e-17)
(-0.353989 -0.408325 -3.60228e-17)
(-0.144519 -0.38085 0)
(0.121672 -0.352302 -8.42758e-17)
(0.333352 -0.37197 -1.27528e-19)
(-0.118071 -0.425943 2.29982e-18)
(-0.198959 -0.427302 0)
(-0.283519 -0.420033 -9.54226e-18)
(-0.363379 -0.403 2.43927e-18)
(-0.426145 -0.375225 1.03169e-17)
(-0.453617 -0.339809 4.7413e-17)
(-0.431297 -0.303874 -3.11011e-17)
(-0.348892 -0.2748 -3.59577e-17)
(-0.19744 -0.258706 7.8192e-17)
(0.00647208 -0.274134 -4.44112e-17)
(0.215816 -0.317791 0)
(0.372735 -0.375209 -9.65059e-17)
(-0.1165 -0.351811 -2.3294e-18)
(-0.18936 -0.341019 0)
(-0.262781 -0.318236 0)
(-0.327332 -0.283655 7.29574e-18)
(-0.370169 -0.238274 2.54192e-17)
(-0.374665 -0.188956 -2.45679e-17)
(-0.329512 -0.146622 2.41543e-17)
(-0.228012 -0.123218 -2.76725e-17)
(-0.0717575 -0.129315 -6.60984e-17)
(0.112358 -0.180668 1.5848e-20)
(0.28328 -0.267324 6.59831e-17)
(0.403523 -0.346926 0)
(-0.110187 -0.28452 1.19669e-18)
(-0.173729 -0.262074 -4.77935e-18)
(-0.23501 -0.224797 0)
(-0.284146 -0.174231 0)
(-0.308669 -0.113668 -2.27774e-17)
(-0.294306 -0.0527885 -1.88337e-17)
(-0.233078 -0.00586511 0)
(-0.122225 0.0114977 2.69064e-17)
(0.0289527 -0.0128389 2.39664e-17)
(0.191049 -0.0910971 5.07728e-17)
(0.333064 -0.206113 -1.24197e-16)
(0.405061 -0.310154 1.84053e-16)
(-0.0996525 -0.223859 -3.75097e-26)
(-0.152988 -0.190884 6.21527e-18)
(-0.201664 -0.140867 -1.24845e-18)
(-0.235912 -0.0764186 -2.49436e-18)
(-0.244232 -0.00299115 5.14713e-18)
(-0.214935 0.0676951 1.89999e-17)
(-0.143381 0.118713 0)
(-0.0299505 0.132123 0)
(0.111275 0.0957982 3.19328e-17)
(0.251086 -0.000892214 0)
(0.365538 -0.136653 4.68877e-17)
(0.391473 -0.258841 -1.6783e-16)
(-0.0855801 -0.169617 2.73287e-18)
(-0.128164 -0.127622 5.36389e-18)
(-0.164138 -0.066951 1.06539e-17)
(-0.184324 0.00910823 0)
(-0.178544 0.0933681 2.70127e-18)
(-0.137662 0.172761 -8.51086e-18)
(-0.0602102 0.228421 1.23173e-17)
(0.051498 0.241081 -4.18165e-17)
(0.18011 0.199096 -2.50393e-17)
(0.296985 0.0912046 0)
(0.381921 -0.0607513 1.35552e-16)
(0.358584 -0.201011 2.11648e-16)
(-0.0686514 -0.121401 -6.31592e-18)
(-0.100156 -0.0721016 -6.14713e-18)
(-0.12354 -0.00294474 -1.21053e-17)
(-0.130475 0.0825105 2.99235e-18)
(-0.11242 0.175906 -2.50974e-20)
(-0.0625202 0.26347 -3.18875e-18)
(0.0175457 0.324853 0)
(0.125042 0.340245 -3.78154e-20)
(0.239031 0.298291 -9.41401e-18)
(0.331403 0.185607 1.12468e-16)
(0.383277 0.0201692 -1.5528e-16)
(0.311919 -0.136974 -2.47894e-16)
(-0.0498783 -0.0783385 4.13373e-18)
(-0.0702101 -0.0234661 -7.99977e-18)
(-0.0812241 0.0521216 1.56351e-17)
(-0.075562 0.145052 0)
(-0.0464879 0.246209 0)
(0.0107904 0.341908 -2.43312e-17)
(0.0913381 0.410139 2.59925e-17)
(0.193342 0.431735 1.13876e-16)
(0.291199 0.394205 9.02504e-17)
(0.356666 0.28134 1.52802e-17)
(0.371614 0.104113 -2.48368e-17)
(0.25249 -0.0692611 0)
(-0.0320914 -0.0376881 0)
(-0.0419427 0.0212387 1.39494e-17)
(-0.0411949 0.101564 -2.70883e-17)
(-0.0235305 0.200583 6.63491e-18)
(0.0161391 0.308561 -6.54247e-18)
(0.0804994 0.412615 5.09052e-17)
(0.162087 0.488467 -5.13099e-17)
(0.25689 0.520273 -1.08756e-16)
(0.338923 0.486314 -1.25702e-16)
(0.372495 0.375318 -1.6314e-16)
(0.342006 0.197926 2.92602e-16)
(0.191652 0.000112354 -6.34366e-17)
(-0.0173041 0.0107302 5.12403e-17)
(-0.0179793 0.0712474 -9.29422e-17)
(-0.00716846 0.153194 0)
(0.0202008 0.255842 -1.35334e-16)
(0.0671131 0.36918 -1.18075e-16)
(0.135668 0.481257 0)
(0.211436 0.569751 2.48677e-17)
(0.308519 0.607307 -6.67025e-17)
(0.347472 0.561548 4.58182e-20)
(0.341006 0.451117 3.01704e-17)
(0.29206 0.283711 -6.89857e-16)
(0.135379 0.0733987 0)
(-0.188226 -0.495767 -9.29897e-17)
(-0.300355 -0.47425 -3.52009e-17)
(-0.331132 -0.489228 2.79777e-17)
(-0.354447 -0.490389 0)
(-0.383833 -0.472127 2.04152e-17)
(-0.424804 -0.438197 4.94031e-18)
(-0.476261 -0.388872 -1.43796e-17)
(-0.532169 -0.32359 -7.01484e-18)
(-0.58509 -0.24509 -1.14235e-17)
(-0.626744 -0.157351 0)
(-0.656031 -0.0709041 4.50248e-18)
(-0.675894 0.0148121 -1.13566e-18)
(-0.215439 -0.164743 0)
(-0.217835 -0.33395 4.14192e-17)
(-0.237537 -0.397273 -2.94021e-17)
(-0.266513 -0.420095 0)
(-0.301228 -0.414142 1.55797e-17)
(-0.344143 -0.386315 5.00355e-18)
(-0.394338 -0.341278 -1.94075e-17)
(-0.446266 -0.28119 -1.28524e-20)
(-0.493868 -0.209867 0)
(-0.531203 -0.131219 0)
(-0.558098 -0.0525528 0)
(-0.577714 0.0271718 -1.13533e-18)
(-0.235294 -0.0120158 0)
(-0.164298 -0.214023 2.77038e-17)
(-0.170299 -0.31591 3.1428e-17)
(-0.197111 -0.355427 0)
(-0.233521 -0.360902 -1.59468e-17)
(-0.277082 -0.339841 1.02315e-17)
(-0.326028 -0.299689 2.71603e-17)
(-0.374843 -0.244879 -4.80341e-18)
(-0.418353 -0.180087 -7.01618e-18)
(-0.452081 -0.109053 0)
(-0.47613 -0.0368712 -4.55223e-18)
(-0.493101 0.0376903 1.1368e-18)
(-0.242388 0.0837673 0)
(-0.125751 -0.122823 -4.04516e-17)
(-0.119307 -0.244723 -5.38989e-17)
(-0.140635 -0.296327 0)
(-0.176665 -0.311571 -5.51877e-18)
(-0.220238 -0.2974 -1.58257e-17)
(-0.268192 -0.262541 2.03488e-17)
(-0.314731 -0.213136 9.83485e-18)
(-0.355093 -0.154521 -5.51162e-21)
(-0.385605 -0.0902829 1.1689e-18)
(-0.406279 -0.0240695 4.03598e-18)
(-0.418889 0.0452766 -5.74529e-19)
(-0.238655 0.145522 3.96197e-17)
(-0.0931525 -0.05271 -2.21939e-17)
(-0.0769734 -0.181763 2.91448e-17)
(-0.0923844 -0.241663 6.2348e-18)
(-0.127411 -0.265132 2.9066e-17)
(-0.170931 -0.257781 -5.53406e-18)
(-0.218323 -0.228528 -3.97996e-17)
(-0.263337 -0.184719 -3.64966e-21)
(-0.301277 -0.132191 9.89045e-18)
(-0.328835 -0.0744359 -1.20589e-17)
(-0.345759 -0.0141886 0)
(-0.353026 0.049439 2.34007e-18)
(-0.224112 0.183632 0)
(-0.0614682 0.00355044 -1.23307e-17)
(-0.0383467 -0.12459 7.98839e-18)
(-0.048855 -0.189986 0)
(-0.0832404 -0.220463 -1.87081e-17)
(-0.1271 -0.219908 -2.36534e-17)
(-0.174489 -0.196588 1.6912e-17)
(-0.218649 -0.158647 -2.69956e-18)
(-0.254739 -0.112327 2.60479e-18)
(-0.279571 -0.06108 1.00918e-17)
(-0.292611 -0.00709579 0)
(-0.294183 0.0501319 -2.42034e-18)
(-0.198919 0.205089 3.22237e-16)
(-0.027714 0.0504709 9.87109e-17)
(-0.00013536 -0.0710216 1.32875e-21)
(-0.00755391 -0.139791 7.47218e-18)
(-0.0422591 -0.176426 2.7497e-17)
(-0.0872069 -0.182821 3.24152e-17)
(-0.135259 -0.165851 -6.15339e-18)
(-0.179179 -0.134155 0)
(-0.213879 -0.0943209 0)
(-0.236214 -0.0498171 0)
(-0.245461 -0.00252443 4.58979e-18)
(-0.241478 0.0476138 6.40838e-19)
(-0.160174 0.211184 -3.01976e-16)
(0.0085262 0.0903805 -1.50175e-16)
(0.039856 -0.0193765 0)
(0.0332324 -0.0896433 0)
(-0.00305894 -0.131859 -5.51133e-17)
(-0.0501157 -0.145592 2.95991e-17)
(-0.0995982 -0.135561 -3.13766e-17)
(-0.143847 -0.110622 -3.29388e-17)
(-0.177519 -0.0776804 3.13526e-18)
(-0.197586 -0.0402691 -1.49832e-18)
(-0.203307 -0.00012974 -4.33609e-18)
(-0.194248 0.0423098 -2.80453e-18)
(-0.111366 0.206488 0)
(0.0475339 0.123244 -2.0816e-17)
(0.0830174 0.0312126 1.25998e-17)
(0.0747345 -0.038374 1.04337e-17)
(0.03557 -0.085605 3.85462e-17)
(-0.0148572 -0.107241 -3.61378e-17)
(-0.0666882 -0.104958 2.53111e-17)
(-0.111817 -0.0874883 6.32257e-17)
(-0.14471 -0.0619668 0)
(-0.162702 -0.0320719 1.76986e-18)
(-0.165278 0.000470031 -1.69806e-18)
(-0.151837 0.0346972 3.26545e-18)
(-0.0485234 0.189951 0)
(0.0884379 0.149005 -2.78869e-17)
(0.129773 0.08055 1.39025e-20)
(0.118504 0.0145921 1.29676e-16)
(0.0756949 -0.036722 -1.21315e-16)
(0.0202951 -0.0668582 7.56491e-17)
(-0.0352564 -0.0733845 -5.83657e-18)
(-0.0819935 -0.0643201 -5.39139e-17)
(-0.11429 -0.0468182 5.03717e-18)
(-0.130389 -0.0248005 1.89627e-17)
(-0.130285 -0.000182343 0)
(-0.113264 0.0255202 4.30925e-18)
(0.0127274 0.160974 0)
(0.131688 0.166311 0)
(0.179099 0.127647 0)
(0.167357 0.0696047 -2.07714e-16)
(0.122513 0.0163171 4.16248e-16)
(0.0602132 -0.0234636 -1.1435e-16)
(-0.00167638 -0.0406724 1.05038e-17)
(-0.0514884 -0.0413075 -9.76642e-18)
(-0.0834001 -0.0321117 0)
(-0.0978574 -0.0178975 -7.13061e-17)
(-0.0956997 -0.000840966 3.80015e-17)
(-0.0758775 0.016771 -9.50682e-18)
(0.0352148 0.111804 9.06397e-16)
(0.164072 0.176617 0)
(0.22656 0.167451 -7.00893e-17)
(0.216712 0.12683 4.74605e-16)
(0.179194 0.076826 -3.8081e-16)
(0.110177 0.0223815 -1.3782e-16)
(0.0403905 -0.00853457 3.90239e-16)
(-0.0106976 -0.0179143 -6.77422e-17)
(-0.0419327 -0.0166374 2.97017e-17)
(-0.0546616 -0.00989211 2.27982e-16)
(-0.0509824 0.000131599 -1.13267e-16)
(-0.0291217 0.0101851 -5.37927e-17)
(-0.696204 0.0956697 -1.15649e-18)
(-0.725281 0.189491 -1.1906e-18)
(-0.755931 0.295347 1.23318e-18)
(-0.787078 0.410082 0)
(-0.814569 0.527798 -1.36395e-17)
(-0.833147 0.635975 -8.44561e-18)
(-0.833284 0.711672 2.75374e-17)
(-0.81637 0.743474 1.89124e-17)
(-0.772457 0.721676 0)
(-0.701586 0.620195 -1.52078e-19)
(-0.574661 0.415547 -5.33968e-17)
(-0.429836 0.153801 -8.23443e-17)
(-0.596822 0.106841 -2.30365e-18)
(-0.619708 0.198414 -1.18025e-18)
(-0.641013 0.29975 -8.51455e-18)
(-0.658749 0.405853 2.51947e-18)
(-0.670128 0.508765 7.93047e-18)
(-0.670065 0.590219 -2.6385e-17)
(-0.656627 0.629127 -1.76748e-17)
(-0.628602 0.620232 0)
(-0.582832 0.536932 0)
(-0.520772 0.361353 -3.39506e-17)
(-0.413137 0.0570198 -1.84289e-17)
(-0.386363 -0.257409 -1.67065e-16)
(-0.507292 0.114711 5.7412e-19)
(-0.520342 0.201934 5.28135e-18)
(-0.528358 0.296008 9.61938e-18)
(-0.529318 0.390124 0)
(-0.521028 0.473958 -7.71962e-18)
(-0.502692 0.52613 3.6169e-17)
(-0.475546 0.53415 -1.91091e-17)
(-0.444628 0.482466 0)
(-0.408356 0.353684 0)
(-0.380857 0.14428 0)
(-0.352254 -0.121736 0)
(-0.371886 -0.333212 1.07184e-16)
(-0.425891 0.118061 0)
(-0.42725 0.198944 -3.50625e-18)
(-0.419992 0.283502 -1.19623e-18)
(-0.402969 0.363334 2.44067e-18)
(-0.375212 0.42607 5.17392e-18)
(-0.33982 0.453451 -2.51095e-17)
(-0.303922 0.431079 6.28644e-18)
(-0.274893 0.348607 0)
(-0.258795 0.1972 -3.4729e-17)
(-0.274209 -0.00660059 3.33043e-17)
(-0.317776 -0.215773 -5.5408e-17)
(-0.375123 -0.372579 -9.65055e-17)
(-0.351733 0.116497 1.74945e-18)
(-0.340937 0.189349 5.87786e-19)
(-0.318162 0.262763 0)
(-0.283586 0.327278 -2.42161e-18)
(-0.238229 0.370086 -1.52612e-17)
(-0.188949 0.374487 -2.74062e-18)
(-0.146666 0.329308 2.59503e-20)
(-0.123335 0.227747 -2.76872e-17)
(-0.129438 0.0715812 2.48191e-17)
(-0.180781 -0.112411 -3.13194e-17)
(-0.267333 -0.283182 6.60331e-17)
(-0.346846 -0.403324 -5.26143e-20)
(-0.284413 0.110187 -2.99249e-18)
(-0.261959 0.173718 1.79152e-18)
(-0.224689 0.23499 -1.20944e-18)
(-0.174124 0.28408 2.43302e-18)
(-0.113591 0.308585 2.02474e-17)
(-0.0527571 0.294116 2.65664e-18)
(-0.00589231 0.232896 1.77193e-17)
(0.0113683 0.12198 4.71199e-17)
(-0.0129651 -0.0290772 8.00963e-18)
(-0.0912306 -0.191048 0)
(-0.20614 -0.332936 0)
(-0.310072 -0.404879 9.1939e-17)
(-0.223722 0.0996554 -1.87652e-26)
(-0.190736 0.152973 -3.73657e-18)
(-0.140728 0.201636 -1.12206e-17)
(-0.0762708 0.235835 0)
(-0.00288311 0.244145 0)
(0.0677556 0.214744 -5.40851e-18)
(0.118709 0.143218 5.94815e-18)
(0.131996 0.0297293 -5.36492e-17)
(0.0956885 -0.111363 -3.99377e-17)
(-0.00103623 -0.25105 2.06033e-17)
(-0.136693 -0.365393 1.09887e-16)
(-0.258785 -0.391301 1.92236e-16)
(-0.169451 0.0855855 2.05205e-18)
(-0.127443 0.128145 7.37512e-18)
(-0.0667821 0.164106 1.99798e-17)
(0.00929374 0.184233 -2.12866e-17)
(0.0935086 0.178465 -1.90219e-17)
(0.172846 0.137459 -8.51529e-18)
(0.228456 0.0600859 6.188e-18)
(0.240959 -0.0517063 2.78669e-17)
(0.199021 -0.180159 1.00373e-16)
(0.0910592 -0.296916 8.7742e-17)
(-0.0608157 -0.381788 2.87005e-19)
(-0.200944 -0.35844 4.65282e-19)
(-0.121206 0.0686547 -3.15879e-18)
(-0.0718926 0.100137 -6.15381e-18)
(-0.00275791 0.123491 -1.21109e-17)
(0.0827434 0.130397 4.50969e-17)
(0.176061 0.112314 2.4407e-17)
(0.263601 0.062364 3.19056e-18)
(0.32491 -0.0176893 -2.73965e-17)
(0.340145 -0.125185 0)
(0.298253 -0.239083 9.90407e-20)
(0.185446 -0.331303 -1.99952e-16)
(0.0200985 -0.383138 -1.74908e-16)
(-0.136929 -0.311847 3.14534e-17)
(-0.0781167 0.0498744 0)
(-0.0232376 0.0701908 9.99008e-18)
(0.0523283 0.0811587 -1.75999e-17)
(0.145323 0.0755176 -3.08299e-17)
(0.246379 0.0463317 -2.7308e-17)
(0.342086 -0.0108606 -1.21139e-17)
(0.410199 -0.0915342 1.05679e-20)
(0.431689 -0.193396 -6.64711e-17)
(0.394161 -0.291267 -1.91768e-16)
(0.281183 -0.356559 1.35751e-16)
(0.104046 -0.371461 0)
(-0.0692678 -0.252449 -6.38358e-16)
(-0.0374468 0.0320815 0)
(0.0214817 0.0419129 -2.44596e-17)
(0.101781 0.0411438 2.37028e-17)
(0.200884 0.0234854 -6.63774e-18)
(0.308756 -0.0162878 1.10877e-16)
(0.412806 -0.0805488 5.10504e-17)
(0.488564 -0.162267 5.13281e-17)
(0.520241 -0.256905 1.088e-16)
(0.486279 -0.338975 1.25757e-16)
(0.375169 -0.372385 0)
(0.197838 -0.34188 0)
(9.24042e-05 -0.191644 5.0956e-16)
(0.0109751 0.0172852 -2.56295e-17)
(0.0714965 0.0179447 1.97422e-16)
(0.153391 0.00713205 6.92091e-17)
(0.256175 -0.0202307 1.35316e-16)
(0.369388 -0.0672566 -1.17943e-16)
(0.481439 -0.135673 -2.6382e-17)
(0.569897 -0.211596 2.50978e-17)
(0.607268 -0.308491 -3.32529e-17)
(0.561473 -0.347452 2.58417e-17)
(0.451003 -0.340923 0)
(0.283598 -0.291965 0)
(0.0734151 -0.135262 1.25801e-15)
(-0.495587 0.187736 0)
(-0.474192 0.299768 -3.50281e-17)
(-0.489145 0.330512 5.60217e-18)
(-0.490305 0.353832 0)
(-0.472044 0.383231 0)
(-0.438118 0.424226 4.94256e-18)
(-0.388791 0.475725 7.18511e-18)
(-0.323501 0.531692 -2.33781e-18)
(-0.244975 0.584688 9.14295e-18)
(-0.157197 0.62642 0)
(-0.0707276 0.65577 4.50651e-18)
(0.0148646 0.67569 1.13808e-18)
(-0.164847 0.214896 0)
(-0.334002 0.217318 0)
(-0.397273 0.237019 -2.35641e-17)
(-0.420086 0.266022 0)
(-0.414121 0.300757 -5.18929e-18)
(-0.386284 0.343704 1.00086e-17)
(-0.34123 0.393942 -2.42685e-17)
(-0.281115 0.445923 -2.35797e-18)
(-0.209753 0.493586 2.3084e-18)
(-0.131059 0.53097 9.09897e-18)
(-0.0523681 0.557907 0)
(0.0272321 0.577555 -1.13497e-18)
(-0.0123003 0.234728 0)
(-0.214196 0.163864 -9.21793e-18)
(-0.315998 0.1699 3.76882e-17)
(-0.355499 0.196757 -5.5837e-18)
(-0.360953 0.233197 0)
(-0.339867 0.276798 -1.53469e-17)
(-0.299684 0.325789 3.459e-17)
(-0.244833 0.374653 0)
(-0.17999 0.418209 0)
(-0.108902 0.451964 -8.04289e-18)
(-0.0366921 0.476035 3.41583e-18)
(0.0377634 0.493011 1.13834e-18)
(0.0833596 0.24184 0)
(-0.1231 0.125418 0)
(-0.244898 0.119036 -2.69673e-17)
(-0.296481 0.140427 5.85998e-18)
(-0.311697 0.176498 -5.52107e-18)
(-0.29749 0.220118 4.75163e-17)
(-0.262586 0.268121 -5.07251e-18)
(-0.213129 0.314707 1.23037e-17)
(-0.154453 0.355105 -1.19663e-17)
(-0.090155 0.385625 9.36932e-18)
(-0.0239039 0.406307 -4.61815e-18)
(0.0453647 0.418893 -1.148e-18)
(0.145044 0.238157 0)
(-0.0530688 0.0929343 4.43433e-17)
(-0.18202 0.0768356 2.91427e-17)
(-0.241897 0.0923269 0)
(-0.265333 0.127405 -1.74464e-17)
(-0.257935 0.170979 -3.31924e-17)
(-0.228628 0.218426 -3.44967e-17)
(-0.184758 0.263486 7.67414e-18)
(-0.132163 0.301456 9.8986e-18)
(-0.0743413 0.329006 -9.64724e-18)
(-0.0140463 0.345927 0)
(0.0495408 0.353143 0)
(0.183118 0.223689 0)
(0.00312657 0.061369 -4.93385e-17)
(-0.124924 0.0383431 7.98544e-18)
(-0.190294 0.0489481 -6.74633e-18)
(-0.220737 0.0833942 2.49475e-17)
(-0.220125 0.127315 5.90908e-18)
(-0.196742 0.174766 1.6914e-17)
(-0.158734 0.218976 -4.59364e-17)
(-0.112344 0.255091 2.60557e-18)
(-0.0610261 0.279903 -1.26071e-18)
(-0.00698378 0.292931 1.23348e-18)
(0.0502437 0.294428 0)
(0.204585 0.198607 0)
(0.0499981 0.0277252 -1.12781e-16)
(-0.0714215 0.0002644 0)
(-0.140167 0.00779374 -2.98904e-17)
(-0.17677 0.0425684 2.06276e-17)
(-0.183099 0.0875855 3.89139e-17)
(-0.166057 0.135707 -3.08069e-18)
(-0.13429 0.179679 2.04926e-17)
(-0.0943846 0.214402 0)
(-0.0498076 0.236709 -1.35008e-18)
(-0.00244962 0.245937 1.31302e-18)
(0.0477291 0.241854 0)
(0.210714 0.159981 0)
(0.0898876 -0.00841542 -1.67394e-17)
(-0.0198313 -0.0395979 1.03348e-17)
(-0.0900777 -0.0328533 -3.42822e-17)
(-0.132266 0.00351577 -6.29953e-17)
(-0.145926 0.0506497 -2.2205e-17)
(-0.135815 0.100207 -6.97539e-18)
(-0.110801 0.144512 -2.96468e-17)
(-0.0777896 0.178206 3.13595e-18)
(-0.0403054 0.198238 -1.35025e-17)
(-9.62778e-05 0.203934 1.44814e-18)
(0.0424208 0.194754 0)
(0.20607 0.111288 -3.96385e-16)
(0.122756 -0.0473403 1.66392e-16)
(0.0307221 -0.0826382 -8.81669e-17)
(-0.0388546 -0.0742286 -1.04439e-17)
(-0.0860666 -0.0349766 3.85583e-17)
(-0.107627 0.0155376 9.02974e-18)
(-0.105254 0.0674472 -8.44456e-18)
(-0.0877075 0.112633 2.55572e-21)
(-0.062118 0.145544 0)
(-0.0321529 0.163497 1.41778e-17)
(0.000456849 0.166047 0)
(0.0347969 0.152463 0)
(0.189613 0.0485915 5.02119e-16)
(0.148544 -0.088184 -2.50995e-16)
(0.0800448 -0.129291 1.53248e-16)
(0.0140813 -0.117893 1.15312e-16)
(-0.0372254 -0.0749805 1.34843e-17)
(-0.0672912 -0.0194746 5.04321e-17)
(-0.0737184 0.0361543 -5.24395e-17)
(-0.0645772 0.082945 3.23579e-17)
(-0.0470057 0.11525 5.0386e-18)
(-0.0249224 0.131307 1.89696e-17)
(-0.000240383 0.131182 -9.01808e-18)
(0.0256018 0.114002 0)
(0.160741 -0.0127094 0)
(0.165904 -0.131348 3.27727e-16)
(0.127142 -0.178555 -2.56457e-16)
(0.0690841 -0.166679 5.19458e-17)
(0.015784 -0.121704 -4.89857e-17)
(-0.0239538 -0.0592473 -9.14789e-17)
(-0.0410506 0.00271004 1.15666e-16)
(-0.0416016 0.0525643 -9.7685e-18)
(-0.0323268 0.0844578 0)
(-0.0180478 0.0988763 -3.35779e-17)
(-0.000932102 0.0967126 4.80214e-17)
(0.0168355 0.0767152 0)
(0.111658 -0.0351356 -9.07473e-16)
(0.176302 -0.163825 5.71481e-16)
(0.166983 -0.226024 5.61414e-16)
(0.126342 -0.216058 0)
(0.0762456 -0.178353 -4.36398e-16)
(0.0217629 -0.109037 -4.84453e-16)
(-0.0089749 -0.0392208 2.12836e-16)
(-0.0182399 0.0119135 -3.38041e-17)
(-0.0168586 0.0430531 2.96346e-17)
(-0.0100549 0.0557439 0)
(2.86413e-05 0.0521126 1.07659e-20)
(0.0102342 0.0300472 2.69062e-17)
)
;

boundaryField
{
    rotor
    {
        type            noSlip;
    }
    stator
    {
        type            noSlip;
    }
    front
    {
        type            empty;
    }
    back
    {
        type            empty;
    }
}


// ************************************************************************* //
