/*--------------------------------*- C++ -*----------------------------------*\
| =========                 |                                                 |
| \\      /  F ield         | OpenFOAM: The Open Source CFD Toolbox           |
|  \\    /   O peration     | Version:  v1912                                 |
|   \\  /    A nd           | Website:  www.openfoam.com                      |
|    \\/     M anipulation  |                                                 |
\*---------------------------------------------------------------------------*/
FoamFile
{
    version     2.0;
    format      ascii;
    class       surfaceScalarField;
    location    "450";
    object      phi;
}
// * * * * * * * * * * * * * * * * * * * * * * * * * * * * * * * * * * * * * //

dimensions      [0 3 -1 0 0 0 0];
oriented        oriented;


internalField   nonuniform List<scalar> 
5952
(
5.13988e-06
-5.14696e-06
8.74861e-06
-3.60888e-06
1.14849e-05
-2.73594e-06
1.29906e-05
-1.50535e-06
1.31607e-05
-1.69663e-07
1.15612e-05
1.60075e-06
7.22032e-06
4.34087e-06
9.13313e-07
6.3081e-06
-1.19517e-05
1.28646e-05
-2.64244e-05
1.44727e-05
-3.72357e-05
1.08109e-05
8.43517e-06
-4.56711e-05
1.58494e-06
-6.73182e-06
3.93808e-06
-5.96229e-06
4.16272e-06
-2.96007e-06
2.46107e-06
1.9695e-07
-1.54655e-06
3.83882e-06
-9.23771e-06
9.29253e-06
-2.06839e-05
1.57873e-05
-3.26783e-05
1.83027e-05
-3.84831e-05
1.86694e-05
-4.07413e-05
1.67308e-05
-4.31579e-05
1.32274e-05
1.04435e-05
-4.51663e-05
1.27796e-06
-8.00986e-06
9.90048e-07
-5.67441e-06
-1.2309e-06
-7.38823e-07
-6.33784e-06
5.30437e-06
-1.495e-05
1.24514e-05
-2.43028e-05
1.86456e-05
-2.99696e-05
2.14542e-05
-3.29928e-05
2.1326e-05
-3.41895e-05
1.98661e-05
-3.46395e-05
1.71808e-05
-3.54201e-05
1.40079e-05
1.1105e-05
-3.60818e-05
-1.72066e-06
-6.28923e-06
-4.69184e-06
-2.7031e-06
-9.4038e-06
3.9734e-06
-1.58135e-05
1.17144e-05
-2.18263e-05
1.84644e-05
-2.5446e-05
2.22655e-05
-2.6895e-05
2.29034e-05
-2.72882e-05
2.17193e-05
-2.72226e-05
1.98005e-05
-2.7121e-05
1.70792e-05
-2.71961e-05
1.40829e-05
1.11679e-05
-2.7259e-05
-3.65461e-06
-2.63444e-06
-8.54503e-06
2.18752e-06
-1.35815e-05
9.01021e-06
-1.78953e-05
1.60285e-05
-2.04229e-05
2.09922e-05
-2.10144e-05
2.28572e-05
-2.06352e-05
2.25243e-05
-1.99489e-05
2.1033e-05
-1.90895e-05
1.8941e-05
-1.84095e-05
1.63992e-05
-1.79717e-05
1.3645e-05
1.08618e-05
-1.76657e-05
-4.85187e-06
2.21761e-06
-9.74234e-06
7.07835e-06
-1.35478e-05
1.2816e-05
-1.55806e-05
1.80616e-05
-1.57598e-05
2.11718e-05
-1.4798e-05
2.18956e-05
-1.34218e-05
2.11483e-05
-1.20102e-05
1.96215e-05
-1.07208e-05
1.76517e-05
-9.68729e-06
1.53656e-05
-8.93069e-06
1.28884e-05
1.03183e-05
-8.38725e-06
-5.20325e-06
7.42144e-06
-9.31703e-06
1.11925e-05
-1.15667e-05
1.50661e-05
-1.17148e-05
1.82101e-05
-1.03221e-05
1.97794e-05
-8.29127e-06
1.98651e-05
-6.17134e-06
1.90284e-05
-4.21289e-06
1.76632e-05
-2.52407e-06
1.59629e-05
-1.16145e-06
1.4003e-05
-1.21062e-07
1.1848e-05
9.55157e-06
6.45702e-07
-5.18205e-06
1.26038e-05
-8.20716e-06
1.42178e-05
-8.82732e-06
1.56864e-05
-7.40163e-06
1.67846e-05
-4.82879e-06
1.72067e-05
-1.92103e-06
1.69575e-05
8.81017e-07
1.62265e-05
3.37862e-06
1.51656e-05
5.49546e-06
1.38461e-05
7.21129e-06
1.22872e-05
8.54942e-06
1.05099e-05
8.54268e-06
9.5583e-06
-4.59042e-06
1.71944e-05
-6.36696e-06
1.59944e-05
-5.25885e-06
1.45784e-05
-2.4385e-06
1.39642e-05
1.17135e-06
1.35969e-05
4.87018e-06
1.32587e-05
8.29006e-06
1.28067e-05
1.12765e-05
1.21792e-05
1.37831e-05
1.13394e-05
1.58163e-05
1.02541e-05
1.74189e-05
8.90727e-06
7.31458e-06
1.8647e-05
-4.0429e-06
2.12373e-05
-3.06732e-06
1.50189e-05
5.34724e-07
1.09763e-05
4.8443e-06
9.65465e-06
9.33655e-06
9.10465e-06
1.35733e-05
9.0219e-06
1.73283e-05
9.05173e-06
2.05289e-05
8.97861e-06
2.31797e-05
8.68865e-06
2.53196e-05
8.11414e-06
2.70138e-05
7.2131e-06
6.00199e-06
2.83264e-05
5.69179e-07
2.06682e-05
6.0884e-06
9.49963e-06
1.19608e-05
5.10394e-06
1.72995e-05
4.31586e-06
2.19872e-05
4.41695e-06
2.60097e-05
4.99941e-06
2.94061e-05
5.65538e-06
3.22252e-05
6.15956e-06
3.45254e-05
6.38839e-06
3.63681e-05
6.27149e-06
3.78308e-05
5.75038e-06
4.8574e-06
3.89754e-05
2.04077e-05
2.60404e-07
2.86902e-05
1.21705e-06
3.37488e-05
4.52959e-08
3.76078e-05
4.56907e-07
4.05802e-05
1.44446e-06
4.30143e-05
2.56534e-06
4.50513e-05
3.61837e-06
4.67356e-05
4.47532e-06
4.81003e-05
5.02369e-06
4.91798e-05
5.19206e-06
5.00396e-05
4.89055e-06
5.07243e-05
4.17273e-06
-5.15741e-05
5.90279e-06
-5.55313e-05
3.95707e-06
-5.73544e-05
1.82297e-06
-5.74018e-05
4.73684e-08
-5.56409e-05
-1.76101e-06
-5.21691e-05
-3.4718e-06
-4.67206e-05
-5.44849e-06
-3.93313e-05
-7.38926e-06
-2.98023e-05
-9.52902e-06
-1.83766e-05
-1.14257e-05
-6.99451e-06
-1.1382e-05
-6.99449e-06
-4.6815e-05
7.55135e-06
-4.7643e-05
4.78501e-06
-4.79535e-05
2.13339e-06
-4.75497e-05
-3.56475e-07
-4.6467e-05
-2.8437e-06
-4.44273e-05
-5.51153e-06
-4.14228e-05
-8.45289e-06
-3.70749e-05
-1.17371e-05
-3.12218e-05
-1.53822e-05
-2.35522e-05
-1.90952e-05
-1.31254e-05
-2.18088e-05
-2.01199e-05
-3.6687e-05
8.15646e-06
-3.71606e-05
5.25856e-06
-3.7409e-05
2.38177e-06
-3.72411e-05
-5.24406e-07
-3.65016e-05
-3.58317e-06
-3.51239e-05
-6.88931e-06
-3.30028e-05
-1.0574e-05
-3.00072e-05
-1.47327e-05
-2.60507e-05
-1.93386e-05
-2.06538e-05
-2.44921e-05
-1.28003e-05
-2.96623e-05
-3.29201e-05
-2.73175e-05
8.21488e-06
-2.73133e-05
5.25434e-06
-2.71842e-05
2.25262e-06
-2.68536e-05
-8.54964e-07
-2.62585e-05
-4.17828e-06
-2.53264e-05
-7.82142e-06
-2.39641e-05
-1.19363e-05
-2.20436e-05
-1.66532e-05
-1.93506e-05
-2.20316e-05
-1.53947e-05
-2.8448e-05
-9.41184e-06
-3.56452e-05
-4.23319e-05
-1.74681e-05
8.01723e-06
-1.7327e-05
5.1132e-06
-1.71871e-05
2.11271e-06
-1.69917e-05
-1.05039e-06
-1.66963e-05
-4.4737e-06
-1.62498e-05
-8.2679e-06
-1.55931e-05
-1.2593e-05
-1.46612e-05
-1.7585e-05
-1.32511e-05
-2.34417e-05
-1.11421e-05
-3.0557e-05
-7.44612e-06
-3.93411e-05
-4.97781e-05
-8.02126e-06
7.65122e-06
-7.78906e-06
4.88097e-06
-7.6494e-06
1.97303e-06
-7.5673e-06
-1.1325e-06
-7.51845e-06
-4.52255e-06
-7.48004e-06
-8.3063e-06
-7.44642e-06
-1.26266e-05
-7.37719e-06
-1.76542e-05
-7.1574e-06
-2.36615e-05
-6.60324e-06
-3.11112e-05
-4.88169e-06
-4.10627e-05
-5.46598e-05
1.1789e-06
7.118e-06
1.51521e-06
4.54464e-06
1.68299e-06
1.80524e-06
1.69829e-06
-1.1478e-06
1.5624e-06
-4.38666e-06
1.26354e-06
-8.00742e-06
7.7506e-07
-1.21381e-05
8.11743e-08
-1.69603e-05
-7.92774e-07
-2.27875e-05
-1.72559e-06
-3.01783e-05
-2.25249e-06
-4.05358e-05
-5.69122e-05
1.02839e-05
6.39236e-06
1.076e-05
4.06856e-06
1.10067e-05
1.55853e-06
1.10263e-05
-1.16745e-06
1.08013e-05
-4.16164e-06
1.02904e-05
-7.49653e-06
9.42102e-06
-1.12687e-05
8.10144e-06
-1.56407e-05
6.23874e-06
-2.09248e-05
3.81594e-06
-2.77555e-05
1.21694e-06
-3.79368e-05
-5.56953e-05
1.9557e-05
5.48232e-06
2.01839e-05
3.44172e-06
2.05456e-05
1.19679e-06
2.06358e-05
-1.25766e-06
2.04229e-05
-3.9487e-06
1.98415e-05
-6.91509e-06
1.87695e-05
-1.01967e-05
1.70297e-05
-1.39009e-05
1.43769e-05
-1.8272e-05
1.05556e-05
-2.39342e-05
5.66309e-06
-3.30443e-05
-5.00322e-05
2.93273e-05
4.48135e-06
3.00514e-05
2.71763e-06
3.05189e-05
7.29259e-07
3.0719e-05
-1.45773e-06
3.06089e-05
-3.83861e-06
3.01045e-05
-6.4106e-06
2.90409e-05
-9.13304e-06
2.71629e-05
-1.2023e-05
2.40598e-05
-1.51688e-05
1.92252e-05
-1.90996e-05
1.18455e-05
-2.56647e-05
-3.81867e-05
3.98863e-05
3.57051e-06
4.05877e-05
2.01618e-06
4.11033e-05
2.13682e-07
4.14195e-05
-1.77394e-06
4.14841e-05
-3.90314e-06
4.11991e-05
-6.12557e-06
4.03723e-05
-8.30622e-06
3.8705e-05
-1.03556e-05
3.56485e-05
-1.21122e-05
3.04629e-05
-1.3914e-05
2.06271e-05
-1.58288e-05
-1.75595e-05
5.13404e-05
2.95446e-06
5.18862e-05
1.47039e-06
5.23867e-05
-2.86827e-07
5.28196e-05
-2.20683e-06
5.31178e-05
-4.20126e-06
5.31718e-05
-6.17963e-06
5.2787e-05
-7.92132e-06
5.16923e-05
-9.26088e-06
4.93628e-05
-9.78266e-06
4.48615e-05
-9.41266e-06
3.45447e-05
-5.51194e-06
1.69851e-05
5.14297e-06
-5.14311e-06
8.75161e-06
-3.60867e-06
1.14872e-05
-2.73562e-06
1.2993e-05
-1.50541e-06
1.31632e-05
-1.70221e-07
1.1566e-05
1.59835e-06
7.22715e-06
4.33842e-06
9.22807e-07
6.30536e-06
-1.19386e-05
1.28609e-05
-2.64142e-05
1.44756e-05
-3.72294e-05
1.08149e-05
8.43779e-06
-4.56674e-05
1.58716e-06
-6.73039e-06
3.94114e-06
-5.96283e-06
4.16709e-06
-2.96138e-06
2.46712e-06
1.95022e-07
-1.53819e-06
3.83548e-06
-9.22602e-06
9.28663e-06
-2.06716e-05
1.57841e-05
-3.26707e-05
1.83046e-05
-3.84818e-05
1.86719e-05
-4.07416e-05
1.67353e-05
-4.31578e-05
1.32311e-05
1.04462e-05
-4.51663e-05
1.28042e-06
-8.01087e-06
9.94526e-07
-5.67698e-06
-1.22413e-06
-7.42569e-07
-6.32752e-06
5.29873e-06
-1.49376e-05
1.24458e-05
-2.42947e-05
1.86439e-05
-2.9967e-05
2.14564e-05
-3.29923e-05
2.13301e-05
-3.41905e-05
1.987e-05
-3.46406e-05
1.71853e-05
-3.54212e-05
1.40115e-05
1.11079e-05
-3.60831e-05
-1.71839e-06
-6.29241e-06
-4.68689e-06
-2.70839e-06
-9.3963e-06
3.96711e-06
-1.5806e-05
1.17087e-05
-2.1822e-05
1.84619e-05
-2.54453e-05
2.22674e-05
-2.68961e-05
2.29072e-05
-2.72898e-05
2.17238e-05
-2.72244e-05
1.98046e-05
-2.71226e-05
1.70834e-05
-2.71975e-05
1.40864e-05
1.11707e-05
-2.72605e-05
-3.65296e-06
-2.6393e-06
-8.54193e-06
2.18101e-06
-1.35786e-05
9.004e-06
-1.78943e-05
1.60247e-05
-2.04243e-05
2.09922e-05
-2.10168e-05
2.28601e-05
-2.06376e-05
2.25282e-05
-1.99511e-05
2.10372e-05
-1.90914e-05
1.89449e-05
-1.8411e-05
1.64029e-05
-1.7973e-05
1.36482e-05
1.08645e-05
-1.76669e-05
-4.8507e-06
2.21253e-06
-9.74223e-06
7.07278e-06
-1.35492e-05
1.28114e-05
-1.55833e-05
1.80594e-05
-1.57633e-05
2.11724e-05
-1.48011e-05
2.18983e-05
-1.34244e-05
2.11516e-05
-1.20121e-05
1.96251e-05
-1.07224e-05
1.7655e-05
-9.68838e-06
1.53689e-05
-8.93157e-06
1.28913e-05
1.03208e-05
-8.38792e-06
-5.20417e-06
7.41707e-06
-9.31903e-06
1.11882e-05
-1.157e-05
1.50627e-05
-1.17187e-05
1.82084e-05
-1.03257e-05
1.97798e-05
-8.29424e-06
1.9867e-05
-6.17347e-06
1.9031e-05
-4.21439e-06
1.7666e-05
-2.52503e-06
1.59658e-05
-1.16203e-06
1.40059e-05
-1.21375e-07
1.18506e-05
9.55389e-06
6.45522e-07
-5.18358e-06
1.26011e-05
-8.21012e-06
1.42148e-05
-8.83111e-06
1.56839e-05
-7.40555e-06
1.67831e-05
-4.83217e-06
1.72066e-05
-1.92358e-06
1.69585e-05
8.79296e-07
1.62283e-05
3.37761e-06
1.51678e-05
5.49498e-06
1.38484e-05
7.21118e-06
1.22897e-05
8.54955e-06
1.05123e-05
8.54486e-06
9.55856e-06
-4.59233e-06
1.71935e-05
-6.36984e-06
1.59924e-05
-5.26226e-06
1.45763e-05
-2.4419e-06
1.39628e-05
1.16845e-06
1.35964e-05
4.86804e-06
1.3259e-05
8.28869e-06
1.28077e-05
1.12758e-05
1.21807e-05
1.37829e-05
1.13413e-05
1.58165e-05
1.02561e-05
1.74193e-05
8.9094e-06
7.31662e-06
1.86475e-05
-4.04403e-06
2.12377e-05
-3.06907e-06
1.50175e-05
5.32452e-07
1.09748e-05
4.8419e-06
9.65331e-06
9.33446e-06
9.1038e-06
1.35718e-05
9.0217e-06
1.73273e-05
9.05217e-06
2.05284e-05
8.9796e-06
2.31796e-05
8.69008e-06
2.53199e-05
8.11589e-06
2.70142e-05
7.215e-06
6.0039e-06
2.8327e-05
5.69222e-07
2.06686e-05
6.08785e-06
9.49895e-06
1.19597e-05
5.10291e-06
1.72983e-05
4.31474e-06
2.19861e-05
4.41609e-06
2.60088e-05
4.99901e-06
2.94054e-05
5.65554e-06
3.22248e-05
6.16024e-06
3.45253e-05
6.38954e-06
3.63682e-05
6.273e-06
3.78311e-05
5.75209e-06
4.85918e-06
3.89759e-05
2.0408e-05
2.60736e-07
2.86903e-05
1.21661e-06
3.37486e-05
4.47109e-08
3.76072e-05
4.56154e-07
4.05795e-05
1.44379e-06
4.30135e-05
2.56496e-06
4.50507e-05
3.61843e-06
4.67351e-05
4.47585e-06
4.81e-05
5.02467e-06
4.91796e-05
5.19339e-06
5.00396e-05
4.89212e-06
5.07244e-05
4.17437e-06
-5.15724e-05
5.90475e-06
-5.55311e-05
3.95859e-06
-5.73551e-05
1.82392e-06
-5.74033e-05
4.80826e-08
-5.56427e-05
-1.76064e-06
-5.21711e-05
-3.47162e-06
-4.67227e-05
-5.44846e-06
-3.93333e-05
-7.38939e-06
-2.98041e-05
-9.52928e-06
-1.8378e-05
-1.14261e-05
-6.99547e-06
-1.13826e-05
-6.99549e-06
-4.68156e-05
7.55397e-06
-4.7644e-05
4.78685e-06
-4.79549e-05
2.13471e-06
-4.75513e-05
-3.55595e-07
-4.64687e-05
-2.84322e-06
-4.4429e-05
-5.51136e-06
-4.14246e-05
-8.45297e-06
-3.70765e-05
-1.17375e-05
-3.12231e-05
-1.53827e-05
-2.35531e-05
-1.9096e-05
-1.3126e-05
-2.18098e-05
-2.01215e-05
-3.66882e-05
8.15895e-06
-3.71619e-05
5.26047e-06
-3.74104e-05
2.38316e-06
-3.72425e-05
-5.23496e-07
-3.65031e-05
-3.5827e-06
-3.51253e-05
-6.8892e-06
-3.30041e-05
-1.05742e-05
-3.00083e-05
-1.47332e-05
-2.60517e-05
-1.93394e-05
-2.06544e-05
-2.44933e-05
-1.28005e-05
-2.96637e-05
-3.2922e-05
-2.73188e-05
8.21725e-06
-2.73146e-05
5.25617e-06
-2.71854e-05
2.25392e-06
-2.68549e-05
-8.5413e-07
-2.62597e-05
-4.17788e-06
-2.53275e-05
-7.8214e-06
-2.39651e-05
-1.19366e-05
-2.20445e-05
-1.66538e-05
-1.93514e-05
-2.20325e-05
-1.53954e-05
-2.84493e-05
-9.41224e-06
-3.56469e-05
-4.23343e-05
-1.74691e-05
8.01945e-06
-1.73279e-05
5.11491e-06
-1.7188e-05
2.11395e-06
-1.69926e-05
-1.04962e-06
-1.66971e-05
-4.47334e-06
-1.62506e-05
-8.26795e-06
-1.55938e-05
-1.25935e-05
-1.46619e-05
-1.75858e-05
-1.32516e-05
-2.34428e-05
-1.11425e-05
-3.05585e-05
-7.44634e-06
-3.93431e-05
-4.97806e-05
-8.02185e-06
7.65328e-06
-7.78957e-06
4.8826e-06
-7.6499e-06
1.9742e-06
-7.56778e-06
-1.13176e-06
-7.51894e-06
-4.52224e-06
-7.48052e-06
-8.30639e-06
-7.44689e-06
-1.26271e-05
-7.37761e-06
-1.76551e-05
-7.15777e-06
-2.36627e-05
-6.60356e-06
-3.11128e-05
-4.88191e-06
-4.10648e-05
-5.46626e-05
1.1788e-06
7.11997e-06
1.51514e-06
4.54621e-06
1.68292e-06
1.80639e-06
1.69819e-06
-1.14707e-06
1.56228e-06
-4.38636e-06
1.26339e-06
-8.00754e-06
7.74907e-07
-1.21387e-05
8.10334e-08
-1.69612e-05
-7.92915e-07
-2.27888e-05
-1.72569e-06
-3.01801e-05
-2.2526e-06
-4.0538e-05
-5.69152e-05
1.02842e-05
6.39426e-06
1.07603e-05
4.07012e-06
1.1007e-05
1.5597e-06
1.10266e-05
-1.1667e-06
1.08015e-05
-4.16132e-06
1.02906e-05
-7.49664e-06
9.42117e-06
-1.12692e-05
8.10157e-06
-1.56416e-05
6.23886e-06
-2.09261e-05
3.81602e-06
-2.77573e-05
1.21698e-06
-3.7939e-05
-5.56983e-05
1.95576e-05
5.48416e-06
2.01844e-05
3.44325e-06
2.05462e-05
1.19797e-06
2.06363e-05
-1.25689e-06
2.04234e-05
-3.94836e-06
1.98419e-05
-6.91518e-06
1.87699e-05
-1.01972e-05
1.70302e-05
-1.39018e-05
1.43773e-05
-1.82733e-05
1.05559e-05
-2.39359e-05
5.66328e-06
-3.30464e-05
-5.0035e-05
2.9328e-05
4.48311e-06
3.00521e-05
2.71914e-06
3.05196e-05
7.3043e-07
3.07197e-05
-1.45695e-06
3.06096e-05
-3.83827e-06
3.01052e-05
-6.4107e-06
2.90415e-05
-9.13357e-06
2.71636e-05
-1.20239e-05
2.40604e-05
-1.517e-05
1.92257e-05
-1.91012e-05
1.18459e-05
-2.56666e-05
-3.8189e-05
3.98868e-05
3.57219e-06
4.05883e-05
2.01764e-06
4.11039e-05
2.14802e-07
4.14202e-05
-1.77322e-06
4.14849e-05
-3.90287e-06
4.11999e-05
-6.12575e-06
4.03732e-05
-8.30682e-06
3.8706e-05
-1.03566e-05
3.56494e-05
-1.21135e-05
3.04638e-05
-1.39155e-05
2.06277e-05
-1.58304e-05
-1.75612e-05
5.13406e-05
2.95602e-06
5.18865e-05
1.47172e-06
5.23872e-05
-2.85824e-07
5.28202e-05
-2.20625e-06
5.31185e-05
-4.20113e-06
5.31728e-05
-6.17996e-06
5.2788e-05
-7.92206e-06
5.16935e-05
-9.26198e-06
4.93641e-05
-9.78401e-06
4.48627e-05
-9.41409e-06
3.45456e-05
-5.51328e-06
1.69845e-05
5.14198e-06
-5.14178e-06
8.74966e-06
-3.60743e-06
1.14845e-05
-2.73451e-06
1.29899e-05
-1.50466e-06
1.31598e-05
-1.6938e-07
1.15601e-05
1.60143e-06
7.21841e-06
4.34189e-06
9.11188e-07
6.30882e-06
-1.19545e-05
1.28653e-05
-2.64261e-05
1.44716e-05
-3.72362e-05
1.08097e-05
8.43444e-06
-4.5671e-05
1.5855e-06
-6.72719e-06
3.93741e-06
-5.95941e-06
4.16157e-06
-2.95821e-06
2.45985e-06
1.97931e-07
-1.54817e-06
3.83949e-06
-9.23972e-06
9.29372e-06
-2.06854e-05
1.57879e-05
-3.26782e-05
1.83018e-05
-3.84814e-05
1.86684e-05
-4.07393e-05
1.67294e-05
-4.31562e-05
1.32264e-05
1.04428e-05
-4.51648e-05
1.27901e-06
-8.00632e-06
9.91001e-07
-5.67143e-06
-1.23023e-06
-7.36737e-07
-6.33785e-06
5.30604e-06
-1.49507e-05
1.24527e-05
-2.43027e-05
1.8646e-05
-2.99679e-05
2.14533e-05
-3.29908e-05
2.13247e-05
-3.41873e-05
1.98649e-05
-3.46375e-05
1.71795e-05
-3.54183e-05
1.4007e-05
1.11044e-05
-3.608e-05
-1.71972e-06
-6.28667e-06
-4.6908e-06
-2.70027e-06
-9.40319e-06
3.97589e-06
-1.58131e-05
1.17163e-05
-2.18253e-05
1.84651e-05
-2.54439e-05
2.22649e-05
-2.68925e-05
2.29021e-05
-2.72858e-05
2.17181e-05
-2.72202e-05
1.97994e-05
-2.71189e-05
1.70782e-05
-2.71941e-05
1.40821e-05
1.11674e-05
-2.72572e-05
-3.65405e-06
-2.63249e-06
-8.54438e-06
2.19029e-06
-1.35807e-05
9.01254e-06
-1.78939e-05
1.60298e-05
-2.04207e-05
2.09923e-05
-2.10119e-05
2.28563e-05
-2.06328e-05
2.25231e-05
-1.99466e-05
2.10319e-05
-1.90873e-05
1.89401e-05
-1.84076e-05
1.63984e-05
-1.797e-05
1.36445e-05
1.08615e-05
-1.76642e-05
-4.85178e-06
2.21964e-06
-9.74172e-06
7.08062e-06
-1.35466e-05
1.28178e-05
-1.55788e-05
1.80624e-05
-1.57577e-05
2.11716e-05
-1.47959e-05
2.18948e-05
-1.34198e-05
2.11473e-05
-1.20083e-05
1.96206e-05
-1.07191e-05
1.76509e-05
-9.68574e-06
1.5365e-05
-8.9293e-06
1.2888e-05
1.03181e-05
-8.38601e-06
-5.20292e-06
7.42324e-06
-9.3162e-06
1.11943e-05
-1.15653e-05
1.50674e-05
-1.1713e-05
1.82105e-05
-1.03202e-05
1.97791e-05
-8.28951e-06
1.98644e-05
-6.16972e-06
1.90276e-05
-4.2114e-06
1.76624e-05
-2.5227e-06
1.59622e-05
-1.1602e-06
1.40026e-05
-1.19929e-07
1.18477e-05
9.55148e-06
6.46736e-07
-5.18172e-06
1.26052e-05
-8.20628e-06
1.42192e-05
-8.82601e-06
1.56873e-05
-7.40012e-06
1.67848e-05
-4.82729e-06
1.72064e-05
-1.91962e-06
1.69568e-05
8.82336e-07
1.62257e-05
3.37985e-06
1.51649e-05
5.49662e-06
1.38455e-05
7.21236e-06
1.22869e-05
8.55041e-06
1.05097e-05
8.54267e-06
9.55923e-06
-4.58999e-06
1.71956e-05
-6.36605e-06
1.59954e-05
-5.25761e-06
1.4579e-05
-2.4371e-06
1.39644e-05
1.17275e-06
1.35966e-05
4.87154e-06
1.3258e-05
8.29134e-06
1.28059e-05
1.12777e-05
1.21785e-05
1.37843e-05
1.13389e-05
1.58174e-05
1.02538e-05
1.74199e-05
8.90716e-06
7.31466e-06
1.8648e-05
-4.04243e-06
2.1238e-05
-3.06643e-06
1.50194e-05
5.36015e-07
1.09765e-05
4.84582e-06
9.65451e-06
9.33815e-06
9.10418e-06
1.35749e-05
9.02123e-06
1.73298e-05
9.05101e-06
2.05303e-05
8.97799e-06
2.3181e-05
8.68822e-06
2.53208e-05
8.11393e-06
2.70149e-05
7.2131e-06
6.00218e-06
2.83274e-05
5.69637e-07
2.06685e-05
6.08954e-06
9.49947e-06
1.19624e-05
5.10365e-06
1.73014e-05
4.31541e-06
2.19892e-05
4.41634e-06
2.60117e-05
4.99871e-06
2.94079e-05
5.65471e-06
3.22269e-05
6.15903e-06
3.4527e-05
6.38809e-06
3.63695e-05
6.27143e-06
3.78321e-05
5.75055e-06
4.85775e-06
3.89766e-05
2.04089e-05
2.59514e-07
2.8692e-05
1.21627e-06
3.37509e-05
4.47263e-08
3.761e-05
4.56288e-07
4.05825e-05
1.44377e-06
4.30165e-05
2.56465e-06
4.50534e-05
3.61778e-06
4.67375e-05
4.47494e-06
4.8102e-05
5.02357e-06
4.91813e-05
5.19222e-06
5.00409e-05
4.89094e-06
5.07254e-05
4.17328e-06
-5.15736e-05
5.90231e-06
-5.55306e-05
3.95675e-06
-5.73537e-05
1.82285e-06
-5.74011e-05
4.72694e-08
-5.56402e-05
-1.761e-06
-5.21685e-05
-3.47177e-06
-4.67202e-05
-5.44839e-06
-3.93311e-05
-7.38914e-06
-2.98023e-05
-9.52889e-06
-1.83768e-05
-1.14255e-05
-6.99494e-06
-1.13821e-05
-6.99499e-06
-4.68135e-05
7.55078e-06
-4.76417e-05
4.78472e-06
-4.79522e-05
2.13326e-06
-4.75486e-05
-3.56501e-07
-4.6466e-05
-2.84363e-06
-4.44265e-05
-5.5114e-06
-4.14223e-05
-8.45271e-06
-3.70745e-05
-1.17369e-05
-3.12215e-05
-1.53819e-05
-2.3552e-05
-1.9095e-05
-1.31255e-05
-2.18087e-05
-2.01205e-05
-3.66854e-05
8.15602e-06
-3.71592e-05
5.25832e-06
-3.74077e-05
2.38169e-06
-3.724e-05
-5.24353e-07
-3.65007e-05
-3.583e-06
-3.51231e-05
-6.88905e-06
-3.30022e-05
-1.05737e-05
-3.00067e-05
-1.47324e-05
-2.60504e-05
-1.93383e-05
-2.06535e-05
-2.44919e-05
-1.28e-05
-2.96623e-05
-3.29205e-05
-2.73159e-05
8.21458e-06
-2.73119e-05
5.25423e-06
-2.7183e-05
2.25268e-06
-2.68526e-05
-8.54772e-07
-2.62577e-05
-4.17798e-06
-2.53257e-05
-7.82104e-06
-2.39636e-05
-1.19359e-05
-2.20432e-05
-1.66528e-05
-1.93504e-05
-2.20312e-05
-1.53946e-05
-2.84477e-05
-9.41183e-06
-3.56451e-05
-4.23323e-05
-1.74668e-05
8.01707e-06
-1.73258e-05
5.11323e-06
-1.71861e-05
2.11288e-06
-1.69908e-05
-1.0501e-06
-1.66955e-05
-4.47331e-06
-1.62492e-05
-8.26744e-06
-1.55925e-05
-1.25925e-05
-1.46608e-05
-1.75845e-05
-1.32508e-05
-2.34412e-05
-1.11419e-05
-3.05566e-05
-7.44605e-06
-3.9341e-05
-4.97784e-05
-8.02015e-06
7.65119e-06
-7.78808e-06
4.88109e-06
-7.64851e-06
1.97328e-06
-7.56651e-06
-1.13215e-06
-7.51773e-06
-4.52212e-06
-7.47941e-06
-8.3058e-06
-7.44588e-06
-1.26261e-05
-7.37676e-06
-1.76536e-05
-7.15711e-06
-2.36609e-05
-6.60308e-06
-3.11107e-05
-4.88165e-06
-4.10625e-05
-5.46601e-05
1.17983e-06
7.11807e-06
1.51607e-06
4.54483e-06
1.68377e-06
1.80554e-06
1.69901e-06
-1.14742e-06
1.56308e-06
-4.38622e-06
1.26417e-06
-8.00692e-06
7.75643e-07
-1.21376e-05
8.16721e-08
-1.69597e-05
-7.92387e-07
-2.27869e-05
-1.72536e-06
-3.01778e-05
-2.25239e-06
-4.05356e-05
-5.69125e-05
1.02848e-05
6.39249e-06
1.07608e-05
4.06882e-06
1.10074e-05
1.55887e-06
1.1027e-05
-1.16705e-06
1.0802e-05
-4.1612e-06
1.02911e-05
-7.49605e-06
9.42168e-06
-1.12681e-05
8.10205e-06
-1.564e-05
6.23924e-06
-2.09241e-05
3.81628e-06
-2.77549e-05
1.21711e-06
-3.79364e-05
-5.56955e-05
1.95579e-05
5.48254e-06
2.01847e-05
3.44203e-06
2.05464e-05
1.19718e-06
2.06365e-05
-1.25724e-06
2.04236e-05
-3.94828e-06
1.98422e-05
-6.91464e-06
1.87702e-05
-1.01962e-05
1.70305e-05
-1.39003e-05
1.43776e-05
-1.82712e-05
1.05561e-05
-2.39334e-05
5.66336e-06
-3.30438e-05
-5.00321e-05
2.93283e-05
4.48167e-06
3.00523e-05
2.71802e-06
3.05197e-05
7.29702e-07
3.07198e-05
-1.45729e-06
3.06097e-05
-3.8382e-06
3.01053e-05
-6.41019e-06
2.90417e-05
-9.13257e-06
2.71638e-05
-1.20223e-05
2.40606e-05
-1.5168e-05
1.92259e-05
-1.90987e-05
1.18459e-05
-2.56638e-05
-3.81862e-05
3.98873e-05
3.57097e-06
4.05886e-05
2.01668e-06
4.11041e-05
2.14183e-07
4.14203e-05
-1.77348e-06
4.14849e-05
-3.90276e-06
4.12e-05
-6.12522e-06
4.03732e-05
-8.3058e-06
3.8706e-05
-1.0355e-05
3.56494e-05
-1.21114e-05
3.04638e-05
-1.3913e-05
2.06277e-05
-1.58277e-05
-1.75584e-05
5.13414e-05
2.95506e-06
5.18871e-05
1.47097e-06
5.23876e-05
-2.86287e-07
5.28205e-05
-2.20638e-06
5.31186e-05
-4.20091e-06
5.31728e-05
-6.17933e-06
5.27879e-05
-7.92095e-06
5.16933e-05
-9.26032e-06
4.93638e-05
-9.78186e-06
4.48625e-05
-9.41167e-06
3.45454e-05
-5.51062e-06
1.6987e-05
5.14292e-06
-5.14304e-06
8.75142e-06
-3.60851e-06
1.14869e-05
-2.7355e-06
1.29926e-05
-1.50527e-06
1.31625e-05
-1.69978e-07
1.15642e-05
1.59951e-06
7.2239e-06
4.33989e-06
9.17631e-07
6.3073e-06
-1.19466e-05
1.28637e-05
-2.64212e-05
1.44747e-05
-3.72346e-05
1.0813e-05
8.43662e-06
-4.56714e-05
1.58695e-06
-6.7301e-06
3.94049e-06
-5.96222e-06
4.16581e-06
-2.96062e-06
2.46499e-06
1.96035e-07
-1.54188e-06
3.83729e-06
-9.2319e-06
9.29e-06
-2.06783e-05
1.57864e-05
-3.26755e-05
1.83046e-05
-3.84834e-05
1.86715e-05
-4.07423e-05
1.67336e-05
-4.3159e-05
1.32296e-05
1.04451e-05
-4.51676e-05
1.27999e-06
-8.01013e-06
9.93416e-07
-5.67569e-06
-1.22626e-06
-7.40783e-07
-6.3314e-06
5.30151e-06
-1.49428e-05
1.24489e-05
-2.42984e-05
1.86458e-05
-2.99686e-05
2.14567e-05
-3.29932e-05
2.13292e-05
-3.41908e-05
1.9869e-05
-3.46409e-05
1.71837e-05
-3.54217e-05
1.40102e-05
1.11068e-05
-3.60835e-05
-1.71886e-06
-6.29119e-06
-4.68818e-06
-2.70627e-06
-9.39859e-06
3.9699e-06
-1.58086e-05
1.17117e-05
-2.18237e-05
1.84642e-05
-2.54458e-05
2.22682e-05
-2.6896e-05
2.29069e-05
-2.72896e-05
2.17228e-05
-2.72242e-05
1.98035e-05
-2.71226e-05
1.7082e-05
-2.71976e-05
1.40851e-05
1.11696e-05
-2.72605e-05
-3.65328e-06
-2.63775e-06
-8.54262e-06
2.18352e-06
-1.35794e-05
9.00686e-06
-1.78946e-05
1.60273e-05
-2.04239e-05
2.09938e-05
-2.10161e-05
2.28605e-05
-2.06369e-05
2.25279e-05
-1.99505e-05
2.10364e-05
-1.90909e-05
1.8944e-05
-1.84108e-05
1.64017e-05
-1.79729e-05
1.36472e-05
1.08635e-05
-1.76668e-05
-4.8509e-06
2.21434e-06
-9.74215e-06
7.07502e-06
-1.35487e-05
1.28139e-05
-1.55825e-05
1.80615e-05
-1.57622e-05
2.11738e-05
-1.48e-05
2.18987e-05
-1.34235e-05
2.11514e-05
-1.20114e-05
1.96245e-05
-1.07219e-05
1.76543e-05
-9.68806e-06
1.5368e-05
-8.93137e-06
1.28903e-05
1.03199e-05
-8.3878e-06
-5.20388e-06
7.41861e-06
-9.31843e-06
1.11901e-05
-1.1569e-05
1.50648e-05
-1.17175e-05
1.82103e-05
-1.03244e-05
1.97811e-05
-8.29302e-06
1.98675e-05
-6.17248e-06
1.90311e-05
-4.21363e-06
1.76657e-05
-2.52446e-06
1.59652e-05
-1.16163e-06
1.40051e-05
-1.21082e-07
1.18498e-05
9.553e-06
6.45759e-07
-5.18316e-06
1.26022e-05
-8.20934e-06
1.42164e-05
-8.82997e-06
1.56857e-05
-7.40416e-06
1.67847e-05
-4.83075e-06
1.72079e-05
-1.92229e-06
1.69592e-05
8.80369e-07
1.62285e-05
3.37846e-06
1.51677e-05
5.49564e-06
1.38481e-05
7.2117e-06
1.22891e-05
8.54998e-06
1.05115e-05
8.54402e-06
9.55895e-06
-4.59195e-06
1.71943e-05
-6.3691e-06
1.59937e-05
-5.26117e-06
1.45777e-05
-2.44054e-06
1.39642e-05
1.16987e-06
1.35975e-05
4.86936e-06
1.32598e-05
8.28983e-06
1.28081e-05
1.12767e-05
1.21808e-05
1.37837e-05
1.13411e-05
1.58171e-05
1.02557e-05
1.74199e-05
8.90872e-06
7.31581e-06
1.86481e-05
-4.04384e-06
2.12383e-05
-3.06859e-06
1.50185e-05
5.33304e-07
1.09759e-05
4.84302e-06
9.65444e-06
9.33568e-06
9.10487e-06
1.35729e-05
9.02256e-06
1.73283e-05
9.05273e-06
2.05293e-05
8.97984e-06
2.31804e-05
8.68999e-06
2.53206e-05
8.11549e-06
2.7015e-05
7.21437e-06
6.00311e-06
2.83277e-05
5.69229e-07
2.06692e-05
6.08815e-06
9.49963e-06
1.19603e-05
5.10372e-06
1.72991e-05
4.31569e-06
2.19869e-05
4.41707e-06
2.60096e-05
4.99987e-06
2.94062e-05
5.65614e-06
3.22255e-05
6.16052e-06
3.45261e-05
6.38948e-06
3.63689e-05
6.27262e-06
3.78319e-05
5.75146e-06
4.85837e-06
3.89766e-05
2.0408e-05
2.61245e-07
2.86904e-05
1.21729e-06
3.37487e-05
4.55091e-08
3.76073e-05
4.57083e-07
4.05796e-05
1.44473e-06
4.30138e-05
2.56578e-06
4.50509e-05
3.619e-06
4.67354e-05
4.47609e-06
4.81003e-05
5.02455e-06
4.918e-05
5.19294e-06
5.00401e-05
4.8914e-06
5.0725e-05
4.17346e-06
-5.15754e-05
5.9038e-06
-5.55334e-05
3.95783e-06
-5.73569e-05
1.8234e-06
-5.74046e-05
4.76236e-08
-5.56437e-05
-1.76095e-06
-5.21719e-05
-3.47186e-06
-4.67233e-05
-5.44862e-06
-3.93338e-05
-7.38948e-06
-2.98045e-05
-9.52931e-06
-1.83785e-05
-1.1426e-05
-6.99588e-06
-1.13827e-05
-6.9959e-06
-4.68166e-05
7.55275e-06
-4.76449e-05
4.78595e-06
-4.79555e-05
2.13399e-06
-4.75518e-05
-3.56177e-07
-4.64691e-05
-2.84366e-06
-4.44294e-05
-5.5117e-06
-4.14248e-05
-8.45323e-06
-3.70766e-05
-1.17376e-05
-3.12231e-05
-1.53828e-05
-2.35532e-05
-1.9096e-05
-1.31261e-05
-2.18098e-05
-2.0122e-05
-3.66887e-05
8.15785e-06
-3.71623e-05
5.25953e-06
-3.74108e-05
2.38236e-06
-3.72428e-05
-5.2416e-07
-3.65033e-05
-3.58322e-06
-3.51254e-05
-6.88962e-06
-3.30041e-05
-1.05745e-05
-3.00083e-05
-1.47334e-05
-2.60516e-05
-1.93396e-05
-2.06543e-05
-2.44934e-05
-1.28003e-05
-2.96638e-05
-3.29222e-05
-2.7319e-05
8.21621e-06
-2.73148e-05
5.25525e-06
-2.71856e-05
2.25313e-06
-2.6855e-05
-8.54803e-07
-2.62598e-05
-4.17845e-06
-2.53276e-05
-7.82187e-06
-2.39651e-05
-1.1937e-05
-2.20445e-05
-1.66541e-05
-1.93513e-05
-2.20327e-05
-1.53953e-05
-2.84494e-05
-9.41219e-06
-3.56469e-05
-4.23344e-05
-1.74691e-05
8.01847e-06
-1.7328e-05
5.11402e-06
-1.71881e-05
2.11316e-06
-1.69926e-05
-1.05032e-06
-1.66971e-05
-4.47395e-06
-1.62506e-05
-8.26847e-06
-1.55937e-05
-1.25939e-05
-1.46618e-05
-1.75861e-05
-1.32514e-05
-2.34431e-05
-1.11423e-05
-3.05586e-05
-7.44617e-06
-3.93431e-05
-4.97806e-05
-8.02178e-06
7.65235e-06
-7.7895e-06
4.88173e-06
-7.64982e-06
1.9734e-06
-7.56767e-06
-1.13249e-06
-7.51878e-06
-4.52289e-06
-7.48032e-06
-8.30694e-06
-7.44666e-06
-1.26276e-05
-7.37736e-06
-1.76554e-05
-7.15753e-06
-2.36629e-05
-6.60333e-06
-3.11129e-05
-4.88175e-06
-4.10647e-05
-5.46624e-05
1.17901e-06
7.11908e-06
1.51536e-06
4.54534e-06
1.68315e-06
1.80557e-06
1.69846e-06
-1.14783e-06
1.56259e-06
-4.38704e-06
1.26374e-06
-8.00812e-06
7.7528e-07
-1.21391e-05
8.1409e-08
-1.69615e-05
-7.92559e-07
-2.2789e-05
-1.72539e-06
-3.01801e-05
-2.25235e-06
-4.05379e-05
-5.69148e-05
1.02846e-05
6.39337e-06
1.07607e-05
4.06924e-06
1.10074e-05
1.55885e-06
1.1027e-05
-1.16749e-06
1.0802e-05
-4.16203e-06
1.02911e-05
-7.49724e-06
9.42169e-06
-1.12697e-05
8.10207e-06
-1.56419e-05
6.23931e-06
-2.09262e-05
3.81638e-06
-2.77572e-05
1.21722e-06
-3.79387e-05
-5.56976e-05
1.95582e-05
5.48329e-06
2.0185e-05
3.44237e-06
2.05468e-05
1.19711e-06
2.0637e-05
-1.25769e-06
2.0424e-05
-3.94908e-06
1.98426e-05
-6.91579e-06
1.87706e-05
-1.01977e-05
1.70308e-05
-1.39021e-05
1.43778e-05
-1.82733e-05
1.05563e-05
-2.39357e-05
5.66357e-06
-3.30459e-05
-5.0034e-05
2.93287e-05
4.48224e-06
3.00528e-05
2.71824e-06
3.05204e-05
7.29555e-07
3.07205e-05
-1.45777e-06
3.06104e-05
-3.839e-06
3.01059e-05
-6.4113e-06
2.90423e-05
-9.134e-06
2.71643e-05
-1.20241e-05
2.4061e-05
-1.517e-05
1.92262e-05
-1.91008e-05
1.18462e-05
-2.56659e-05
-3.81877e-05
3.98876e-05
3.57128e-06
4.05891e-05
2.01671e-06
4.11048e-05
2.139e-07
4.14211e-05
-1.77405e-06
4.14857e-05
-3.90359e-06
4.12007e-05
-6.1263e-06
4.0374e-05
-8.30716e-06
3.87066e-05
-1.03567e-05
3.56499e-05
-1.21133e-05
3.04641e-05
-1.3915e-05
2.06279e-05
-1.58296e-05
-1.75597e-05
5.13413e-05
2.95502e-06
5.18873e-05
1.47071e-06
5.23881e-05
-2.86784e-07
5.28211e-05
-2.2071e-06
5.31194e-05
-4.20182e-06
5.31736e-05
-6.18043e-06
5.27887e-05
-7.92227e-06
5.16939e-05
-9.26187e-06
4.93643e-05
-9.78359e-06
4.48628e-05
-9.41343e-06
3.45456e-05
-5.51229e-06
1.69859e-05
6.5576e-05
3.99162e-06
-6.93072e-05
6.49299e-05
1.86309e-06
6.36068e-05
1.36837e-06
6.28697e-05
1.19407e-06
6.26308e-05
1.68332e-06
6.26842e-05
2.51205e-06
6.28591e-05
3.44349e-06
6.30374e-05
4.29708e-06
6.31581e-05
4.90302e-06
6.3206e-05
5.14414e-06
6.32327e-05
4.86392e-06
4.1316e-06
6.32738e-05
8.41187e-05
3.09345e-06
-8.32206e-05
8.38035e-05
2.17825e-06
8.31458e-05
2.02604e-06
8.22881e-05
2.05178e-06
8.14399e-05
2.53149e-06
8.06204e-05
3.33161e-06
7.98014e-05
4.26251e-06
7.89563e-05
5.14215e-06
7.80871e-05
5.77227e-06
7.72321e-05
5.99917e-06
7.64943e-05
5.60175e-06
4.66204e-06
7.59639e-05
9.70591e-05
2.0856e-06
-9.60513e-05
9.73793e-05
1.85805e-06
9.73279e-05
2.07737e-06
9.69076e-05
2.47206e-06
9.62037e-05
3.23539e-06
9.52571e-05
4.27834e-06
9.40976e-05
5.422e-06
9.2773e-05
6.46682e-06
9.13646e-05
7.18069e-06
9.00035e-05
7.36027e-06
8.88753e-05
6.73003e-06
5.33326e-06
8.82041e-05
0.00010882
-0.000108211
1.47705e-06
0.000109085
1.59279e-06
0.00010902
2.14169e-06
0.000108584
2.90829e-06
0.000107787
4.03264e-06
0.000106668
5.39765e-06
0.00010529
6.79993e-06
0.000103759
7.99746e-06
0.000102231
8.70869e-06
0.000100933
8.65828e-06
0.00010013
7.53269e-06
0.000100264
5.1998e-06
6.34913e-05
2.73697e-06
6.38384e-05
1.12338e-06
6.43368e-05
-7.85236e-07
6.49359e-05
-2.80588e-06
6.55378e-05
-4.80311e-06
6.6007e-05
-6.64886e-06
6.61634e-05
-8.07762e-06
6.58027e-05
-8.90018e-06
6.47024e-05
-8.68243e-06
6.26102e-05
-7.32038e-06
6.09768e-05
-3.87848e-06
8.6562e-06
6.93057e-05
7.59257e-05
2.77516e-06
7.62398e-05
8.09359e-07
7.69046e-05
-1.45007e-06
7.78051e-05
-3.70639e-06
7.87964e-05
-5.79439e-06
7.96963e-05
-7.54876e-06
8.03183e-05
-8.69964e-06
8.04692e-05
-9.05107e-06
8.00886e-05
-8.30181e-06
7.90621e-05
-6.29389e-06
7.87814e-05
-3.59776e-06
4.21786e-06
8.32197e-05
8.84195e-05
2.55982e-06
8.91218e-05
1.07076e-07
9.02524e-05
-2.58059e-06
9.16033e-05
-5.05727e-06
9.29879e-05
-7.17902e-06
9.41902e-05
-8.75104e-06
9.50346e-05
-9.54408e-06
9.53425e-05
-9.3589e-06
9.51319e-05
-8.09133e-06
9.44097e-05
-5.57165e-06
9.39106e-05
-3.09869e-06
2.07744e-06
9.6051e-05
0.000101635
1.1888e-06
0.000103182
-1.44009e-06
0.000104908
-4.30605e-06
0.000106583
-6.7328e-06
0.000108049
-8.64467e-06
0.000109129
-9.83155e-06
0.000109717
-1.01318e-05
0.000109717
-9.35923e-06
0.000109214
-7.58835e-06
0.000108391
-4.74876e-06
0.000107499
-2.20591e-06
0.000108211
1.36477e-06
6.55749e-05
3.99153e-06
6.49289e-05
1.86269e-06
6.36058e-05
1.36769e-06
6.28687e-05
1.19334e-06
6.26298e-05
1.68267e-06
6.26832e-05
2.51167e-06
6.28581e-05
3.44351e-06
6.30365e-05
4.29753e-06
6.31573e-05
4.9039e-06
6.32054e-05
5.14536e-06
6.32322e-05
4.86536e-06
4.1331e-06
6.32735e-05
8.41178e-05
3.09343e-06
8.38026e-05
2.1779e-06
8.31449e-05
2.02545e-06
8.22871e-05
2.05109e-06
8.14389e-05
2.5309e-06
8.06193e-05
3.33129e-06
7.98003e-05
4.26257e-06
7.89552e-05
5.14262e-06
7.8086e-05
5.77313e-06
7.72311e-05
6.00033e-06
7.64934e-05
5.60309e-06
4.6634e-06
7.59632e-05
9.70587e-05
2.08573e-06
9.73788e-05
1.85782e-06
9.73274e-05
2.07679e-06
9.6907e-05
2.47145e-06
9.6203e-05
3.23492e-06
9.52562e-05
4.27816e-06
9.40966e-05
5.4222e-06
9.27719e-05
6.46741e-06
9.13634e-05
7.18162e-06
9.00024e-05
7.36143e-06
8.88742e-05
6.73131e-06
5.33447e-06
8.82032e-05
0.000108819
1.47737e-06
0.000109085
1.59264e-06
0.00010902
2.14125e-06
0.000108584
2.90781e-06
0.000107786
4.03232e-06
0.000106667
5.39765e-06
0.000105289
6.80031e-06
0.000103758
7.99821e-06
0.00010223
8.70971e-06
0.000100932
8.65946e-06
0.000100129
7.53392e-06
0.000100263
5.20085e-06
6.34912e-05
2.73839e-06
6.38384e-05
1.12454e-06
6.43371e-05
-7.84435e-07
6.49364e-05
-2.80552e-06
6.55385e-05
-4.80322e-06
6.6008e-05
-6.64943e-06
6.61646e-05
-8.07859e-06
6.58041e-05
-8.90145e-06
6.4704e-05
-8.68388e-06
6.26118e-05
-7.32193e-06
6.09785e-05
-3.87983e-06
8.65512e-06
6.93078e-05
7.59252e-05
2.77638e-06
7.62396e-05
8.10277e-07
7.69047e-05
-1.44956e-06
7.78056e-05
-3.70634e-06
7.87972e-05
-5.79482e-06
7.96974e-05
-7.54962e-06
8.03196e-05
-8.70086e-06
8.04707e-05
-9.05253e-06
8.00902e-05
-8.3034e-06
7.90638e-05
-6.29547e-06
7.87832e-05
-3.59923e-06
4.21664e-06
8.32217e-05
8.84188e-05
2.56084e-06
8.91215e-05
1.07704e-07
9.02525e-05
-2.58043e-06
9.16038e-05
-5.05759e-06
9.29888e-05
-7.1798e-06
9.41914e-05
-8.7522e-06
9.5036e-05
-9.54553e-06
9.5344e-05
-9.36052e-06
9.51336e-05
-8.093e-06
9.44114e-05
-5.57332e-06
9.39124e-05
-3.1002e-06
2.07612e-06
9.60529e-05
0.000101635
1.18959e-06
0.000103182
-1.4398e-06
0.000104908
-4.30626e-06
0.000106584
-6.73347e-06
0.00010805
-8.64575e-06
0.000109131
-9.83295e-06
0.000109718
-1.01334e-05
0.000109719
-9.36095e-06
0.000109216
-7.59008e-06
0.000108393
-4.75042e-06
0.0001075
-2.20746e-06
0.000108213
1.36343e-06
6.55769e-05
3.9904e-06
6.4931e-05
1.86205e-06
6.36083e-05
1.36739e-06
6.28715e-05
1.19314e-06
6.26328e-05
1.68244e-06
6.26861e-05
2.5113e-06
6.2861e-05
3.44295e-06
6.30391e-05
4.29683e-06
6.31596e-05
4.9031e-06
6.32074e-05
5.14454e-06
6.32338e-05
4.86454e-06
4.13237e-06
6.32748e-05
8.41198e-05
3.09227e-06
8.38046e-05
2.17711e-06
8.31471e-05
2.0249e-06
8.22895e-05
2.05067e-06
8.14415e-05
2.53048e-06
8.06219e-05
3.33081e-06
7.98029e-05
4.26202e-06
7.89577e-05
5.14204e-06
7.80883e-05
5.77257e-06
7.72331e-05
5.99982e-06
7.6495e-05
5.60263e-06
4.66301e-06
7.59644e-05
9.70605e-05
2.08457e-06
9.73806e-05
1.85697e-06
9.73293e-05
2.07621e-06
9.6909e-05
2.47093e-06
9.62051e-05
3.2344e-06
9.52583e-05
4.27761e-06
9.40987e-05
5.42164e-06
9.27739e-05
6.46692e-06
9.13652e-05
7.18126e-06
9.00039e-05
7.36122e-06
8.88754e-05
6.73117e-06
5.33439e-06
8.8204e-05
0.000108821
1.47625e-06
0.000109086
1.59184e-06
0.000109022
2.14062e-06
0.000108585
2.90727e-06
0.000107788
4.03179e-06
0.000106668
5.39711e-06
0.00010529
6.79982e-06
0.000103759
7.99788e-06
0.000102231
8.70962e-06
0.000100933
8.65958e-06
0.00010013
7.53411e-06
0.000100263
5.20097e-06
6.34922e-05
2.7377e-06
6.38391e-05
1.12401e-06
6.43376e-05
-7.84714e-07
6.49367e-05
-2.80548e-06
6.55387e-05
-4.80283e-06
6.6008e-05
-6.64861e-06
6.61643e-05
-8.07727e-06
6.58036e-05
-8.89958e-06
6.47033e-05
-8.68153e-06
6.2611e-05
-7.31933e-06
6.09775e-05
-3.87712e-06
8.65789e-06
6.93066e-05
7.59262e-05
2.77596e-06
7.62403e-05
8.0995e-07
7.69052e-05
-1.44964e-06
7.78059e-05
-3.7061e-06
7.87972e-05
-5.79418e-06
7.96971e-05
-7.5485e-06
8.03191e-05
-8.69919e-06
8.04698e-05
-9.05029e-06
8.0089e-05
-8.30069e-06
7.90623e-05
-6.29267e-06
7.87815e-05
-3.59633e-06
4.2195e-06
8.32198e-05
8.84195e-05
2.56056e-06
8.9122e-05
1.07505e-07
9.02528e-05
-2.58033e-06
9.16038e-05
-5.05709e-06
9.29884e-05
-7.17882e-06
9.41906e-05
-8.75065e-06
9.50347e-05
-9.54338e-06
9.53423e-05
-9.35782e-06
9.51315e-05
-8.08991e-06
9.4409e-05
-5.57022e-06
9.39099e-05
-3.0972e-06
2.07904e-06
9.60503e-05
0.000101635
1.18929e-06
0.000103182
-1.43985e-06
0.000104907
-4.3059e-06
0.000106583
-6.7326e-06
0.000108048
-8.6443e-06
0.000109129
-9.8309e-06
0.000109716
-1.01308e-05
0.000109716
-9.35784e-06
0.000109213
-7.58672e-06
0.00010839
-4.7472e-06
0.000107497
-2.20446e-06
0.00010821
1.36626e-06
6.55751e-05
3.99268e-06
6.49287e-05
1.8638e-06
6.36053e-05
1.36877e-06
6.28681e-05
1.19439e-06
6.26292e-05
1.68364e-06
6.26826e-05
2.51245e-06
6.28576e-05
3.44399e-06
6.30361e-05
4.29765e-06
6.3157e-05
4.90363e-06
6.32053e-05
5.14472e-06
6.32323e-05
4.86445e-06
4.13199e-06
6.32738e-05
8.41176e-05
3.09489e-06
8.3802e-05
2.17934e-06
8.3144e-05
2.02685e-06
8.2286e-05
2.05239e-06
8.14377e-05
2.53201e-06
8.0618e-05
3.33212e-06
7.97991e-05
4.26301e-06
7.89541e-05
5.1426e-06
7.80852e-05
5.77265e-06
7.72305e-05
5.99942e-06
7.64932e-05
5.60186e-06
4.66196e-06
7.59633e-05
9.70578e-05
2.08731e-06
9.73777e-05
1.85946e-06
9.73261e-05
2.07842e-06
9.69056e-05
2.47296e-06
9.62014e-05
3.23619e-06
9.52545e-05
4.27904e-06
9.4095e-05
5.42257e-06
9.27704e-05
6.46721e-06
9.13623e-05
7.18085e-06
9.00016e-05
7.36015e-06
8.88739e-05
6.72966e-06
5.3326e-06
8.82033e-05
0.000108818
1.47898e-06
0.000109083
1.59436e-06
0.000109019
2.14297e-06
0.000108582
2.90939e-06
0.000107785
4.0336e-06
0.000106665
5.39846e-06
0.000105287
6.8005e-06
0.000103757
7.99771e-06
0.000102229
8.70855e-06
0.000100932
8.65772e-06
0.00010013
7.53181e-06
0.000100264
5.19865e-06
6.34917e-05
2.7372e-06
6.38391e-05
1.12338e-06
6.43379e-05
-7.85493e-07
6.49372e-05
-2.8064e-06
6.55393e-05
-4.80387e-06
6.60087e-05
-6.64977e-06
6.6165e-05
-8.07859e-06
6.58043e-05
-8.90108e-06
6.47039e-05
-8.68316e-06
6.26114e-05
-7.32098e-06
6.09779e-05
-3.87866e-06
8.65658e-06
7.59256e-05
2.7749e-06
7.62402e-05
8.08916e-07
7.69054e-05
-1.45072e-06
7.78063e-05
-3.70723e-06
7.87978e-05
-5.79535e-06
7.96978e-05
-7.54975e-06
8.03198e-05
-8.70057e-06
8.04705e-05
-9.05182e-06
8.00897e-05
-8.30231e-06
7.90629e-05
-6.2942e-06
7.87821e-05
-3.59784e-06
4.21804e-06
8.84193e-05
2.55903e-06
8.91221e-05
1.06185e-07
9.02531e-05
-2.5816e-06
9.16042e-05
-5.05835e-06
9.2989e-05
-7.1801e-06
9.41913e-05
-8.75202e-06
9.50356e-05
-9.54487e-06
9.53432e-05
-9.35942e-06
9.51324e-05
-8.09153e-06
9.44099e-05
-5.57174e-06
9.39107e-05
-3.09865e-06
2.07743e-06
0.000101635
1.18767e-06
0.000103183
-1.44123e-06
0.000104908
-4.30719e-06
0.000106584
-6.73391e-06
0.000108049
-8.64567e-06
0.00010913
-9.83236e-06
0.000109717
-1.01323e-05
0.000109717
-9.35947e-06
0.000109214
-7.58832e-06
0.000108391
-4.74866e-06
0.000107498
-2.20592e-06
1.36446e-06
-4.01881e-05
1.38149e-06
4.02836e-05
-4.05633e-05
1.96785e-06
-4.13176e-05
2.89591e-06
-4.24537e-05
4.04439e-06
-4.38878e-05
5.46669e-06
-4.54765e-05
6.98641e-06
-4.70342e-05
8.35763e-06
-4.83315e-05
9.29476e-06
-4.91123e-05
9.48953e-06
-4.91156e-05
8.6616e-06
-4.81229e-05
6.53999e-06
3.02751e-06
-4.59508e-05
-3.58776e-05
1.78471e-06
3.54742e-05
-3.67088e-05
2.79907e-06
-3.78886e-05
4.07561e-06
-3.93725e-05
5.52822e-06
-4.10164e-05
7.11052e-06
-4.26218e-05
8.59185e-06
-4.39526e-05
9.68839e-06
-4.47536e-05
1.00957e-05
-4.48024e-05
9.53835e-06
-4.39592e-05
7.8184e-06
-4.21686e-05
4.74926e-06
2.36971e-07
-3.93778e-05
-3.17598e-05
2.48526e-06
3.10592e-05
-3.28203e-05
3.85946e-06
-3.41639e-05
5.41917e-06
-3.57092e-05
7.07344e-06
-3.7286e-05
8.68725e-06
-3.8676e-05
9.98185e-06
-3.9637e-05
1.06494e-05
-3.99401e-05
1.03988e-05
-3.94308e-05
9.02903e-06
-3.81082e-05
6.49571e-06
-3.61325e-05
2.77359e-06
-2.3742e-06
-3.35216e-05
-2.76969e-05
2.6889e-05
3.29302e-06
-2.87842e-05
4.94674e-06
-3.00748e-05
6.70968e-06
-3.14665e-05
8.46506e-06
-3.27842e-05
1.00049e-05
-3.38096e-05
1.10072e-05
-3.4305e-05
1.11448e-05
-3.40511e-05
1.0145e-05
-3.29095e-05
7.88741e-06
-3.09404e-05
4.52666e-06
-2.84766e-05
3.09666e-07
-2.76291e-05
-3.2215e-06
-4.28764e-05
-1.88536e-06
-4.09068e-05
-3.40951e-06
-3.92761e-05
-5.93674e-06
-3.8046e-05
-7.96292e-06
-3.73048e-05
-9.38586e-06
-3.70916e-05
-1.00447e-05
-3.73939e-05
-9.82956e-06
-3.81157e-05
-8.63746e-06
-3.90968e-05
-6.60728e-06
-3.99659e-05
-3.87974e-06
-4.06373e-05
-1.53458e-06
1.01086e-06
-4.02834e-05
-3.55542e-05
-5.70903e-06
-3.36444e-05
-5.31928e-06
-3.24062e-05
-7.17491e-06
-3.16294e-05
-8.7398e-06
-3.13628e-05
-9.65251e-06
-3.15839e-05
-9.82357e-06
-3.22209e-05
-9.19259e-06
-3.31249e-05
-7.73359e-06
-3.4106e-05
-5.62622e-06
-3.48795e-05
-3.10627e-06
-3.54263e-05
-9.87839e-07
1.05839e-06
-3.54739e-05
-2.92022e-05
-1.00282e-05
-2.76613e-05
-6.86015e-06
-2.69148e-05
-7.9214e-06
-2.6542e-05
-9.11261e-06
-2.65788e-05
-9.61571e-06
-2.70005e-05
-9.40186e-06
-2.77269e-05
-8.4663e-06
-2.8613e-05
-6.84751e-06
-2.94937e-05
-4.7455e-06
-3.01822e-05
-2.41783e-06
-3.07184e-05
-4.5174e-07
1.39864e-06
-3.10587e-05
-2.28349e-05
-1.48224e-05
-2.22476e-05
-7.44751e-06
-2.2162e-05
-8.0071e-06
-2.21943e-05
-9.08037e-06
-2.24479e-05
-9.36217e-06
-2.29557e-05
-8.89404e-06
-2.36657e-05
-7.75643e-06
-2.44648e-05
-6.04837e-06
-2.52295e-05
-3.98083e-06
-2.58483e-05
-1.79915e-06
-2.63891e-05
8.90613e-08
-2.68884e-05
1.89791e-06
-4.0188e-05
1.38195e-06
-4.05631e-05
1.96776e-06
-4.13175e-05
2.89553e-06
-4.24537e-05
4.04403e-06
-4.38879e-05
5.46653e-06
-4.54768e-05
6.98659e-06
-4.70347e-05
8.35818e-06
-4.83321e-05
9.29563e-06
-4.9113e-05
9.49062e-06
-4.91163e-05
8.66279e-06
-4.81235e-05
6.54112e-06
3.02837e-06
-4.59512e-05
-3.58773e-05
1.78532e-06
-3.67085e-05
2.79899e-06
-3.78883e-05
4.07533e-06
-3.93723e-05
5.52798e-06
-4.10163e-05
7.11052e-06
-4.26219e-05
8.59218e-06
-4.39529e-05
9.68909e-06
-4.4754e-05
1.00967e-05
-4.48029e-05
9.53951e-06
-4.39597e-05
7.81956e-06
-4.21689e-05
4.75025e-06
2.37616e-07
-3.93779e-05
-3.17594e-05
2.48601e-06
-3.28198e-05
3.85941e-06
-3.41635e-05
5.41892e-06
-3.57088e-05
7.0733e-06
-3.72857e-05
8.68739e-06
-3.86759e-05
9.98236e-06
-3.96371e-05
1.06503e-05
-3.99404e-05
1.04e-05
-3.94312e-05
9.03026e-06
-3.81086e-05
6.49682e-06
-3.61327e-05
2.77439e-06
-2.37382e-06
-3.35215e-05
-2.76963e-05
3.2939e-06
-2.87837e-05
4.9467e-06
-3.00742e-05
6.7095e-06
-3.1466e-05
8.46502e-06
-3.27838e-05
1.00052e-05
-3.38095e-05
1.10079e-05
-3.43051e-05
1.11458e-05
-3.40514e-05
1.01463e-05
-3.29099e-05
7.88875e-06
-3.09408e-05
4.52772e-06
-2.84768e-05
3.10206e-07
-2.7629e-05
-3.22152e-06
-4.28764e-05
-1.88486e-06
-4.09065e-05
-3.40956e-06
-3.92754e-05
-5.93726e-06
-3.8045e-05
-7.96387e-06
-3.73036e-05
-9.38715e-06
-3.70903e-05
-1.00462e-05
-3.73925e-05
-9.83126e-06
-3.81142e-05
-8.63922e-06
-3.90953e-05
-6.60899e-06
-3.99644e-05
-3.88137e-06
-4.06359e-05
-1.53606e-06
1.00959e-06
-4.02821e-05
-3.5554e-05
-5.7088e-06
-3.36439e-05
-5.31963e-06
-3.24054e-05
-7.17569e-06
-3.16284e-05
-8.74096e-06
-3.13616e-05
-9.65395e-06
-3.15827e-05
-9.82521e-06
-3.22196e-05
-9.19433e-06
-3.31235e-05
-7.73533e-06
-3.41047e-05
-5.62788e-06
-3.48783e-05
-3.1078e-06
-3.54252e-05
-9.89198e-07
1.05728e-06
-3.54729e-05
-2.92019e-05
-1.00282e-05
-2.76607e-05
-6.86076e-06
-2.6914e-05
-7.92239e-06
-2.65411e-05
-9.11392e-06
-2.65778e-05
-9.61726e-06
-2.69994e-05
-9.40356e-06
-2.77257e-05
-8.46804e-06
-2.86119e-05
-6.8492e-06
-2.94927e-05
-4.74707e-06
-3.01813e-05
-2.41923e-06
-3.07176e-05
-4.52933e-07
1.39769e-06
-3.10581e-05
-2.28346e-05
-1.48226e-05
-2.22471e-05
-7.44835e-06
-2.21613e-05
-8.00824e-06
-2.21935e-05
-9.08179e-06
-2.2447e-05
-9.36379e-06
-2.29548e-05
-8.89577e-06
-2.36648e-05
-7.75815e-06
-2.4464e-05
-6.04998e-06
-2.52288e-05
-3.98228e-06
-2.58477e-05
-1.8004e-06
-2.63887e-05
8.80524e-08
-2.68882e-05
1.89718e-06
-4.01869e-05
1.38094e-06
-4.05621e-05
1.96702e-06
-4.13165e-05
2.89499e-06
-4.24529e-05
4.04356e-06
-4.38872e-05
5.4661e-06
-4.54763e-05
6.98622e-06
-4.70344e-05
8.35796e-06
-4.83322e-05
9.29566e-06
-4.91135e-05
9.49096e-06
-4.91172e-05
8.66327e-06
-4.81246e-05
6.54156e-06
3.02857e-06
-4.59524e-05
-3.58765e-05
1.78446e-06
-3.6708e-05
2.79838e-06
-3.7888e-05
4.07489e-06
-3.93721e-05
5.52767e-06
-4.10164e-05
7.11032e-06
-4.26223e-05
8.59213e-06
-4.39537e-05
9.68926e-06
-4.47552e-05
1.00972e-05
-4.48045e-05
9.54027e-06
-4.39616e-05
7.82043e-06
-4.21712e-05
4.75097e-06
2.37901e-07
-3.93803e-05
-3.17591e-05
2.48534e-06
-3.28198e-05
3.85899e-06
-3.41637e-05
5.41872e-06
-3.57093e-05
7.07325e-06
-3.72865e-05
8.6875e-06
-3.86771e-05
9.98267e-06
-3.96387e-05
1.06508e-05
-3.99424e-05
1.04009e-05
-3.94336e-05
9.03142e-06
-3.81112e-05
6.49807e-06
-3.61356e-05
2.77543e-06
-2.37341e-06
-3.35246e-05
-2.76964e-05
3.29344e-06
-2.8784e-05
4.9465e-06
-3.00749e-05
6.70953e-06
-3.1467e-05
8.46526e-06
-3.27852e-05
1.00056e-05
-3.38111e-05
1.10086e-05
-3.43071e-05
1.11467e-05
-3.40537e-05
1.01474e-05
-3.29125e-05
7.89018e-06
-3.09436e-05
4.52923e-06
-2.84798e-05
3.1156e-07
-2.76324e-05
-3.2206e-06
-4.28776e-05
-1.88523e-06
-4.09081e-05
-3.40931e-06
-3.92774e-05
-5.93646e-06
-3.80475e-05
-7.96256e-06
-3.73065e-05
-9.38531e-06
-3.70935e-05
-1.00439e-05
-3.73958e-05
-9.82842e-06
-3.81177e-05
-8.63603e-06
-3.90988e-05
-6.6057e-06
-3.99678e-05
-3.87826e-06
-4.0639e-05
-1.53322e-06
1.01229e-06
-4.02851e-05
-3.55562e-05
-5.70933e-06
-3.36463e-05
-5.3191e-06
-3.24083e-05
-7.17449e-06
-3.16316e-05
-8.73931e-06
-3.13651e-05
-9.65189e-06
-3.15863e-05
-9.82274e-06
-3.22232e-05
-9.19149e-06
-3.3127e-05
-7.73225e-06
-3.4108e-05
-5.62478e-06
-3.48814e-05
-3.10493e-06
-3.5428e-05
-9.8659e-07
1.0597e-06
-3.54755e-05
-2.92046e-05
-1.00291e-05
-2.76636e-05
-6.86001e-06
-2.69173e-05
-7.92088e-06
-2.65445e-05
-9.11207e-06
-2.65813e-05
-9.61511e-06
-2.7003e-05
-9.40111e-06
-2.77292e-05
-8.46533e-06
-2.86151e-05
-6.84635e-06
-2.94956e-05
-4.74426e-06
-3.01839e-05
-2.41667e-06
-3.07199e-05
-4.50657e-07
1.39975e-06
-3.106e-05
-2.28373e-05
-1.48242e-05
-2.225e-05
-7.44736e-06
-2.21645e-05
-8.00649e-06
-2.21968e-05
-9.07982e-06
-2.24503e-05
-9.36163e-06
-2.29581e-05
-8.89342e-06
-2.36678e-05
-7.75565e-06
-2.44667e-05
-6.04742e-06
-2.52312e-05
-3.97982e-06
-2.58497e-05
-1.7982e-06
-2.63903e-05
8.99301e-08
-2.68894e-05
1.89878e-06
-4.01897e-05
1.3835e-06
-4.05647e-05
1.96938e-06
-4.13189e-05
2.89711e-06
-4.24549e-05
4.04543e-06
-4.38889e-05
5.46754e-06
-4.54774e-05
6.98704e-06
-4.70349e-05
8.35797e-06
-4.83319e-05
9.29471e-06
-4.91124e-05
9.48908e-06
-4.91154e-05
8.6608e-06
-4.81225e-05
6.53891e-06
3.02633e-06
-4.59504e-05
-3.58787e-05
1.78671e-06
-3.67098e-05
2.80037e-06
-3.78893e-05
4.07662e-06
-3.93729e-05
5.52902e-06
-4.10165e-05
7.11111e-06
-4.26216e-05
8.59218e-06
-4.39521e-05
9.68842e-06
-4.47529e-05
1.00954e-05
-4.48015e-05
9.53777e-06
-4.39583e-05
7.81756e-06
-4.21678e-05
4.74824e-06
2.35971e-07
-3.93772e-05
-3.17605e-05
2.48714e-06
-3.28206e-05
3.86046e-06
-3.41638e-05
5.41982e-06
-3.57087e-05
7.0739e-06
-3.72852e-05
8.68751e-06
-3.86749e-05
9.98188e-06
-3.96357e-05
1.06492e-05
-3.99388e-05
1.03985e-05
-3.94295e-05
9.02849e-06
-3.8107e-05
6.495e-06
-3.61315e-05
2.77274e-06
-2.37496e-06
-3.35208e-05
-2.7697e-05
3.29472e-06
-2.8784e-05
4.94738e-06
-3.00741e-05
6.70997e-06
-3.14654e-05
8.46516e-06
-3.27828e-05
1.00048e-05
-3.3808e-05
1.1007e-05
-3.43033e-05
1.11445e-05
-3.40495e-05
1.01446e-05
-3.29081e-05
7.88709e-06
-3.09393e-05
4.52622e-06
-2.84758e-05
3.09044e-07
-2.76284e-05
-3.22219e-06
-4.28761e-05
-1.88633e-06
-4.09066e-05
-3.41053e-06
-3.9276e-05
-5.93772e-06
-3.8046e-05
-7.96385e-06
-3.7305e-05
-9.38664e-06
-3.70921e-05
-1.00453e-05
-3.73946e-05
-9.82988e-06
-3.81166e-05
-8.63754e-06
-3.90977e-05
-6.60719e-06
-3.99667e-05
-3.87972e-06
-4.06378e-05
-1.53484e-06
1.0102e-06
-3.55539e-05
-5.70961e-06
-3.36443e-05
-5.31998e-06
-3.24065e-05
-7.17561e-06
-3.16299e-05
-8.74045e-06
-3.13635e-05
-9.65303e-06
-3.15849e-05
-9.8239e-06
-3.22221e-05
-9.19273e-06
-3.31261e-05
-7.73357e-06
-3.41071e-05
-5.62615e-06
-3.48805e-05
-3.10639e-06
-3.5427e-05
-9.88357e-07
1.0574e-06
-2.9202e-05
-1.00283e-05
-2.76614e-05
-6.86047e-06
-2.69152e-05
-7.92178e-06
-2.65427e-05
-9.11297e-06
-2.65798e-05
-9.61598e-06
-2.70017e-05
-9.40198e-06
-2.77282e-05
-8.46628e-06
-2.86144e-05
-6.84743e-06
-2.9495e-05
-4.7455e-06
-3.01833e-05
-2.41811e-06
-3.07192e-05
-4.52529e-07
1.39733e-06
-2.28349e-05
-1.48219e-05
-2.22479e-05
-7.44745e-06
-2.21626e-05
-8.00717e-06
-2.21951e-05
-9.08047e-06
-2.24489e-05
-9.3622e-06
-2.2957e-05
-8.89397e-06
-2.3667e-05
-7.75629e-06
-2.44662e-05
-6.04825e-06
-2.52309e-05
-3.98089e-06
-2.58494e-05
-1.79959e-06
-2.639e-05
8.80419e-08
1.89632e-06
-2.36572e-05
4.06117e-06
2.28889e-05
-2.46175e-05
5.90695e-06
-2.56951e-05
7.7872e-06
-2.67809e-05
9.55081e-06
-2.77046e-05
1.09285e-05
-2.82515e-05
1.15541e-05
-2.81718e-05
1.10651e-05
-2.7188e-05
9.16114e-06
-2.49824e-05
5.68189e-06
-2.11038e-05
6.47989e-07
-1.43776e-05
-6.41637e-06
-1.75989e-05
-1.96761e-05
4.68745e-06
1.90498e-05
-2.0407e-05
6.63773e-06
-2.1171e-05
8.55112e-06
-2.18625e-05
1.02423e-05
-2.23248e-05
1.13908e-05
-2.23548e-05
1.15841e-05
-2.16987e-05
1.04091e-05
-2.00415e-05
7.50396e-06
-1.69782e-05
2.61864e-06
-1.19031e-05
-4.42697e-06
-5.05402e-06
-1.32653e-05
-2.26526e-05
-1.5818e-05
5.11056e-06
1.53948e-05
-1.62643e-05
7.08395e-06
-1.66691e-05
8.95584e-06
-1.69401e-05
1.05133e-05
-1.69462e-05
1.13968e-05
-1.65187e-05
1.11566e-05
-1.54454e-05
9.33577e-06
-1.34755e-05
5.5341e-06
-1.04041e-05
-4.52677e-07
-6.28943e-06
-8.54147e-06
-2.10238e-06
-1.7452e-05
-2.47546e-05
-1.21514e-05
5.30189e-06
1.196e-05
-1.22954e-05
7.22794e-06
-1.23383e-05
8.99862e-06
-1.22098e-05
1.03848e-05
-1.18178e-05
1.10048e-05
-1.10526e-05
1.03915e-05
-9.78846e-06
8.07165e-06
-7.91473e-06
3.66043e-06
-5.49652e-06
-2.8708e-06
-2.93407e-06
-1.11038e-05
-8.56354e-07
-1.95295e-05
-2.56108e-05
-8.73731e-06
5.25592e-06
8.78321e-06
-8.58639e-06
7.07697e-06
-8.29103e-06
8.70324e-06
-7.8095e-06
9.90324e-06
-7.09789e-06
1.02932e-05
-6.12005e-06
9.41376e-06
-4.85333e-06
6.80498e-06
-3.32305e-06
2.13022e-06
-1.74142e-06
-4.45233e-06
-4.47728e-07
-1.23973e-05
3.59824e-07
-2.03368e-05
-2.52505e-05
-5.62279e-06
4.98302e-06
5.89563e-06
-5.19854e-06
6.6527e-06
-4.60063e-06
8.10531e-06
-3.81888e-06
9.12152e-06
-2.85994e-06
9.33431e-06
-1.76231e-06
8.31619e-06
-5.96592e-07
5.63931e-06
5.2237e-07
1.01132e-06
1.33566e-06
-5.26556e-06
1.63704e-06
-1.26986e-05
1.39668e-06
-2.00962e-05
-2.38537e-05
-2.83808e-06
4.50377e-06
3.31728e-06
-2.16909e-06
5.98367e-06
-1.30637e-06
7.24264e-06
-2.71409e-07
8.08656e-06
8.82526e-07
8.18048e-06
2.05026e-06
7.14848e-06
3.0889e-06
4.60078e-06
3.83646e-06
2.63818e-07
4.01788e-06
-5.44686e-06
3.50962e-06
-1.21902e-05
2.37859e-06
-1.8965e-05
-2.14747e-05
-3.95649e-07
3.84458e-06
1.05477e-06
4.87414e-07
5.10064e-06
1.58031e-06
6.14976e-06
2.83222e-06
6.83472e-06
4.15173e-06
6.861e-06
5.37833e-06
5.92197e-06
6.31378e-06
3.66537e-06
6.77215e-06
-1.94478e-07
6.44929e-06
-5.12396e-06
5.23333e-06
-1.09742e-05
3.22449e-06
-1.6956e-05
-1.82501e-05
1.71125e-06
3.0344e-06
-9.0096e-07
2.77897e-06
4.03275e-06
4.07304e-06
4.85595e-06
5.51819e-06
5.38934e-06
6.99399e-06
5.38556e-06
8.29347e-06
4.62224e-06
9.17437e-06
2.78485e-06
9.43416e-06
-4.54357e-07
8.70626e-06
-4.39586e-06
6.83784e-06
-9.10555e-06
3.95082e-06
-1.4069e-05
-1.42991e-05
3.51436e-06
2.10108e-06
-2.58113e-06
4.74135e-06
2.80579e-06
6.21435e-06
3.38305e-06
7.8416e-06
3.76212e-06
9.47933e-06
3.74796e-06
1.08798e-05
3.22177e-06
1.17579e-05
1.90699e-06
1.18992e-05
-5.95564e-07
1.08284e-05
-3.32488e-06
8.32547e-06
-6.60242e-06
4.52312e-06
-1.02666e-05
-9.77607e-06
5.10096e-06
1.0721e-06
-4.07218e-06
6.46426e-06
1.44252e-06
8.0998e-06
1.74773e-06
9.90708e-06
1.95488e-06
1.17161e-05
1.93915e-06
1.32572e-05
1.68078e-06
1.41703e-05
9.9419e-07
1.42211e-05
-6.4619e-07
1.27896e-05
-1.89305e-06
9.65848e-06
-3.4711e-06
4.99231e-06
-5.60042e-06
-4.78386e-06
6.63509e-06
-5.5631e-06
8.07766e-06
9.82539e-06
1.17803e-05
1.37195e-05
1.54003e-05
1.63945e-05
1.57484e-05
1.38554e-05
1.03843e-05
4.78386e-06
-1.44731e-05
-3.49627e-07
-1.70967e-05
-4.82405e-06
-1.78776e-05
-7.22631e-06
-1.8328e-05
-8.63003e-06
-1.87518e-05
-8.93839e-06
-1.92918e-05
-8.35407e-06
-1.99449e-05
-7.10337e-06
-2.0639e-05
-5.35427e-06
-2.12909e-05
-3.329e-06
-2.1839e-05
-1.25103e-06
-2.23539e-05
6.03926e-07
2.43219e-06
-2.28883e-05
-9.33636e-06
8.98638e-06
-1.28495e-05
-1.31096e-06
-1.41257e-05
-5.95022e-06
-1.48532e-05
-7.9027e-06
-1.5394e-05
-8.39764e-06
-1.59368e-05
-7.81135e-06
-1.65218e-05
-6.51838e-06
-1.71121e-05
-4.76403e-06
-1.76567e-05
-2.78444e-06
-1.81245e-05
-7.83251e-07
-1.85743e-05
1.05373e-06
2.90692e-06
-1.90491e-05
-6.4066e-06
1.53927e-05
-9.43974e-06
1.72205e-06
-1.08686e-05
-4.52147e-06
-1.1718e-05
-7.0533e-06
-1.23211e-05
-7.79465e-06
-1.28522e-05
-7.28031e-06
-1.33729e-05
-5.99768e-06
-1.38698e-05
-4.26716e-06
-1.43139e-05
-2.3404e-06
-1.46901e-05
-4.07051e-07
-1.50416e-05
1.40517e-06
3.25946e-06
-1.53941e-05
-4.27414e-06
1.96665e-05
-6.63811e-06
4.08595e-06
-8.00481e-06
-3.15487e-06
-8.86768e-06
-6.19052e-06
-9.49322e-06
-7.16918e-06
-1.00122e-05
-6.76135e-06
-1.04821e-05
-5.52786e-06
-1.09019e-05
-3.84743e-06
-1.12553e-05
-1.98697e-06
-1.15338e-05
-1.28638e-07
-1.17649e-05
1.63625e-06
3.45391e-06
-1.19594e-05
-2.49216e-06
2.21589e-05
-4.2025e-06
5.79625e-06
-5.41959e-06
-1.93782e-06
-6.24229e-06
-5.36789e-06
-6.87473e-06
-6.53679e-06
-7.39595e-06
-6.24017e-06
-7.8359e-06
-5.08795e-06
-8.1988e-06
-3.48457e-06
-8.47554e-06
-1.71027e-06
-8.65827e-06
5.40617e-08
-8.76079e-06
1.73872e-06
3.47575e-06
-8.78267e-06
-8.89506e-07
2.30482e-05
-1.97695e-06
6.88363e-06
-3.00909e-06
-9.05761e-07
-3.78782e-06
-4.58925e-06
-4.43996e-06
-5.88473e-06
-4.98501e-06
-5.69519e-06
-5.42178e-06
-4.65123e-06
-5.75161e-06
-3.15479e-06
-5.96934e-06
-1.49256e-06
-6.06608e-06
1.50757e-07
-6.04398e-06
1.71658e-06
3.32696e-06
-5.89523e-06
6.3027e-07
2.24181e-05
1.36203e-07
7.37773e-06
-6.99279e-07
-7.03632e-08
-1.45681e-06
-3.83174e-06
-2.1597e-06
-5.18193e-06
-2.7608e-06
-5.09413e-06
-3.22642e-06
-4.18568e-06
-3.5503e-06
-2.83094e-06
-3.73025e-06
-1.31267e-06
-3.75642e-06
1.76898e-07
-3.62272e-06
1.58282e-06
3.02124e-06
-3.31704e-06
2.09107e-06
2.0327e-05
2.18397e-06
7.28468e-06
1.55777e-06
5.55783e-07
7.90281e-07
-3.06439e-06
-4.0634e-09
-4.38765e-06
-7.02354e-07
-4.39593e-06
-1.23328e-06
-3.6548e-06
-1.58138e-06
-2.48291e-06
-1.74747e-06
-1.14662e-06
-1.72242e-06
1.51793e-07
-1.49598e-06
1.35633e-06
2.57988e-06
-1.05467e-06
3.473e-06
1.68533e-05
4.18304e-06
6.57489e-06
3.78895e-06
9.49428e-07
2.98374e-06
-2.25893e-06
2.05771e-06
-3.4619e-06
1.21822e-06
-3.55633e-06
5.82373e-07
-3.01915e-06
1.76782e-07
-2.07724e-06
-1.50878e-09
-9.68504e-07
5.33138e-08
9.70496e-08
3.49978e-07
1.05961e-06
2.0289e-06
9.00906e-07
4.82572e-06
1.2027e-05
6.11848e-06
5.28179e-06
6.00441e-06
1.06324e-06
5.15765e-06
-1.41224e-06
4.07535e-06
-2.37975e-06
3.05623e-06
-2.53729e-06
2.2714e-06
-2.23445e-06
1.76723e-06
-1.57313e-06
1.54601e-06
-7.47393e-07
1.60811e-06
3.49731e-08
1.94963e-06
7.18084e-07
1.39756e-06
2.5809e-06
5.87645e-06
6.14946e-06
7.9472e-06
3.2105e-06
8.2065e-06
8.03307e-07
7.38134e-06
-5.87257e-07
6.16757e-06
-1.1663e-06
4.95084e-06
-1.32073e-06
3.96097e-06
-1.24484e-06
3.29432e-06
-9.06633e-07
2.98475e-06
-4.38058e-07
3.02707e-06
-7.31649e-09
3.38832e-06
3.56816e-07
7.14017e-07
4.07174e-06
6.14935e-06
9.35972e-06
1.0163e-05
9.57567e-06
8.40934e-06
7.08856e-06
5.84369e-06
4.937e-06
4.49895e-06
4.49163e-06
4.84842e-06
5.56242e-06
-2.36566e-05
4.06218e-06
-2.46168e-05
5.90696e-06
-2.56944e-05
7.78706e-06
-2.67803e-05
9.55086e-06
-2.77042e-05
1.0929e-05
-2.82512e-05
1.15549e-05
-2.81718e-05
1.10663e-05
-2.71882e-05
9.16264e-06
-2.49829e-05
5.68337e-06
-2.11043e-05
6.49074e-07
-1.4378e-05
-6.41608e-06
-1.75996e-05
-1.96755e-05
4.68856e-06
-2.04064e-05
6.63779e-06
-2.11704e-05
8.55105e-06
-2.1862e-05
1.02424e-05
-2.23244e-05
1.13913e-05
-2.23546e-05
1.15851e-05
-2.16988e-05
1.04105e-05
-2.00418e-05
7.50564e-06
-1.69787e-05
2.62026e-06
-1.19037e-05
-4.42587e-06
-5.05446e-06
-1.32653e-05
-2.2654e-05
-1.58174e-05
5.1118e-06
-1.62637e-05
7.08409e-06
-1.66686e-05
8.95585e-06
-1.69397e-05
1.05135e-05
-1.69458e-05
1.13974e-05
-1.65185e-05
1.11577e-05
-1.54454e-05
9.33732e-06
-1.34756e-05
5.53591e-06
-1.04044e-05
-4.50994e-07
-6.28976e-06
-8.54048e-06
-2.10261e-06
-1.74524e-05
-2.47564e-05
-1.21509e-05
5.30325e-06
-1.2295e-05
7.22816e-06
-1.23378e-05
8.99872e-06
-1.22094e-05
1.03851e-05
-1.18175e-05
1.10055e-05
-1.10525e-05
1.03927e-05
-9.78844e-06
8.07328e-06
-7.91481e-06
3.66229e-06
-5.49663e-06
-2.86914e-06
-2.93412e-06
-1.11029e-05
-8.56374e-07
-1.95301e-05
-2.56128e-05
-8.73684e-06
5.2574e-06
-8.58599e-06
7.07729e-06
-8.2907e-06
8.70343e-06
-7.80922e-06
9.90358e-06
-7.09769e-06
1.0294e-05
-6.11992e-06
9.41496e-06
-4.85326e-06
6.80662e-06
-3.32299e-06
2.13205e-06
-1.74132e-06
-4.45078e-06
-4.4754e-07
-1.23967e-05
3.59998e-07
-2.03375e-05
-2.52526e-05
-5.62243e-06
4.98456e-06
-5.19825e-06
6.6531e-06
-4.60041e-06
8.10558e-06
-3.81871e-06
9.12189e-06
-2.8598e-06
9.33507e-06
-1.7622e-06
8.31737e-06
-5.96464e-07
5.6409e-06
5.22555e-07
1.01305e-06
1.33594e-06
-5.26415e-06
1.6374e-06
-1.26981e-05
1.39697e-06
-2.00971e-05
-2.38557e-05
-2.83783e-06
4.50532e-06
-2.16889e-06
5.98415e-06
-1.30625e-06
7.24296e-06
-2.71318e-07
8.08694e-06
8.82604e-07
8.18121e-06
2.05037e-06
7.14959e-06
3.08908e-06
4.60226e-06
3.83675e-06
2.65391e-07
4.01828e-06
-5.44563e-06
3.5101e-06
-1.21899e-05
2.37897e-06
-1.89659e-05
-2.14765e-05
-3.95492e-07
3.8461e-06
4.87534e-07
5.10112e-06
1.58034e-06
6.15014e-06
2.83224e-06
6.83508e-06
4.15176e-06
6.86168e-06
5.37844e-06
5.92295e-06
6.31399e-06
3.66668e-06
6.77252e-06
-1.93114e-07
6.4498e-06
-5.12292e-06
5.2339e-06
-1.0974e-05
3.22492e-06
-1.69568e-05
-1.82516e-05
1.71132e-06
3.03566e-06
2.77907e-06
4.03336e-06
4.07302e-06
4.85623e-06
5.51816e-06
5.3897e-06
6.99398e-06
5.38611e-06
8.29358e-06
4.62309e-06
9.17462e-06
2.7859e-06
9.4346e-06
-4.53209e-07
8.70685e-06
-4.39507e-06
6.83849e-06
-9.10539e-06
3.95127e-06
-1.40697e-05
-1.43003e-05
3.51442e-06
2.10209e-06
4.74147e-06
2.80634e-06
6.21432e-06
3.38322e-06
7.84154e-06
3.76235e-06
9.47931e-06
3.74833e-06
1.088e-05
3.22237e-06
1.17582e-05
1.90774e-06
1.18997e-05
-5.94732e-07
1.08291e-05
-3.32436e-06
8.32622e-06
-6.60236e-06
4.5236e-06
-1.02672e-05
-9.77682e-06
5.10102e-06
1.07274e-06
6.46445e-06
1.44285e-06
8.0998e-06
1.74759e-06
9.90702e-06
1.95484e-06
1.17161e-05
1.93922e-06
1.32573e-05
1.681e-06
1.41707e-05
9.94509e-07
1.42218e-05
-6.45818e-07
1.27904e-05
-1.89289e-06
9.65932e-06
-3.47114e-06
4.9928e-06
-5.60076e-06
-4.78439e-06
6.63514e-06
8.07794e-06
9.82546e-06
1.17803e-05
1.37195e-05
1.54005e-05
1.6395e-05
1.57492e-05
1.38564e-05
1.03852e-05
4.78439e-06
-1.44729e-05
-3.50132e-07
-1.70963e-05
-4.82508e-06
-1.78771e-05
-7.22756e-06
-1.83274e-05
-8.63152e-06
-1.87511e-05
-8.94004e-06
-1.92911e-05
-8.35579e-06
-1.99443e-05
-7.10504e-06
-2.06385e-05
-5.35579e-06
-2.12905e-05
-3.33032e-06
-2.18388e-05
-1.25211e-06
-2.23539e-05
6.03113e-07
2.43166e-06
-2.28884e-05
-9.33618e-06
8.98558e-06
-1.28492e-05
-1.31213e-06
-1.41254e-05
-5.95154e-06
-1.48527e-05
-7.90422e-06
-1.53935e-05
-8.39929e-06
-1.59363e-05
-7.81303e-06
-1.65214e-05
-6.51998e-06
-1.71118e-05
-4.76545e-06
-1.76565e-05
-2.78561e-06
-1.81245e-05
-7.84153e-07
-1.85746e-05
1.05311e-06
2.9066e-06
-1.90495e-05
-6.40645e-06
1.53916e-05
-9.43956e-06
1.72084e-06
-1.08684e-05
-4.52282e-06
-1.17178e-05
-7.05481e-06
-1.23209e-05
-7.79626e-06
-1.2852e-05
-7.28193e-06
-1.33728e-05
-5.99919e-06
-1.38698e-05
-4.26846e-06
-1.4314e-05
-2.34143e-06
-1.46904e-05
-4.0779e-07
-1.50421e-05
1.40473e-06
3.25932e-06
-1.53949e-05
-4.27407e-06
1.96654e-05
-6.63805e-06
4.08472e-06
-8.00476e-06
-3.15619e-06
-8.86767e-06
-6.19198e-06
-9.49326e-06
-7.17072e-06
-1.00123e-05
-6.76289e-06
-1.04823e-05
-5.52927e-06
-1.09022e-05
-3.84861e-06
-1.12558e-05
-1.98784e-06
-1.15344e-05
-1.29215e-07
-1.17657e-05
1.63598e-06
3.45394e-06
-1.19603e-05
-2.49219e-06
2.21577e-05
-4.20257e-06
5.79507e-06
-5.41972e-06
-1.93908e-06
-6.24248e-06
-5.36925e-06
-6.87501e-06
-6.53823e-06
-7.39632e-06
-6.2416e-06
-7.83638e-06
-5.08925e-06
-8.1994e-06
-3.48561e-06
-8.47627e-06
-1.711e-06
-8.65915e-06
5.36289e-08
-8.7618e-06
1.73859e-06
3.47592e-06
-8.78382e-06
-8.89632e-07
2.30471e-05
-1.97716e-06
6.88253e-06
-3.00938e-06
-9.06921e-07
-3.78822e-06
-4.59048e-06
-4.44048e-06
-5.88602e-06
-4.98563e-06
-5.6965e-06
-5.42251e-06
-4.6524e-06
-5.75246e-06
-3.15569e-06
-5.97034e-06
-1.49315e-06
-6.0672e-06
1.50454e-07
-6.04521e-06
1.71658e-06
3.32723e-06
-5.89656e-06
6.30061e-07
2.24172e-05
1.35869e-07
7.37676e-06
-6.99733e-07
-7.1402e-08
-1.45741e-06
-3.8328e-06
-2.16044e-06
-5.18306e-06
-2.76166e-06
-5.09529e-06
-3.22741e-06
-4.18671e-06
-3.55141e-06
-2.83171e-06
-3.73149e-06
-1.31313e-06
-3.75776e-06
1.76704e-07
-3.62414e-06
1.58292e-06
3.02159e-06
-3.31853e-06
2.0908e-06
2.03262e-05
2.18353e-06
7.28387e-06
1.55717e-06
5.54917e-07
7.89506e-07
-3.06526e-06
-5.00697e-09
-4.3886e-06
-7.03435e-07
-4.39694e-06
-1.23449e-06
-3.65569e-06
-1.58271e-06
-2.48355e-06
-1.74893e-06
-1.14696e-06
-1.72397e-06
1.51688e-07
-1.49758e-06
1.3565e-06
2.58027e-06
-1.0563e-06
3.47269e-06
1.68527e-05
4.18251e-06
6.57433e-06
3.78821e-06
9.48712e-07
2.98282e-06
-2.25955e-06
2.05659e-06
-3.46266e-06
1.21696e-06
-3.55713e-06
5.80966e-07
-3.01991e-06
1.75251e-07
-2.07773e-06
-3.16572e-09
-9.68743e-07
5.15918e-08
9.70191e-08
3.48245e-07
1.05982e-06
2.02933e-06
8.99178e-07
4.82539e-06
1.20266e-05
6.11789e-06
5.28146e-06
6.00359e-06
1.06272e-06
5.15663e-06
-1.41263e-06
4.07411e-06
-2.38028e-06
3.05483e-06
-2.53788e-06
2.26984e-06
-2.23503e-06
1.76553e-06
-1.57347e-06
1.54419e-06
-7.47533e-07
1.60624e-06
3.49846e-08
1.9478e-06
7.18309e-07
1.39789e-06
2.57909e-06
5.87615e-06
6.14917e-06
7.94658e-06
3.21043e-06
8.20568e-06
8.02933e-07
7.38029e-06
-5.8738e-07
6.1663e-06
-1.16657e-06
4.94937e-06
-1.32103e-06
3.9593e-06
-1.24518e-06
3.29249e-06
-9.06793e-07
2.9828e-06
-4.38132e-07
3.02511e-06
-7.28423e-09
3.38644e-06
3.57002e-07
7.14134e-07
4.06991e-06
6.14904e-06
9.35933e-06
1.01622e-05
9.5748e-06
8.40822e-06
7.08715e-06
5.84194e-06
4.93508e-06
4.49696e-06
4.48968e-06
4.84663e-06
5.56069e-06
-2.3657e-05
4.06194e-06
-2.46175e-05
5.907e-06
-2.56955e-05
7.78738e-06
-2.67817e-05
9.5514e-06
-2.77058e-05
1.09297e-05
-2.82532e-05
1.15559e-05
-2.8174e-05
1.10675e-05
-2.71906e-05
9.16395e-06
-2.49852e-05
5.68479e-06
-2.11063e-05
6.50425e-07
-1.43795e-05
-6.41513e-06
-1.75999e-05
-1.96762e-05
4.68854e-06
-2.04073e-05
6.63805e-06
-2.11716e-05
8.5516e-06
-2.18635e-05
1.02432e-05
-2.23262e-05
1.13923e-05
-2.23565e-05
1.15863e-05
-2.17009e-05
1.04118e-05
-2.00438e-05
7.50689e-06
-1.69803e-05
2.62142e-06
-1.19047e-05
-4.42506e-06
-5.05468e-06
-1.3265e-05
-2.26543e-05
-1.58183e-05
5.11197e-06
-1.62649e-05
7.08454e-06
-1.66699e-05
8.95661e-06
-1.69413e-05
1.05145e-05
-1.69476e-05
1.13987e-05
-1.65204e-05
1.1159e-05
-1.54472e-05
9.33862e-06
-1.34773e-05
5.53697e-06
-1.04056e-05
-4.50211e-07
-6.29033e-06
-8.54012e-06
-2.10266e-06
-1.74523e-05
-2.47565e-05
-1.2152e-05
5.30358e-06
-1.22962e-05
7.22875e-06
-1.23393e-05
8.99961e-06
-1.2211e-05
1.03861e-05
-1.18192e-05
1.10068e-05
-1.10541e-05
1.0394e-05
-9.78999e-06
8.07449e-06
-7.91609e-06
3.6631e-06
-5.49752e-06
-2.86869e-06
-2.9346e-06
-1.11029e-05
-8.56494e-07
-1.95302e-05
-2.56128e-05
-8.73812e-06
5.25783e-06
-8.58737e-06
7.07797e-06
-8.29218e-06
8.70438e-06
-7.81073e-06
9.90469e-06
-7.09922e-06
1.02953e-05
-6.12136e-06
9.41614e-06
-4.85456e-06
6.80772e-06
-3.32403e-06
2.13262e-06
-1.74207e-06
-4.45056e-06
-4.48014e-07
-1.23968e-05
3.59777e-07
-2.03377e-05
-2.52525e-05
-5.62384e-06
4.98509e-06
-5.1997e-06
6.65379e-06
-4.60188e-06
8.10655e-06
-3.82014e-06
9.12293e-06
-2.86119e-06
9.33635e-06
-1.76343e-06
8.31838e-06
-5.97554e-07
5.64187e-06
5.21696e-07
1.0134e-06
1.33528e-06
-5.26407e-06
1.63692e-06
-1.26983e-05
1.39674e-06
-2.00973e-05
-2.38557e-05
-2.83936e-06
4.50587e-06
-2.17039e-06
5.98482e-06
-1.30772e-06
7.24383e-06
-2.72652e-07
8.0879e-06
8.8135e-07
8.18234e-06
2.04934e-06
7.15047e-06
3.08816e-06
4.60305e-06
3.83605e-06
2.65603e-07
4.01772e-06
-5.44565e-06
3.50965e-06
-1.21901e-05
2.37873e-06
-1.89662e-05
-2.14766e-05
-3.97121e-07
3.84668e-06
4.85986e-07
5.10168e-06
1.5789e-06
6.15093e-06
2.83099e-06
6.83578e-06
4.15064e-06
6.86274e-06
5.37757e-06
5.92353e-06
6.31324e-06
3.66745e-06
6.77196e-06
-1.93096e-07
6.44933e-06
-5.12296e-06
5.2335e-06
-1.09742e-05
3.22471e-06
-1.69573e-05
-1.82517e-05
1.7096e-06
3.03607e-06
2.7775e-06
4.03395e-06
4.07156e-06
4.85664e-06
5.51705e-06
5.39055e-06
6.99293e-06
5.3866e-06
8.29292e-06
4.62388e-06
9.17398e-06
2.78617e-06
9.43421e-06
-4.53058e-07
8.7065e-06
-4.3952e-06
6.83812e-06
-9.10574e-06
3.95114e-06
-1.407e-05
-1.43006e-05
3.51265e-06
2.10237e-06
4.73985e-06
2.80672e-06
6.21292e-06
3.3835e-06
7.84047e-06
3.76301e-06
9.47841e-06
3.74863e-06
1.08794e-05
3.22297e-06
1.17577e-05
1.90788e-06
1.18995e-05
-5.94634e-07
1.08289e-05
-3.32451e-06
8.32592e-06
-6.60262e-06
4.52345e-06
-1.02674e-05
-9.7771e-06
5.09923e-06
1.07274e-06
6.46282e-06
1.44305e-06
8.09842e-06
1.74773e-06
9.90606e-06
1.9554e-06
1.17153e-05
1.93928e-06
1.3257e-05
1.6815e-06
1.41704e-05
9.94517e-07
1.42217e-05
-6.45636e-07
1.27903e-05
-1.89297e-06
9.6591e-06
-3.47131e-06
4.9927e-06
-5.60085e-06
-4.78426e-06
6.63341e-06
8.07643e-06
9.82416e-06
1.17795e-05
1.37189e-05
1.54004e-05
1.63949e-05
1.57493e-05
1.38564e-05
1.03851e-05
4.78426e-06
-1.4475e-05
-3.49638e-07
-1.7099e-05
-4.82346e-06
-1.788e-05
-7.2256e-06
-1.83303e-05
-8.6295e-06
-1.8754e-05
-8.93797e-06
-1.92939e-05
-8.35362e-06
-1.99467e-05
-7.1028e-06
-2.06406e-05
-5.35355e-06
-2.12922e-05
-3.32824e-06
-2.18402e-05
-1.25033e-06
-2.23548e-05
6.04554e-07
2.43278e-06
-2.28889e-05
-9.33782e-06
8.98781e-06
-1.28515e-05
-1.30988e-06
-1.41278e-05
-5.94941e-06
-1.48552e-05
-7.9022e-06
-1.53959e-05
-8.39733e-06
-1.59385e-05
-7.81107e-06
-1.65233e-05
-6.51801e-06
-1.71133e-05
-4.76355e-06
-1.76577e-05
-2.78391e-06
-1.81253e-05
-7.82786e-07
-1.85748e-05
1.0541e-06
2.90723e-06
-1.90493e-05
-6.40774e-06
1.53952e-05
-9.44133e-06
1.72357e-06
-1.08702e-05
-4.52058e-06
-1.17197e-05
-7.05284e-06
-1.23226e-05
-7.79445e-06
-1.28535e-05
-7.28021e-06
-1.3374e-05
-5.99752e-06
-1.38707e-05
-4.26689e-06
-1.43145e-05
-2.34009e-06
-1.46906e-05
-4.06811e-07
-1.50418e-05
1.40531e-06
3.25953e-06
-1.53941e-05
-4.27498e-06
1.96699e-05
-6.6393e-06
4.0878e-06
-8.00606e-06
-3.15392e-06
-8.86888e-06
-6.19011e-06
-9.4943e-06
-7.1691e-06
-1.00132e-05
-6.76141e-06
-1.04828e-05
-5.52788e-06
-1.09024e-05
-3.84736e-06
-1.12557e-05
-1.98684e-06
-1.15339e-05
-1.28575e-07
-1.17649e-05
1.63621e-06
3.45377e-06
-1.19592e-05
-2.49271e-06
2.21628e-05
-4.20327e-06
5.79831e-06
-5.42041e-06
-1.93682e-06
-6.24304e-06
-5.36754e-06
-6.87539e-06
-6.53682e-06
-7.39648e-06
-6.24035e-06
-7.83627e-06
-5.08813e-06
-8.19901e-06
-3.48466e-06
-8.47558e-06
-1.7103e-06
-8.65817e-06
5.39756e-08
-8.76054e-06
1.73854e-06
3.47546e-06
-8.78228e-06
-8.89762e-07
2.30524e-05
-1.9773e-06
6.88578e-06
-3.00946e-06
-9.04752e-07
-3.78813e-06
-4.58896e-06
-4.44019e-06
-5.88483e-06
-4.98515e-06
-5.69546e-06
-5.4218e-06
-4.65152e-06
-5.7515e-06
-3.155e-06
-5.96911e-06
-1.49271e-06
-6.06574e-06
1.50569e-07
-6.04355e-06
1.7163e-06
3.32658e-06
-5.89471e-06
6.30311e-07
2.24222e-05
1.36269e-07
7.37984e-06
-6.99199e-07
-6.93698e-08
-1.45668e-06
-3.83151e-06
-2.15951e-06
-5.18209e-06
-2.76056e-06
-5.09446e-06
-3.22611e-06
-4.18604e-06
-3.5499e-06
-2.83124e-06
-3.72977e-06
-1.31291e-06
-3.75587e-06
1.76641e-07
-3.62212e-06
1.58249e-06
3.02081e-06
-3.31641e-06
2.09141e-06
2.03307e-05
2.18444e-06
7.28664e-06
1.55828e-06
5.56725e-07
7.90839e-07
-3.0642e-06
-3.47746e-09
-4.38784e-06
-7.01758e-07
-4.39627e-06
-1.23267e-06
-3.65518e-06
-1.58073e-06
-2.48324e-06
-1.74677e-06
-1.14689e-06
-1.72169e-06
1.5151e-07
-1.49525e-06
1.35599e-06
2.57946e-06
-1.05396e-06
3.47363e-06
1.68564e-05
4.18389e-06
6.5766e-06
3.78987e-06
9.50311e-07
2.98471e-06
-2.25882e-06
2.05868e-06
-3.46207e-06
1.21916e-06
-3.55664e-06
5.8328e-07
-3.0195e-06
1.77682e-07
-2.07756e-06
-6.10159e-10
-9.68786e-07
5.4206e-08
9.67819e-08
3.50834e-07
1.0593e-06
2.02854e-06
9.01702e-07
4.82664e-06
1.2029e-05
6.1197e-06
5.28318e-06
6.00571e-06
1.06402e-06
5.15903e-06
-1.41222e-06
4.07669e-06
-2.3799e-06
3.0575e-06
-2.53753e-06
2.2726e-06
-2.23471e-06
1.76837e-06
-1.5734e-06
1.54711e-06
-7.47636e-07
1.60916e-06
3.47585e-08
1.95061e-06
7.17848e-07
1.3973e-06
2.58179e-06
5.87745e-06
6.15044e-06
7.94877e-06
3.21127e-06
8.20819e-06
8.03936e-07
7.38313e-06
-5.8737e-07
6.1693e-06
-1.1664e-06
4.95245e-06
-1.32086e-06
3.96247e-06
-1.24499e-06
3.29571e-06
-9.06803e-07
2.98605e-06
-4.38216e-07
3.0283e-06
-7.43003e-09
3.38944e-06
3.56683e-07
7.13864e-07
4.07274e-06
6.15032e-06
9.36145e-06
1.01653e-05
9.57791e-06
8.41148e-06
7.09057e-06
5.84555e-06
4.93869e-06
4.50049e-06
4.49306e-06
4.84971e-06
5.56356e-06
-2.36568e-05
4.06268e-06
-2.46168e-05
5.90727e-06
-2.56939e-05
7.78713e-06
-2.67794e-05
9.55059e-06
-2.77028e-05
1.09282e-05
-2.82496e-05
1.15537e-05
-2.81699e-05
1.10648e-05
-2.71863e-05
9.161e-06
-2.49812e-05
5.68193e-06
-2.1103e-05
6.48025e-07
-1.43773e-05
-6.41662e-06
-1.75995e-05
-1.96755e-05
4.68875e-06
-2.0406e-05
6.63776e-06
-2.11696e-05
8.55076e-06
-2.18609e-05
1.02418e-05
-2.23229e-05
1.13902e-05
-2.23529e-05
1.15836e-05
-2.1697e-05
1.04088e-05
-2.00401e-05
7.50408e-06
-1.69772e-05
2.61912e-06
-1.19028e-05
-4.42639e-06
-5.05411e-06
-1.32653e-05
-2.26536e-05
-1.58171e-05
5.11172e-06
-1.62632e-05
7.08377e-06
-1.66677e-05
8.95527e-06
-1.69385e-05
1.05126e-05
-1.69445e-05
1.13962e-05
-1.65171e-05
1.11561e-05
-1.54439e-05
9.33563e-06
-1.34743e-05
5.5345e-06
-1.04033e-05
-4.51823e-07
-6.28909e-06
-8.54059e-06
-2.10231e-06
-1.74519e-05
-2.47557e-05
-1.21504e-05
5.30295e-06
-1.22943e-05
7.22762e-06
-1.2337e-05
8.99793e-06
-1.22084e-05
1.0384e-05
-1.18163e-05
1.10041e-05
-1.10513e-05
1.03911e-05
-9.7873e-06
8.07166e-06
-7.91384e-06
3.66106e-06
-5.4959e-06
-2.86972e-06
-2.93362e-06
-1.11028e-05
-8.56057e-07
-1.95294e-05
-2.56117e-05
-8.73629e-06
5.25694e-06
-8.58529e-06
7.0766e-06
-8.28987e-06
8.70251e-06
-7.8083e-06
9.90244e-06
-7.09675e-06
1.02926e-05
-6.11904e-06
9.41338e-06
-4.85248e-06
6.80513e-06
-3.32238e-06
2.131e-06
-1.74087e-06
-4.45118e-06
-4.47207e-07
-1.23964e-05
3.60216e-07
-2.03367e-05
-2.52513e-05
-5.62182e-06
4.98402e-06
-5.19756e-06
6.65233e-06
-4.59967e-06
8.10462e-06
-3.81796e-06
9.12076e-06
-2.85911e-06
9.33373e-06
-1.76162e-06
8.3159e-06
-5.96032e-07
5.63956e-06
5.22842e-07
1.01215e-06
1.33613e-06
-5.26444e-06
1.63755e-06
-1.26978e-05
1.39709e-06
-2.00962e-05
-2.38542e-05
-2.83719e-06
4.50475e-06
-2.16824e-06
5.98338e-06
-1.30562e-06
7.24202e-06
-2.70747e-07
8.08587e-06
8.83059e-07
8.17998e-06
2.05067e-06
7.14829e-06
3.08921e-06
4.60108e-06
3.83676e-06
2.64627e-07
4.01823e-06
-5.44586e-06
3.51006e-06
-1.21895e-05
2.37897e-06
-1.8965e-05
-2.1475e-05
-3.94816e-07
3.84557e-06
4.8815e-07
5.10041e-06
1.58087e-06
6.14928e-06
2.83265e-06
6.83414e-06
4.15201e-06
6.86062e-06
5.3785e-06
5.92186e-06
6.31387e-06
3.66569e-06
6.77228e-06
-1.93744e-07
6.44953e-06
-5.12311e-06
5.23367e-06
-1.09737e-05
3.22481e-06
-1.69561e-05
-1.82502e-05
1.71203e-06
3.03521e-06
2.77966e-06
4.03277e-06
4.07347e-06
4.85552e-06
5.51844e-06
5.38892e-06
6.99407e-06
5.38527e-06
8.29344e-06
4.62221e-06
9.17429e-06
2.78513e-06
9.43415e-06
-4.5372e-07
8.70638e-06
-4.39519e-06
6.83809e-06
-9.10518e-06
3.95105e-06
-1.40691e-05
-1.4299e-05
3.51518e-06
2.10177e-06
4.74207e-06
2.80591e-06
6.21473e-06
3.38269e-06
7.84173e-06
3.76178e-06
9.47928e-06
3.74774e-06
1.08797e-05
3.22175e-06
1.17577e-05
1.90719e-06
1.18991e-05
-5.95084e-07
1.08285e-05
-3.32444e-06
8.32564e-06
-6.60221e-06
4.52326e-06
-1.02667e-05
-9.77589e-06
5.10187e-06
1.07257e-06
6.46509e-06
1.44262e-06
8.1002e-06
1.7473e-06
9.90717e-06
1.95453e-06
1.1716e-05
1.93892e-06
1.32569e-05
1.68068e-06
1.417e-05
9.94223e-07
1.4221e-05
-6.45971e-07
1.27896e-05
-1.89289e-06
9.65859e-06
-3.47106e-06
4.99236e-06
-5.60058e-06
-4.78379e-06
6.63611e-06
8.07868e-06
9.82591e-06
1.17804e-05
1.37193e-05
1.54e-05
1.63943e-05
1.57483e-05
1.38555e-05
1.03844e-05
4.78379e-06
-1.44734e-05
-3.48908e-07
-1.70972e-05
-4.82375e-06
-1.78783e-05
-7.22615e-06
-1.83289e-05
-8.62993e-06
-1.87529e-05
-8.93824e-06
-1.9293e-05
-8.35385e-06
-1.99462e-05
-7.10312e-06
-2.06403e-05
-5.35411e-06
-2.12921e-05
-3.32911e-06
-2.18402e-05
-1.25159e-06
-2.23549e-05
6.02692e-07
2.43037e-06
-9.33665e-06
8.98731e-06
-1.285e-05
-1.31046e-06
-1.41264e-05
-5.94988e-06
-1.4854e-05
-7.90243e-06
-1.53949e-05
-8.39734e-06
-1.59378e-05
-7.811e-06
-1.65229e-05
-6.51804e-06
-1.71132e-05
-4.76385e-06
-1.76578e-05
-2.78457e-06
-1.81255e-05
-7.83899e-07
-1.85752e-05
1.05235e-06
2.90491e-06
-6.40689e-06
1.53938e-05
-9.4402e-06
1.72273e-06
-1.08692e-05
-4.52099e-06
-1.17187e-05
-7.05291e-06
-1.23219e-05
-7.79423e-06
-1.2853e-05
-7.27987e-06
-1.33738e-05
-5.99727e-06
-1.38707e-05
-4.26694e-06
-1.43148e-05
-2.34054e-06
-1.4691e-05
-4.07742e-07
-1.50424e-05
1.4037e-06
3.25733e-06
-4.27437e-06
1.96679e-05
-6.63848e-06
4.08675e-06
-8.00526e-06
-3.15429e-06
-8.86819e-06
-6.19004e-06
-9.49377e-06
-7.1687e-06
-1.00128e-05
-6.76084e-06
-1.04827e-05
-5.5274e-06
-1.09025e-05
-3.84718e-06
-1.1256e-05
-1.98708e-06
-1.15344e-05
-1.29315e-07
-1.17656e-05
1.6348e-06
3.45171e-06
-2.49233e-06
2.21604e-05
-4.20274e-06
5.79714e-06
-5.41988e-06
-1.93718e-06
-6.24258e-06
-5.36737e-06
-6.87504e-06
-6.53627e-06
-7.39628e-06
-6.23963e-06
-7.83625e-06
-5.08746e-06
-8.19917e-06
-3.48428e-06
-8.47595e-06
-1.71034e-06
-8.65874e-06
5.34381e-08
-8.76132e-06
1.73733e-06
3.47356e-06
-8.89596e-07
2.30498e-05
-1.97706e-06
6.88455e-06
-3.0092e-06
-9.05101e-07
-3.7879e-06
-4.58874e-06
-4.44001e-06
-5.8842e-06
-4.98504e-06
-5.69464e-06
-5.42182e-06
-4.65071e-06
-5.75167e-06
-3.15445e-06
-5.96947e-06
-1.49256e-06
-6.06631e-06
1.50229e-07
-6.04432e-06
1.7153e-06
3.32481e-06
6.30268e-07
2.24196e-05
1.3624e-07
7.37863e-06
-6.99208e-07
-6.97248e-08
-1.45667e-06
-3.83127e-06
-2.15949e-06
-5.18144e-06
-2.76054e-06
-5.0936e-06
-3.22615e-06
-4.18515e-06
-3.55005e-06
-2.83057e-06
-3.73008e-06
-1.3126e-06
-3.75638e-06
1.76487e-07
-3.62283e-06
1.58169e-06
3.01923e-06
2.09116e-06
2.03284e-05
2.18416e-06
7.2855e-06
1.55802e-06
5.56381e-07
7.90637e-07
-3.06401e-06
-3.60995e-09
-4.38724e-06
-7.01819e-07
-4.39545e-06
-1.23271e-06
-3.65428e-06
-1.58082e-06
-2.48251e-06
-1.74698e-06
-1.14649e-06
-1.72208e-06
1.51513e-07
-1.49585e-06
1.35541e-06
2.57807e-06
3.47317e-06
1.68545e-05
4.18337e-06
6.5756e-06
3.78936e-06
9.49912e-07
2.9843e-06
-2.25863e-06
2.05839e-06
-3.4616e-06
1.21902e-06
-3.55592e-06
5.83235e-07
-3.0187e-06
1.77666e-07
-2.07685e-06
-6.88388e-10
-9.68336e-07
5.39821e-08
9.69084e-08
3.50386e-07
1.05897e-06
2.02738e-06
4.82599e-06
1.20278e-05
6.11894e-06
5.28232e-06
6.00496e-06
1.06363e-06
5.15838e-06
-1.41207e-06
4.07622e-06
-2.37956e-06
3.05726e-06
-2.53697e-06
2.27254e-06
-2.23406e-06
1.76843e-06
-1.57278e-06
1.54718e-06
-7.47231e-07
1.60914e-06
3.49437e-08
1.95035e-06
7.17715e-07
1.39635e-06
5.87678e-06
6.14983e-06
7.94779e-06
3.21076e-06
8.20718e-06
8.036e-07
7.38221e-06
-5.87202e-07
6.16861e-06
-1.16618e-06
4.95207e-06
-1.32049e-06
3.96238e-06
-1.24456e-06
3.29586e-06
-9.06393e-07
2.98629e-06
-4.37993e-07
3.0285e-06
-7.32213e-09
3.38941e-06
3.56588e-07
7.13077e-07
6.14971e-06
9.36034e-06
1.01639e-05
9.57667e-06
8.41049e-06
7.08997e-06
5.84539e-06
4.93892e-06
4.50092e-06
4.49356e-06
4.85003e-06
)
;

boundaryField
{
    rotor
    {
        type            calculated;
        value           uniform 0;
    }
    stator
    {
        type            calculated;
        value           uniform 0;
    }
    front
    {
        type            empty;
        value           nonuniform 0();
    }
    back
    {
        type            empty;
        value           nonuniform 0();
    }
}


// ************************************************************************* //
