/*--------------------------------*- C++ -*----------------------------------*\
| =========                 |                                                 |
| \\      /  F ield         | OpenFOAM: The Open Source CFD Toolbox           |
|  \\    /   O peration     | Version:  v1912                                 |
|   \\  /    A nd           | Website:  www.openfoam.com                      |
|    \\/     M anipulation  |                                                 |
\*---------------------------------------------------------------------------*/
FoamFile
{
    version     2.0;
    format      ascii;
    class       volVectorField;
    location    "450";
    object      U;
}
// * * * * * * * * * * * * * * * * * * * * * * * * * * * * * * * * * * * * * //

dimensions      [0 1 -1 0 0 0 0];


internalField   nonuniform List<vector> 
3072
(
(0.29176 2.21731 0)
(0.312299 1.9338 0)
(0.395451 1.76624 1.41821e-19)
(0.505292 1.65443 7.00479e-19)
(0.621927 1.5832 -1.17277e-18)
(0.7496 1.53056 6.89176e-19)
(0.870366 1.62121 3.61348e-19)
(1.19724 1.71839 1.31752e-18)
(2.07356 1.42778 -4.71707e-19)
(2.89037 1.64447 1.04095e-18)
(3.12923 2.04174 8.6938e-19)
(3.4067 2.1553 7.58455e-19)
(-0.375201 2.74225 -2.67082e-19)
(-0.21832 2.37797 -6.21322e-19)
(0.036698 2.33679 5.31547e-19)
(0.310083 2.33745 0)
(0.617248 2.40075 1.11714e-18)
(1.08046 2.39236 -1.45635e-18)
(1.92673 2.45859 0)
(2.64565 2.73496 0)
(2.98764 2.73144 0)
(3.12712 2.79399 8.26482e-19)
(3.15087 2.81068 -2.83664e-18)
(3.24476 2.79598 3.44884e-19)
(-0.348817 2.99331 1.75836e-19)
(-0.109551 2.70039 0)
(0.307208 2.73076 0)
(0.798579 2.75432 -3.73326e-18)
(1.45344 2.83849 1.3966e-18)
(2.1818 2.98502 -2.09796e-18)
(2.68399 3.00945 1.74595e-18)
(2.98396 2.99333 0)
(3.14404 2.86537 0)
(3.2296 2.76297 -1.00433e-18)
(3.27768 2.67688 -1.09327e-18)
(3.3489 2.59119 3.82723e-18)
(-0.309611 3.31996 -1.30244e-18)
(0.0813816 3.11829 -2.13799e-18)
(0.651257 3.21612 1.91739e-18)
(1.30656 3.28327 -1.85752e-18)
(1.9609 3.34537 3.65975e-18)
(2.47956 3.3237 -3.58115e-18)
(2.7859 3.20362 -2.12346e-18)
(2.96051 3.07302 -6.68883e-18)
(3.07505 2.91421 -3.15032e-19)
(3.13857 2.79189 3.60663e-18)
(3.18446 2.68501 4.03813e-18)
(3.23963 2.58309 -3.20224e-18)
(-0.0936549 3.53622 0)
(0.352239 3.49128 1.24084e-18)
(0.956701 3.60036 -2.8778e-18)
(1.59415 3.63642 3.26572e-18)
(2.14289 3.5897 6.12845e-19)
(2.50613 3.45318 2.10649e-18)
(2.71954 3.27982 2.37212e-18)
(2.85524 3.10866 2.39526e-18)
(2.94371 2.94033 -5.1159e-18)
(3.00663 2.79172 4.31654e-18)
(3.06041 2.66071 -5.83175e-18)
(3.1164 2.53982 7.70558e-18)
(0.11677 3.7304 -4.65571e-18)
(0.599838 3.78354 1.78754e-18)
(1.165 3.8687 5.24431e-18)
(1.7164 3.83976 0)
(2.14437 3.7107 -7.1751e-18)
(2.42063 3.52504 7.74623e-18)
(2.59771 3.32453 0)
(2.71997 3.13062 -5.8406e-18)
(2.81009 2.94753 4.96633e-18)
(2.88059 2.78294 0)
(2.94236 2.63616 2.85515e-19)
(3.00233 2.50248 4.51269e-18)
(0.331864 3.89558 0)
(0.798349 4.04085 -4.17651e-18)
(1.28687 4.07279 3.83591e-18)
(1.73094 3.98614 0)
(2.06707 3.80847 -4.42958e-18)
(2.2978 3.59265 7.17536e-19)
(2.46008 3.37075 6.25967e-18)
(2.58156 3.15853 5.79449e-18)
(2.67738 2.96112 -5.10289e-18)
(2.7567 2.78201 5.06861e-18)
(2.82688 2.62073 -4.38591e-18)
(2.89279 2.47433 -1.22997e-17)
(0.535863 4.08018 0)
(0.940338 4.2905 3.3719e-18)
(1.33218 4.25332 -4.87961e-18)
(1.67992 4.12217 4.88106e-18)
(1.954 3.91018 0)
(2.16038 3.66897 -6.35101e-18)
(2.3184 3.42637 6.29937e-18)
(2.44427 3.19556 1.27234e-19)
(2.54808 2.98155 -1.05746e-17)
(2.63636 2.78661 -4.97031e-18)
(2.71436 2.61042 -2.80053e-19)
(2.78599 2.45085 8.96455e-18)
(0.700912 4.2508 0)
(1.02879 4.52489 -3.77831e-18)
(1.31681 4.41041 -5.31162e-18)
(1.5852 4.23603 -3.81287e-18)
(1.81535 3.99487 7.76321e-18)
(2.00694 3.7314 0)
(2.16561 3.47 0)
(2.29863 3.22221 0)
(2.41182 2.99278 0)
(2.50949 2.78356 4.98017e-18)
(2.59542 2.59428 -5.02695e-18)
(2.67298 2.42306 4.81976e-18)
(0.831622 4.50925 0)
(1.02371 4.71944 2.66164e-18)
(1.21256 4.49926 -6.07732e-19)
(1.43005 4.26524 4.40011e-18)
(1.63354 3.99737 4.39657e-18)
(1.81839 3.71941 -7.07071e-18)
(1.98248 3.44951 0)
(2.1263 3.19569 -2.16768e-19)
(2.25185 2.96107 -1.7695e-17)
(2.36144 2.74669 0)
(2.45745 2.55219 1.10736e-17)
(2.54283 2.37574 -5.1971e-18)
(0.981534 4.56429 0)
(0.933552 4.68591 3.11164e-18)
(1.01626 4.37617 9.1149e-18)
(1.19677 4.08471 -7.78976e-18)
(1.38855 3.81492 -1.09032e-17)
(1.57774 3.55167 1.72845e-17)
(1.75472 3.30136 -1.95873e-19)
(1.91504 3.06674 -6.81144e-18)
(2.05738 2.84836 5.5858e-18)
(2.18272 2.64678 -1.19304e-17)
(2.29208 2.46185 -1.65903e-17)
(2.38822 2.29211 1.68263e-17)
(0.400235 4.17952 -1.83981e-18)
(0.559528 4.1014 -1.22184e-17)
(0.684883 3.80062 2.35118e-18)
(0.877676 3.55647 0)
(1.09063 3.36589 0)
(1.30054 3.17738 3.59141e-19)
(1.49676 2.99132 1.84626e-17)
(1.67584 2.81006 1.1419e-17)
(1.83629 2.63483 0)
(1.97866 2.46792 1.0802e-17)
(2.10275 2.31047 0)
(2.21132 2.16207 4.9613e-19)
(3.65733 2.25023 3.77411e-20)
(3.88339 2.17245 -3.12724e-19)
(4.04225 2.09864 -3.61393e-19)
(4.1277 1.94452 -5.85689e-19)
(4.14381 1.80496 -2.9441e-19)
(4.09561 1.61121 0)
(3.97023 1.43174 0)
(3.7657 1.22868 8.04162e-19)
(3.48439 1.02961 -9.43216e-19)
(3.10247 0.787638 0)
(2.68137 0.377758 0)
(2.53612 -0.222732 -6.5785e-20)
(3.34226 2.77147 1.70167e-18)
(3.43572 2.72268 0)
(3.53053 2.63861 -8.89249e-19)
(3.62265 2.51546 5.20476e-19)
(3.70179 2.35666 3.00974e-19)
(3.74049 2.19625 2.67543e-18)
(3.73517 2.03934 -4.35379e-18)
(3.67774 1.89525 6.78447e-19)
(3.56692 1.78351 0)
(3.32575 1.67981 0)
(3.04988 1.53933 0)
(3.19069 1.02252 7.28036e-19)
(3.4164 2.5047 1.60575e-18)
(3.48834 2.4144 -4.36263e-18)
(3.55839 2.31992 1.21855e-18)
(3.61849 2.22141 2.94497e-18)
(3.6593 2.12505 -2.97307e-18)
(3.6756 2.03265 0)
(3.66144 1.95569 0)
(3.61796 1.9043 -2.37958e-19)
(3.55255 1.88174 1.09518e-18)
(3.41675 1.87371 0)
(3.19976 1.86306 0)
(3.41298 1.7432 -4.68611e-19)
(3.293 2.4852 3.54674e-19)
(3.34799 2.38972 4.33398e-18)
(3.40162 2.29498 3.05751e-18)
(3.45067 2.20181 -3.03885e-18)
(3.49035 2.1148 0)
(3.51628 2.03973 1.7505e-18)
(3.52458 1.98451 0)
(3.51827 1.95865 2.50768e-18)
(3.49395 1.96272 -7.73528e-19)
(3.42655 2.02027 0)
(3.24913 2.10411 -5.5126e-19)
(3.54744 2.15335 6.60199e-19)
(3.17185 2.42718 -3.13029e-18)
(3.22798 2.32139 0)
(3.283 2.22176 0)
(3.33447 2.12969 0)
(3.37974 2.04894 0)
(3.41731 1.98434 -3.16677e-18)
(3.44564 1.94448 -1.41954e-19)
(3.46412 1.9361 -1.41189e-18)
(3.47936 1.96848 0)
(3.47616 2.05734 -1.23381e-18)
(3.36105 2.20082 4.92188e-19)
(3.77425 2.39989 -1.68923e-19)
(3.06098 2.37983 -2.48462e-19)
(3.11929 2.26683 -7.37892e-18)
(3.17672 2.16303 3.46552e-18)
(3.23227 2.0696 3.16533e-21)
(3.28506 1.98952 2.26085e-19)
(3.33484 1.92719 4.9011e-18)
(3.38249 1.88883 -1.56264e-19)
(3.43004 1.88158 -5.43443e-18)
(3.47955 1.91634 -2.17708e-18)
(3.53342 2.01025 1.08981e-18)
(3.47924 2.19989 -1.34142e-18)
(3.93862 2.52098 -5.41515e-19)
(2.95605 2.34084 1.17393e-17)
(3.01795 2.21883 3.83587e-18)
(3.07895 2.1079 0)
(3.13933 2.00887 0)
(3.19967 1.92403 2.12999e-19)
(3.26125 1.85698 -3.54916e-18)
(3.32648 1.81288 5.53527e-18)
(3.39897 1.79853 -1.30112e-19)
(3.4822 1.82497 1.85727e-18)
(3.58256 1.91184 0)
(3.60346 2.10086 -2.41113e-19)
(4.09857 2.50846 -7.96778e-20)
(2.85336 2.3059 -4.29908e-18)
(2.91829 2.17391 -3.95432e-18)
(2.98209 2.05419 4.23657e-18)
(3.0461 1.94707 -3.95309e-18)
(3.11202 1.85404 8.3902e-22)
(3.18245 1.77764 7.77721e-18)
(3.26136 1.72161 -3.55137e-18)
(3.35447 1.69182 1.99587e-18)
(3.46763 1.69855 0)
(3.61295 1.76283 1.19721e-18)
(3.71064 1.93737 6.10586e-19)
(4.20413 2.39079 -9.19466e-19)
(2.74438 2.26784 4.67682e-18)
(2.81196 2.12651 -4.52885e-18)
(2.87768 1.99799 -4.22351e-18)
(2.94365 1.88192 -8.77461e-18)
(3.01246 1.77897 8.41171e-18)
(3.08771 1.69056 -8.03172e-18)
(3.17488 1.6186 0)
(3.28207 1.56717 -1.88977e-18)
(3.4184 1.54428 0)
(3.6031 1.57034 0)
(3.78072 1.70889 0)
(4.26227 2.13267 4.3797e-19)
(2.61957 2.21541 5.04412e-18)
(2.69045 2.06853 -1.01411e-17)
(2.75783 1.93392 9.87683e-18)
(2.82428 1.81059 9.45317e-18)
(2.89288 1.69838 4.54916e-18)
(2.96821 1.59763 0)
(3.05701 1.50807 0)
(3.16929 1.43125 4.35792e-18)
(3.31805 1.37099 0)
(3.53267 1.34441 -1.21538e-18)
(3.77231 1.40812 7.92701e-19)
(4.24871 1.723 -1.27085e-18)
(2.47239 2.13631 -1.10574e-17)
(2.5478 1.99122 1.02116e-17)
(2.61693 1.85621 -9.97424e-18)
(2.68252 1.72981 -2.50163e-17)
(2.74779 1.6115 -2.4837e-19)
(2.81779 1.50073 1.3481e-19)
(2.9007 1.39495 -4.74816e-18)
(3.00689 1.29243 -4.31657e-18)
(3.15333 1.19082 0)
(3.37773 1.1016 3.63508e-18)
(3.65022 1.0364 8.9293e-19)
(4.11866 1.02669 -1.78255e-18)
(2.30375 2.02286 -4.93459e-19)
(2.38379 1.88865 0)
(2.45359 1.76069 0)
(2.51568 1.63715 4.77862e-18)
(2.57393 1.5177 1.4558e-17)
(2.6331 1.40144 -4.74627e-18)
(2.70257 1.28424 -2.19865e-19)
(2.79078 1.16112 -2.41239e-18)
(2.91684 1.02227 -2.23359e-18)
(3.10852 0.869039 -2.24646e-18)
(3.39009 0.645754 0)
(3.71839 -0.0320602 2.32306e-18)
(2.21709 -0.292019 3.04934e-23)
(1.93363 -0.312407 0)
(1.76614 -0.395511 -1.41782e-19)
(1.65432 -0.505304 0)
(1.58312 -0.621951 -5.95898e-19)
(1.53045 -0.749563 6.88256e-19)
(1.62091 -0.870281 0)
(1.71837 -1.19686 9.72504e-19)
(1.42779 -2.07257 -3.96294e-19)
(1.64392 -2.89013 -8.32025e-20)
(2.04135 -3.12932 -8.48765e-19)
(2.155 -3.40665 -7.58426e-19)
(2.74211 0.375134 -3.40917e-19)
(2.37792 0.21834 -1.91735e-19)
(2.33663 -0.0366561 6.20265e-19)
(2.33725 -0.310029 0)
(2.40047 -0.617081 -1.11716e-18)
(2.39232 -1.07986 6.37597e-19)
(2.45815 -1.92602 0)
(2.73463 -2.64547 9.49862e-19)
(2.73127 -2.98774 -2.35132e-18)
(2.79374 -3.12735 1.9728e-18)
(2.81057 -3.15107 1.54067e-18)
(2.79587 -3.24487 -3.89406e-18)
(2.99322 0.348798 -1.7585e-19)
(2.70027 0.10965 0)
(2.73058 -0.307019 -1.67734e-18)
(2.7541 -0.798183 0)
(2.83812 -1.45285 0)
(2.98471 -2.18145 -8.21522e-19)
(3.00923 -2.68396 4.00457e-18)
(2.9932 -2.98414 -2.7755e-18)
(2.86529 -3.14422 9.56792e-19)
(2.76285 -3.22983 0)
(2.67678 -3.27788 2.67361e-18)
(2.5911 -3.34905 -1.62735e-18)
(3.31995 0.309774 8.45709e-19)
(3.11817 -0.0811069 1.25549e-18)
(3.21595 -0.650874 1.40112e-18)
(3.28304 -1.30614 2.81795e-18)
(3.34516 -1.96062 -1.68956e-18)
(3.3236 -2.47959 -1.19849e-18)
(3.20356 -2.78608 0)
(3.07297 -2.96075 0)
(2.91415 -3.07528 2.17003e-18)
(2.79181 -3.1388 0)
(2.68494 -3.18465 5.02547e-19)
(2.58302 -3.23978 1.39536e-18)
(3.53625 0.0938571 1.29194e-18)
(3.49122 -0.351921 -9.95347e-19)
(3.60029 -0.956367 -2.87846e-18)
(3.63637 -1.59393 0)
(3.58972 -2.14287 0)
(3.45321 -2.50631 2.98084e-18)
(3.27983 -2.71976 0)
(3.10864 -2.85548 -5.75679e-18)
(2.9403 -2.94393 -2.45349e-18)
(2.79167 -3.00682 4.31724e-18)
(2.66065 -3.06057 -5.83257e-18)
(2.53976 -3.11653 3.65572e-18)
(3.7305 -0.11652 -2.62532e-18)
(3.78355 -0.599557 -1.52919e-18)
(3.86876 -1.16477 2.23967e-18)
(3.83987 -1.71631 3.9443e-19)
(3.71081 -2.14444 3.61987e-18)
(3.52512 -2.4208 -7.41689e-18)
(3.32456 -2.59791 6.78366e-18)
(3.13061 -2.72017 6.89958e-19)
(2.9475 -2.81026 0)
(2.78289 -2.88074 0)
(2.63611 -2.94249 8.79159e-18)
(2.50242 -3.00244 5.97747e-20)
(3.89569 -0.331676 -3.06237e-20)
(4.04092 -0.798154 -2.30814e-18)
(4.07293 -1.28673 0)
(3.9863 -1.7309 -4.52005e-18)
(3.80861 -2.06714 4.71918e-18)
(3.59274 -2.29794 1.12891e-17)
(3.37079 -2.46024 6.92282e-18)
(3.15853 -2.58171 8.86451e-19)
(2.96109 -2.67751 -1.07634e-17)
(2.78196 -2.75682 4.71169e-18)
(2.62067 -2.82698 5.04363e-18)
(2.47427 -2.89286 2.71941e-19)
(4.08028 -0.53572 2.1916e-19)
(4.2906 -0.940209 3.3717e-18)
(4.25348 -1.3321 0)
(4.12234 -1.6799 -4.88132e-18)
(3.91032 -1.95405 -3.55789e-18)
(3.66906 -2.16048 6.43632e-19)
(3.42642 -2.31851 -1.1897e-17)
(3.19556 -2.44438 4.29772e-19)
(2.98152 -2.54819 -2.7551e-19)
(2.78656 -2.63645 5.225e-18)
(2.61036 -2.71443 -4.22066e-18)
(2.45078 -2.78604 2.24285e-19)
(4.2509 -0.700843 -3.42801e-18)
(4.52499 -1.02871 1.51167e-18)
(4.41055 -1.31674 -7.73074e-18)
(4.23618 -1.58518 3.81267e-18)
(3.995 -1.81537 0)
(3.73149 -2.007 0)
(3.47004 -2.16568 6.50397e-18)
(3.22222 -2.29871 1.19179e-17)
(2.99275 -2.41189 -5.45874e-18)
(2.78351 -2.50956 -4.98039e-18)
(2.59422 -2.59548 -4.78342e-18)
(2.42299 -2.67302 0)
(4.50933 -0.831623 7.20075e-20)
(4.71949 -1.02366 4.04705e-18)
(4.49935 -1.21251 9.17164e-18)
(4.26534 -1.43002 0)
(3.99747 -1.63354 7.66979e-18)
(3.71948 -1.81841 0)
(3.44955 -1.98252 3.38169e-19)
(3.1957 -2.12635 -5.70737e-18)
(2.96104 -2.2519 6.20098e-18)
(2.74665 -2.36149 0)
(2.55213 -2.4575 0)
(2.37568 -2.54286 -1.0726e-17)
(4.56431 -0.981551 -6.51578e-18)
(4.68592 -0.933518 3.11149e-18)
(4.37621 -1.01622 5.199e-19)
(4.08476 -1.19674 -8.59285e-18)
(3.81498 -1.38854 -3.37065e-18)
(3.55172 -1.57775 -3.45538e-18)
(3.30139 -1.75474 -6.73974e-18)
(3.06675 -1.91507 -1.90592e-17)
(2.84834 -2.05742 -5.58557e-18)
(2.64675 -2.18276 -1.193e-17)
(2.4618 -2.29212 1.16004e-17)
(2.29206 -2.38826 1.06801e-17)
(4.17953 -0.400258 3.5215e-18)
(4.10139 -0.559512 -1.40096e-18)
(3.80062 -0.684861 3.52829e-19)
(3.5565 -0.877653 7.31828e-18)
(3.36593 -1.09061 0)
(3.17742 -1.30054 -6.63058e-18)
(2.99134 -1.49677 5.94515e-18)
(2.81007 -1.67587 5.30242e-18)
(2.63483 -1.83633 -1.72908e-17)
(2.4679 -1.9787 1.08017e-17)
(2.31044 -2.10279 -1.05947e-17)
(2.16203 -2.21136 0)
(2.25015 -3.65734 -3.79512e-19)
(2.17234 -3.88339 9.22356e-19)
(2.09863 -4.04231 -9.31386e-19)
(1.94449 -4.12774 -2.29545e-19)
(1.80498 -4.1439 -1.39507e-19)
(1.61122 -4.09567 8.24903e-20)
(1.43177 -3.97032 -1.28608e-19)
(1.2287 -3.76576 -3.22858e-19)
(1.02964 -3.48447 -9.43198e-19)
(0.787666 -3.10252 0)
(0.377796 -2.68142 0)
(-0.222645 -2.53618 -6.57711e-20)
(2.77135 -3.3424 -6.53308e-20)
(2.72261 -3.43582 2.18139e-18)
(2.63857 -3.53062 -8.89203e-19)
(2.51546 -3.62273 0)
(2.35667 -3.70186 1.75269e-18)
(2.19628 -3.74056 0)
(2.03937 -3.73523 1.30422e-18)
(1.89529 -3.6778 2.24216e-18)
(1.78355 -3.56697 -1.90518e-18)
(1.67986 -3.32577 0)
(1.53939 -3.04991 0)
(1.02263 -3.19071 -3.00603e-20)
(2.50463 -3.41654 1.15746e-18)
(2.41435 -3.48844 -1.08191e-18)
(2.31988 -3.55848 1.21865e-18)
(2.22139 -3.61857 0)
(2.12505 -3.65937 -1.3071e-18)
(2.03266 -3.67565 3.27632e-18)
(1.95572 -3.66149 -4.72886e-18)
(1.90433 -3.618 -5.24287e-18)
(1.88179 -3.55258 3.07823e-18)
(1.87377 -3.41677 0)
(1.86313 -3.19976 6.12836e-19)
(1.7433 -3.41298 1.51987e-19)
(2.48515 -3.29314 1.3398e-18)
(2.38968 -3.3481 -3.02028e-18)
(2.29496 -3.40171 3.05772e-18)
(2.2018 -3.45074 -3.03903e-18)
(2.1148 -3.4904 0)
(2.03975 -3.51632 1.75053e-18)
(1.98454 -3.52462 1.17321e-18)
(1.95869 -3.5183 6.90263e-19)
(1.96277 -3.49397 -1.57048e-18)
(2.02034 -3.42657 0)
(2.1042 -3.24914 -3.54672e-19)
(2.15347 -3.54745 5.91995e-19)
(2.42713 -3.17195 3.50822e-18)
(2.32135 -3.22806 -1.80998e-18)
(2.22173 -3.28307 0)
(2.12968 -3.33452 0)
(2.04894 -3.37978 1.72864e-18)
(1.98436 -3.41734 -1.44756e-18)
(1.94451 -3.44567 -2.57792e-19)
(1.93614 -3.46414 0)
(1.96854 -3.47937 -8.37064e-19)
(2.05741 -3.47617 1.2337e-18)
(2.20091 -3.36105 -1.07774e-18)
(2.40001 -3.77425 -2.72283e-19)
(2.37977 -3.06106 -7.45271e-18)
(2.26679 -3.11936 3.55792e-18)
(2.163 -3.17676 7.16356e-18)
(2.06959 -3.2323 3.16476e-21)
(1.98952 -3.28508 -8.48562e-18)
(1.92721 -3.33485 -3.59022e-18)
(1.88885 -3.3825 -2.46442e-19)
(1.88162 -3.43004 0)
(1.91639 -3.47955 0)
(2.01033 -3.53342 -1.08978e-18)
(2.19999 -3.47924 -7.80743e-19)
(2.5211 -3.93862 2.37534e-19)
(2.34078 -2.95611 4.01175e-18)
(2.21878 -3.018 -7.90225e-18)
(2.10786 -3.07898 -3.50253e-18)
(2.00884 -3.13935 -2.02764e-19)
(1.92402 -3.19968 3.35423e-18)
(1.85698 -3.26125 3.30923e-18)
(1.8129 -3.32648 1.86596e-18)
(1.79857 -3.39896 1.8162e-18)
(1.82502 -3.48219 -2.01471e-18)
(1.91191 -3.58255 0)
(2.10095 -3.60345 1.25429e-18)
(2.50859 -4.09857 -3.6061e-19)
(2.30584 -2.8534 0)
(2.17385 -2.91832 3.95449e-18)
(2.05415 -2.98211 0)
(1.94704 -3.0461 -2.01817e-19)
(1.85403 -3.11202 8.40163e-22)
(1.77764 -3.18244 7.77731e-18)
(1.72163 -3.26135 -1.67767e-18)
(1.69186 -3.35446 -3.89438e-18)
(1.6986 -3.46761 -2.13279e-18)
(1.76289 -3.61294 1.19719e-18)
(1.93746 -3.71063 -2.3356e-18)
(2.39091 -4.20412 1.17381e-18)
(2.26777 -2.74441 4.67696e-18)
(2.12645 -2.81198 -4.52896e-18)
(1.99794 -2.87769 -4.57994e-18)
(1.88189 -2.94365 4.46766e-18)
(1.77895 -3.01245 4.20908e-18)
(1.69056 -3.0877 -1.23027e-17)
(1.61861 -3.17485 0)
(1.5672 -3.28204 1.88975e-18)
(1.54432 -3.41838 1.94461e-18)
(1.5704 -3.60308 0)
(1.70897 -3.7807 2.84854e-18)
(2.13278 -4.26226 -2.08216e-18)
(2.21535 -2.61959 0)
(2.06848 -2.69046 -1.01412e-17)
(1.93387 -2.75784 -5.26192e-18)
(1.81055 -2.82427 -9.16927e-18)
(1.69836 -2.89286 4.54914e-18)
(1.59762 -2.96819 4.28186e-18)
(1.50808 -3.05698 0)
(1.43127 -3.16925 0)
(1.37103 -3.31801 0)
(1.34446 -3.53264 0)
(1.40819 -3.77229 -7.94996e-19)
(1.72309 -4.24869 -1.03907e-19)
(2.13626 -2.47241 5.38804e-18)
(1.99117 -2.54781 4.94672e-18)
(1.85617 -2.61694 2.05278e-17)
(1.72977 -2.68251 5.2651e-18)
(1.61148 -2.74777 1.9744e-17)
(1.50072 -2.81776 -4.7469e-18)
(1.39495 -2.90066 -4.74804e-18)
(1.29244 -3.00685 0)
(1.19085 -3.15328 -4.48868e-18)
(1.10164 -3.37769 -2.41745e-18)
(1.03645 -3.65018 -1.83003e-18)
(1.02676 -4.11863 -1.10757e-25)
(2.02282 -2.30378 0)
(1.88861 -2.38381 0)
(1.76065 -2.45359 -2.0439e-17)
(1.63712 -2.51567 -1.48683e-17)
(1.51768 -2.57391 -4.69491e-18)
(1.40144 -2.63307 0)
(1.28424 -2.70253 4.71146e-18)
(1.16114 -2.79072 0)
(1.0223 -2.91678 -1.96189e-19)
(0.869076 -3.10847 2.24637e-18)
(0.645794 -3.39004 6.58747e-19)
(-0.0320332 -3.71835 4.59876e-18)
(-0.292129 -2.21709 1.1692e-19)
(-0.312525 -1.93366 1.83882e-19)
(-0.39563 -1.76622 -1.65668e-19)
(-0.505432 -1.65444 5.76599e-21)
(-0.622022 -1.58321 0)
(-0.749709 -1.53057 2.41978e-20)
(-0.870455 -1.62126 0)
(-1.19737 -1.71837 5.0772e-19)
(-2.07379 -1.42778 1.16386e-18)
(-2.89038 -1.64461 -3.08983e-20)
(-3.12915 -2.04183 7.74975e-19)
(-3.40667 -2.15536 7.80611e-19)
(0.374997 -2.74213 4.47619e-19)
(0.218197 -2.37802 -6.22053e-19)
(-0.0367844 -2.33681 5.76541e-19)
(-0.310116 -2.33749 -9.25316e-21)
(-0.617275 -2.40085 -1.11904e-18)
(-1.08055 -2.39236 -2.03293e-19)
(-1.92687 -2.45866 -1.10028e-18)
(-2.64562 -2.735 -1.49717e-18)
(-2.98754 -2.73142 2.17683e-18)
(-3.127 -2.794 -5.36651e-19)
(-3.15077 -2.81065 7.42407e-19)
(-3.2447 -2.79596 4.59417e-19)
(0.348574 -2.99322 -3.51921e-19)
(0.109395 -2.70036 0)
(-0.30729 -2.73071 0)
(-0.798635 -2.75429 -1.58883e-18)
(-1.45352 -2.8385 0)
(-2.18186 -2.98503 -1.27664e-18)
(-2.68393 -3.00943 6.68999e-19)
(-2.98386 -2.9933 2.44409e-18)
(-3.14394 -2.86532 -1.22006e-18)
(-3.22949 -2.76295 -1.77586e-18)
(-3.27758 -2.67685 -3.76742e-18)
(-3.34882 -2.59117 3.82763e-18)
(0.309468 -3.31993 -1.69237e-18)
(-0.0815265 -3.11823 -1.25645e-18)
(-0.651381 -3.21606 2.47374e-18)
(-1.30666 -3.28323 9.59452e-19)
(-1.96095 -3.34534 0)
(-2.47952 -3.32364 -4.4319e-18)
(-2.78579 -3.20356 3.22515e-18)
(-2.9604 -3.07297 0)
(-3.07495 -2.91416 3.21983e-18)
(-3.13846 -2.79186 -5.17748e-18)
(-3.18437 -2.68498 3.53545e-18)
(-3.23956 -2.58305 4.87647e-19)
(0.0935472 -3.53617 1.9708e-18)
(-0.35238 -3.49124 3.04477e-18)
(-0.95682 -3.60032 9.56482e-19)
(-1.59422 -3.63637 0)
(-2.14288 -3.58963 -2.71843e-18)
(-2.50605 -3.45311 4.5293e-18)
(-2.71944 -3.27976 0)
(-2.85514 -3.10861 -3.14342e-18)
(-2.94362 -2.94028 -2.93815e-18)
(-3.00654 -2.79168 4.31614e-18)
(-3.06034 -2.66067 0)
(-3.11635 -2.53979 -3.31026e-18)
(-0.116864 -3.73035 2.03075e-18)
(-0.599953 -3.78351 7.27893e-19)
(-1.16509 -3.86865 -2.23907e-18)
(-1.71643 -3.8397 -8.92412e-18)
(-2.14433 -3.71062 -3.08312e-19)
(-2.42056 -3.52497 7.74601e-18)
(-2.59763 -3.32447 0)
(-2.7199 -3.13057 8.82034e-18)
(-2.81002 -2.94749 -5.15126e-18)
(-2.88052 -2.78291 4.50918e-18)
(-2.94231 -2.63613 2.85467e-19)
(-3.00229 -2.50245 -5.97526e-20)
(-0.331946 -3.89555 -1.89853e-18)
(-0.798432 -4.04082 -1.48125e-18)
(-1.28692 -4.07274 0)
(-1.73095 -3.98608 9.78184e-18)
(-2.06703 -3.80841 -1.33084e-17)
(-2.29775 -3.5926 -2.2002e-19)
(-2.46002 -3.3707 -1.31797e-17)
(-2.5815 -3.15849 5.47214e-19)
(-2.67732 -2.96109 -5.1023e-18)
(-2.75665 -2.78198 -5.06802e-18)
(-2.82684 -2.6207 5.04252e-18)
(-2.89275 -2.47431 -4.16829e-18)
(-0.535926 -4.08016 -1.69177e-19)
(-0.940399 -4.29047 -1.82306e-18)
(-1.33222 -4.25327 0)
(-1.67992 -4.12211 4.88038e-18)
(-1.95397 -3.91013 3.34068e-18)
(-2.16034 -3.66892 2.98454e-18)
(-2.31835 -3.42634 -5.19482e-19)
(-2.44422 -3.19553 -1.27221e-19)
(-2.54804 -2.98152 -5.67511e-18)
(-2.63632 -2.78658 -6.10456e-19)
(-2.71432 -2.6104 2.37544e-19)
(-2.78596 -2.45082 0)
(-0.700964 -4.25078 2.13398e-18)
(-1.02883 -4.52486 0)
(-1.31682 -4.41036 0)
(-1.58519 -4.23597 -3.81253e-18)
(-1.81532 -3.99482 3.39663e-18)
(-2.0069 -3.73136 -7.04024e-18)
(-2.16556 -3.46996 0)
(-2.29859 -3.22218 5.83394e-18)
(-2.41177 -2.99275 -2.47563e-19)
(-2.50945 -2.78353 4.97964e-18)
(-2.59539 -2.59425 -5.22199e-18)
(-2.67295 -2.42303 1.00444e-17)
(-0.831647 -4.50923 4.37535e-18)
(-1.02373 -4.71941 -1.38586e-18)
(-1.21257 -4.49921 -4.88994e-18)
(-1.43004 -4.26518 -8.45063e-18)
(-1.63351 -3.99731 0)
(-1.81834 -3.71936 6.39743e-18)
(-1.98243 -3.44946 -1.29896e-17)
(-2.12625 -3.19565 5.78079e-18)
(-2.25181 -2.96103 6.2004e-18)
(-2.36141 -2.74666 0)
(-2.45742 -2.55215 -5.92338e-18)
(-2.5428 -2.3757 -9.99489e-18)
(-0.981559 -4.56428 -6.46346e-18)
(-0.933559 -4.68588 1.4153e-18)
(-1.01625 -4.37612 4.29729e-18)
(-1.19674 -4.08464 3.64238e-18)
(-1.38851 -3.81485 -5.00308e-20)
(-1.57769 -3.55161 -1.0692e-17)
(-1.75466 -3.3013 1.2793e-17)
(-1.91498 -3.06669 2.50598e-17)
(-2.05734 -2.84831 -1.75708e-17)
(-2.18268 -2.64674 -1.19293e-17)
(-2.29204 -2.46181 1.09382e-17)
(-2.3882 -2.29207 0)
(-0.400219 -4.17948 5.4386e-18)
(-0.559501 -4.10134 1.85288e-18)
(-0.684854 -3.80054 1.99826e-18)
(-0.877639 -3.55639 7.87039e-18)
(-1.09058 -3.36581 0)
(-1.30049 -3.17731 6.27129e-18)
(-1.49671 -2.99125 -1.25163e-17)
(-1.67579 -2.81 -5.5482e-18)
(-1.83625 -2.63478 -5.69037e-18)
(-1.97863 -2.46786 1.08014e-17)
(-2.10272 -2.31042 5.65974e-18)
(-2.2113 -2.16202 1.62732e-17)
(-3.65728 -2.25023 1.03254e-19)
(-3.88336 -2.17248 6.06574e-19)
(-4.04221 -2.09864 2.58299e-19)
(-4.12767 -1.94453 -5.92213e-19)
(-4.14377 -1.80494 1.54669e-19)
(-4.0956 -1.61121 0)
(-3.9702 -1.43172 -5.14775e-19)
(-3.7657 -1.22867 3.90208e-19)
(-3.48438 -1.0296 0)
(-3.10248 -0.787631 1.15848e-19)
(-2.68138 -0.377766 0)
(-2.53615 0.222685 -2.98934e-19)
(-3.3422 -2.77145 -4.3031e-18)
(-3.43567 -2.72265 3.04182e-18)
(-3.53049 -2.63857 2.31976e-18)
(-3.62262 -2.51543 -9.80157e-19)
(-3.70176 -2.35663 0)
(-3.74047 -2.19623 0)
(-3.73515 -2.03932 1.48888e-18)
(-3.67773 -1.89524 -1.60473e-18)
(-3.56691 -1.7835 0)
(-3.32573 -1.6798 6.08756e-19)
(-3.04988 -1.53933 -3.80571e-20)
(-3.19069 -1.02258 -1.10217e-18)
(-3.41633 -2.50468 1.66005e-18)
(-3.48828 -2.41438 -2.84115e-18)
(-3.55833 -2.3199 0)
(-3.61844 -2.22139 -2.977e-18)
(-3.65927 -2.12503 -3.04511e-18)
(-3.67557 -2.03262 6.48179e-18)
(-3.66142 -1.95567 -5.77375e-18)
(-3.61795 -1.90428 0)
(-3.55254 -1.88172 0)
(-3.41674 -1.8737 0)
(-3.19975 -1.86305 -5.35379e-19)
(-3.41296 -1.74322 1.64636e-19)
(-3.29294 -2.48517 -1.3396e-18)
(-3.34794 -2.38969 -3.98103e-19)
(-3.40158 -2.29495 0)
(-3.45064 -2.20178 -3.75953e-19)
(-3.49032 -2.11477 0)
(-3.51626 -2.0397 0)
(-3.52457 -1.98448 1.33315e-18)
(-3.51826 -1.95863 -1.59602e-18)
(-3.49394 -1.9627 1.73063e-18)
(-3.42654 -2.02026 0)
(-3.24913 -2.10411 -5.5128e-19)
(-3.54743 -2.15337 -6.60236e-19)
(-3.1718 -2.42715 7.30874e-18)
(-3.22794 -2.32136 -1.80966e-18)
(-3.28297 -2.22173 3.2436e-18)
(-3.33444 -2.12966 1.45556e-18)
(-3.37972 -2.04891 -4.91503e-18)
(-3.41729 -1.98431 0)
(-3.44563 -1.94445 -1.65779e-18)
(-3.46411 -1.93607 0)
(-3.47935 -1.96846 0)
(-3.47615 -2.05732 1.23376e-18)
(-3.36105 -2.20081 3.14893e-20)
(-3.77423 -2.3999 7.4114e-19)
(-3.06094 -2.3798 -3.47601e-18)
(-3.11926 -2.2668 -2.63558e-19)
(-3.17669 -2.163 0)
(-3.23225 -2.06957 0)
(-3.28504 -1.98949 -5.37148e-18)
(-3.33482 -1.92716 3.36695e-18)
(-3.38248 -1.8888 3.42488e-18)
(-3.43003 -1.88155 1.78206e-18)
(-3.47954 -1.91631 -4.22253e-18)
(-3.53341 -2.01023 -1.0898e-18)
(-3.47924 -2.19989 0)
(-3.9386 -2.52099 8.45512e-19)
(-2.95602 -2.34081 -8.23902e-18)
(-3.01793 -2.2188 3.3814e-18)
(-3.07893 -2.10787 3.73407e-18)
(-3.13932 -2.00884 2.04355e-19)
(-3.19965 -1.924 -4.18266e-19)
(-3.26123 -1.85695 -3.74576e-18)
(-3.32647 -1.81285 -5.43218e-18)
(-3.39895 -1.7985 -1.94803e-18)
(-3.48219 -1.82494 1.85711e-18)
(-3.58255 -1.91182 0)
(-3.60346 -2.10085 2.1208e-18)
(-4.09855 -2.50848 -5.40198e-19)
(-2.85334 -2.30587 8.40301e-18)
(-2.91827 -2.17388 -4.56758e-18)
(-2.98208 -2.05416 -4.23603e-18)
(-3.04608 -1.94704 -7.70339e-18)
(-3.11201 -1.85401 7.53638e-18)
(-3.18243 -1.77761 -1.94797e-19)
(-3.26134 -1.72158 1.1251e-17)
(-3.35445 -1.69179 1.78598e-18)
(-3.46761 -1.69852 2.13258e-18)
(-3.61294 -1.7628 0)
(-3.71064 -1.93736 -1.45272e-18)
(-4.20411 -2.3908 -6.93679e-19)
(-2.74436 -2.26781 0)
(-2.81194 -2.12648 4.338e-18)
(-2.87766 -1.99796 4.22296e-18)
(-2.94363 -1.88189 -4.30644e-18)
(-3.01245 -1.77895 -1.64664e-19)
(-3.0877 -1.69054 -4.27035e-18)
(-3.17486 -1.61857 -3.83131e-18)
(-3.28205 -1.56714 0)
(-3.41838 -1.54424 -1.94441e-18)
(-3.60308 -1.57031 -1.20702e-18)
(-3.78071 -1.70887 4.66062e-18)
(-4.26225 -2.13267 -9.97135e-19)
(-2.61954 -2.21538 0)
(-2.69043 -2.0685 0)
(-2.75782 -1.93389 0)
(-2.82426 -1.81056 -1.42956e-17)
(-2.89286 -1.69835 9.07269e-18)
(-2.96819 -1.5976 8.72051e-18)
(-3.05699 -1.50804 0)
(-3.16926 -1.43122 -4.35724e-18)
(-3.31802 -1.37096 0)
(-3.53265 -1.34437 -2.48261e-18)
(-3.77229 -1.4081 -7.9496e-19)
(-4.24869 -1.72298 -1.27088e-18)
(-2.47237 -2.13627 0)
(-2.54778 -1.99119 0)
(-2.61692 -1.85618 1.05526e-17)
(-2.6825 -1.72978 1.47324e-17)
(-2.74777 -1.61147 4.07552e-19)
(-2.81776 -1.5007 4.8811e-18)
(-2.90067 -1.39492 -2.32617e-18)
(-3.00686 -1.2924 6.5361e-18)
(-3.1533 -1.19079 4.48809e-18)
(-3.3777 -1.10156 2.25636e-18)
(-3.65018 -1.03636 -1.82992e-18)
(-4.11863 -1.02666 -1.9538e-18)
(-2.30373 -2.02282 0)
(-2.38377 -1.88861 0)
(-2.45357 -1.76066 -9.97923e-18)
(-2.51566 -1.63712 5.24928e-18)
(-2.5739 -1.51767 -4.69465e-18)
(-2.63307 -1.40142 -4.74586e-18)
(-2.70254 -1.28421 4.93099e-18)
(-2.79074 -1.16109 0)
(-2.91681 -1.02224 -4.38886e-18)
(-3.10849 -0.869003 -2.33698e-18)
(-3.39005 -0.645711 2.26288e-18)
(-3.71836 0.0321087 -4.61865e-18)
(-2.21709 0.292018 1.16729e-19)
(-1.93363 0.31241 0)
(-1.76615 0.395509 0)
(-1.65434 0.505309 5.66759e-19)
(-1.58313 0.621935 -6.03374e-19)
(-1.53049 0.749571 0)
(-1.62105 0.870307 0)
(-1.71838 1.19705 5.07132e-19)
(-1.42778 2.07315 1.20785e-18)
(-1.64423 2.89032 1.18146e-18)
(-2.04162 3.12931 -7.38956e-20)
(-2.15521 3.40674 7.23611e-19)
(-2.74211 -0.375125 -6.21308e-19)
(-2.37793 -0.218322 0)
(-2.33667 0.0366771 0)
(-2.33731 0.310052 -9.09718e-19)
(-2.40058 0.617163 2.31553e-18)
(-2.39233 1.08017 -2.56427e-18)
(-2.45837 1.92641 9.12653e-19)
(-2.7348 2.64561 8.54203e-19)
(-2.73136 2.98774 -2.76003e-19)
(-2.79389 3.12727 8.26406e-19)
(-2.81064 3.15101 0)
(-2.79596 3.24486 -1.79584e-18)
(-2.99323 -0.348768 3.51711e-19)
(-2.7003 -0.109591 0)
(-2.73062 0.307109 0)
(-2.75417 0.79836 -9.33734e-19)
(-2.83826 1.45312 7.10326e-19)
(-2.98482 2.18164 -1.60433e-18)
(-3.00932 2.68404 0)
(-2.99325 2.98412 -3.20782e-18)
(-2.86532 3.14419 3.90975e-18)
(-2.76291 3.22976 -1.00427e-18)
(-2.67684 3.27782 -2.65158e-18)
(-2.59116 3.34902 3.82708e-18)
(-3.31995 -0.30971 -8.45775e-19)
(-3.11819 0.0812169 1.25566e-18)
(-3.21599 0.65103 0)
(-3.2831 1.30633 9.59513e-19)
(-3.34522 1.96078 -6.50945e-19)
(-3.32362 2.47965 1.19855e-18)
(-3.20357 2.78607 0)
(-3.07298 2.96069 -2.41649e-18)
(-2.91417 3.07522 -5.389e-18)
(-2.79185 3.13873 3.60669e-18)
(-2.68498 3.18459 3.53571e-18)
(-2.58307 3.23974 -6.89221e-18)
(-3.53623 -0.0937874 9.84812e-19)
(-3.49122 0.352042 -1.24074e-18)
(-3.6003 0.956511 2.87806e-18)
(-3.63637 1.59406 0)
(-3.58969 2.14295 -5.7622e-18)
(-3.45318 2.50631 5.40252e-18)
(-3.27981 2.71973 3.21845e-18)
(-3.10864 2.85543 2.39531e-18)
(-2.94031 2.94387 0)
(-2.79169 3.00677 0)
(-2.66068 3.06052 0)
(-2.5398 3.11649 -7.39756e-19)
(-3.73046 0.1166 5.25037e-18)
(-3.78354 0.599665 0)
(-3.86873 1.16489 -2.2394e-18)
(-3.83982 1.71641 4.65863e-18)
(-3.71076 2.14449 3.57644e-18)
(-3.52507 2.4208 -7.38285e-18)
(-3.32453 2.59788 3.46638e-18)
(-3.1306 2.72013 -1.21019e-17)
(-2.9475 2.81022 -1.85512e-19)
(-2.78291 2.8807 -4.42822e-19)
(-2.63613 2.94245 2.85521e-19)
(-2.50245 3.0024 1.17527e-17)
(-3.89565 0.331744 -6.80472e-18)
(-4.04089 0.798238 4.17674e-18)
(-4.07288 1.28682 -6.38221e-18)
(-3.98624 1.73097 -4.51967e-18)
(-3.80854 2.06718 -8.2802e-18)
(-3.59269 2.29794 -4.41512e-18)
(-3.37075 2.46022 -6.5284e-18)
(-3.15851 2.58168 1.08563e-17)
(-2.96109 2.67748 0)
(-2.78197 2.75678 9.49126e-18)
(-2.62068 2.82694 -1.33239e-17)
(-2.47429 2.89283 4.46121e-18)
(-4.08025 0.535774 -3.15009e-18)
(-4.29057 0.940275 -5.3418e-18)
(-4.25343 1.33217 7.51075e-18)
(-4.12228 1.67995 0)
(-3.91026 1.95408 -4.18194e-18)
(-3.669 2.16048 6.35112e-18)
(-3.42637 2.3185 -3.21211e-19)
(-3.19553 2.44435 1.27246e-19)
(-2.98151 2.54816 -5.24328e-18)
(-2.78655 2.63641 -9.89962e-18)
(-2.61036 2.71439 4.43738e-18)
(-2.4508 2.78601 -4.4969e-18)
(-4.25088 0.700879 2.1341e-18)
(-4.52496 1.02876 0)
(-4.41051 1.3168 0)
(-4.23611 1.58522 0)
(-3.99493 1.8154 3.39675e-18)
(-3.73143 2.00701 0)
(-3.46999 2.16567 -4.1192e-19)
(-3.22218 2.29869 1.15864e-17)
(-2.99273 2.41186 2.82424e-19)
(-2.7835 2.50952 4.98e-18)
(-2.59422 2.59544 -5.02675e-18)
(-2.42299 2.67298 1.48646e-17)
(-4.50932 0.831645 7.20008e-20)
(-4.71947 1.0237 7.35407e-18)
(-4.49932 1.21255 -2.25116e-18)
(-4.26529 1.43006 0)
(-3.99741 1.63356 0)
(-3.71942 1.81842 0)
(-3.4495 1.98252 0)
(-3.19566 2.12633 6.04206e-18)
(-2.96102 2.25188 -2.32121e-17)
(-2.74663 2.36146 -1.1474e-17)
(-2.55212 2.45746 1.10729e-17)
(-2.37567 2.54282 5.92655e-18)
(-4.56431 0.981569 -6.46313e-18)
(-4.68591 0.933542 -4.30091e-18)
(-4.37619 1.01625 -2.5666e-18)
(-4.08473 1.19676 0)
(-3.81494 1.38856 0)
(-3.55168 1.57776 7.18354e-18)
(-3.30135 1.75474 -1.32828e-17)
(-3.06672 1.91506 2.52794e-17)
(-2.84832 2.05741 1.79118e-17)
(-2.64674 2.18273 1.12318e-17)
(-2.4618 2.29208 -1.09382e-17)
(-2.29206 2.38822 6.34514e-19)
(-4.17952 0.400266 -1.83974e-18)
(-4.10138 0.559527 0)
(-3.80061 0.684881 3.82539e-18)
(-3.55649 0.877679 -1.17002e-17)
(-3.36591 1.09064 1.05906e-17)
(-3.1774 1.30056 3.59119e-19)
(-2.99133 1.49679 5.94493e-18)
(-2.81006 1.67587 -5.54812e-18)
(-2.63482 1.83632 -2.83576e-17)
(-2.4679 1.97868 0)
(-2.31044 2.10276 0)
(-2.16203 2.21133 4.96088e-19)
(-2.25025 3.6574 -6.51938e-19)
(-2.17246 3.88346 -4.81206e-19)
(-2.09869 4.04235 -2.13777e-19)
(-1.94456 4.12779 -5.20238e-19)
(-1.80501 4.14392 1.49091e-19)
(-1.61125 4.09571 8.24891e-20)
(-1.43178 3.97033 -5.14635e-19)
(-1.22871 3.76579 1.36662e-18)
(-1.02965 3.48448 -6.73773e-19)
(-0.787665 3.10254 -1.15842e-19)
(-0.377801 2.68143 0)
(0.222608 2.53621 0)
(-2.77144 3.34237 3.88562e-18)
(-2.72268 3.43581 -1.75274e-18)
(-2.63862 3.53062 -8.89213e-19)
(-2.51549 3.62273 0)
(-2.3567 3.70187 -1.45169e-18)
(-2.1963 3.74056 0)
(-2.03938 3.73524 -6.48889e-19)
(-1.8953 3.67781 1.60456e-18)
(-1.78356 3.56697 0)
(-1.67985 3.32577 1.45933e-18)
(-1.5394 3.04991 -1.72526e-18)
(-1.02268 3.19071 2.52683e-19)
(-2.50469 3.4165 1.60573e-18)
(-2.4144 3.48843 -4.36256e-18)
(-2.31993 3.55846 1.21853e-18)
(-2.22144 3.61856 0)
(-2.12508 3.65936 1.30698e-18)
(-2.03269 3.67565 3.27606e-18)
(-1.95574 3.66149 -4.47972e-18)
(-1.90435 3.618 2.04639e-18)
(-1.8818 3.55258 -8.87914e-19)
(-1.87377 3.41677 0)
(-1.86313 3.19976 0)
(-1.74331 3.41297 -1.51989e-19)
(-2.48519 3.2931 -3.15929e-18)
(-2.38972 3.34807 2.62482e-18)
(-2.29499 3.40169 3.05743e-18)
(-2.20183 3.45072 -1.66775e-18)
(-2.11483 3.49039 -3.09839e-18)
(-2.03977 3.51631 0)
(-1.98456 3.52461 1.60073e-19)
(-1.95871 3.51829 3.23029e-18)
(-1.96278 3.49397 -2.50412e-18)
(-2.02034 3.42656 9.93802e-19)
(-2.1042 3.24914 -5.64903e-20)
(-2.15348 3.54745 -5.91998e-19)
(-2.42717 3.17192 3.50784e-18)
(-2.32139 3.22804 -1.8098e-18)
(-2.22177 3.28305 3.24381e-18)
(-2.1297 3.3345 -1.73386e-18)
(-2.04897 3.37977 0)
(-1.98438 3.41732 0)
(-1.94452 3.44566 -1.40001e-18)
(-1.93615 3.46413 -3.47184e-18)
(-1.96855 3.47937 1.85634e-18)
(-2.05741 3.47616 1.23361e-18)
(-2.20091 3.36105 -1.07774e-18)
(-2.40001 3.77423 0)
(-2.3798 3.06103 -2.48459e-19)
(-2.26681 3.11933 -7.37875e-18)
(-2.16303 3.17674 0)
(-2.06961 3.23228 3.38672e-18)
(-1.98954 3.28506 -3.35318e-18)
(-1.92723 3.33483 0)
(-1.88887 3.38248 -1.34656e-19)
(-1.88163 3.43003 -1.49145e-19)
(-1.9164 3.47954 0)
(-2.01033 3.53341 -2.37653e-18)
(-2.19999 3.47923 1.10124e-18)
(-2.5211 3.93861 -6.11839e-19)
(-2.3408 2.95608 -4.24871e-18)
(-2.21881 3.01797 1.15102e-17)
(-2.10788 3.07896 0)
(-2.00886 3.13933 -3.64152e-18)
(-1.92404 3.19965 3.57989e-18)
(-1.857 3.26123 3.53255e-18)
(-1.81292 3.32646 -3.89936e-18)
(-1.79858 3.39894 -1.8423e-18)
(-1.82503 3.48218 0)
(-1.91191 3.58254 -1.50882e-18)
(-2.10094 3.60345 1.49538e-18)
(-2.50858 4.09855 0)
(-2.30585 2.85337 8.61789e-18)
(-2.17387 2.91828 -8.11504e-18)
(-2.05417 2.98208 8.29008e-18)
(-1.94706 3.04607 -7.90243e-18)
(-1.85404 3.11199 8.39574e-22)
(-1.77765 3.18241 3.79854e-18)
(-1.72164 3.26132 3.55107e-18)
(-1.69186 3.35443 0)
(-1.69861 3.46759 -2.13263e-18)
(-1.76289 3.61292 4.81756e-18)
(-1.93745 3.71062 -1.45265e-18)
(-2.39089 4.20411 0)
(-2.26778 2.74437 4.67656e-18)
(-2.12646 2.81194 1.78845e-19)
(-1.99795 2.87765 -4.22322e-18)
(-1.8819 2.94361 0)
(-1.77896 3.01242 0)
(-1.69057 3.08766 0)
(-1.61862 3.17482 0)
(-1.5672 3.28202 -4.15005e-18)
(-1.54432 3.41835 1.94446e-18)
(-1.57039 3.60306 2.8262e-19)
(-1.70895 3.78069 0)
(-2.13275 4.26225 0)
(-2.21535 2.61955 -5.04373e-18)
(-2.06848 2.69042 -1.48761e-17)
(-1.93387 2.75779 0)
(-1.81056 2.82423 4.95465e-18)
(-1.69836 2.89282 9.2469e-18)
(-1.59762 2.96815 0)
(-1.50808 3.05695 0)
(-1.43127 3.16922 1.79539e-18)
(-1.37102 3.31799 -6.49019e-18)
(-1.34444 3.53262 2.25362e-19)
(-1.40817 3.77227 0)
(-1.72304 4.24868 0)
(-2.13626 2.47237 -5.66868e-18)
(-1.99117 2.54777 -5.86014e-18)
(-1.85617 2.61689 1.05528e-17)
(-1.72978 2.68247 -1.47327e-17)
(-1.61148 2.74773 5.25464e-18)
(-1.50072 2.81772 9.62767e-18)
(-1.39495 2.90062 -2.42133e-18)
(-1.29244 3.00682 2.09571e-18)
(-1.19084 3.15326 4.21321e-18)
(-1.10163 3.37767 -4.67372e-18)
(-1.03643 3.65017 -1.82996e-18)
(-1.02671 4.11862 0)
(-2.02282 2.30374 -4.93415e-19)
(-1.88861 2.38376 1.01304e-17)
(-1.76066 2.45355 -9.97907e-18)
(-1.63713 2.51563 0)
(-1.51768 2.57386 -9.62565e-18)
(-1.40144 2.63303 -1.46848e-17)
(-1.28424 2.7025 -2.19838e-19)
(-1.16113 2.7907 0)
(-1.02229 2.91677 0)
(-0.869058 3.10846 1.10663e-18)
(-0.645765 3.39004 9.21093e-21)
(0.0320744 3.71836 2.32302e-18)
(0.13869 2.63923 5.65445e-19)
(0.230789 2.73538 2.27072e-18)
(0.426452 2.77698 1.25842e-19)
(0.635087 2.77097 0)
(0.851816 2.73277 5.52934e-18)
(1.06241 2.661 -5.1979e-18)
(1.262 2.56663 -1.5455e-17)
(1.448 2.45831 -1.02988e-17)
(1.61835 2.34256 -6.87023e-21)
(1.77246 2.22452 -4.95897e-18)
(1.90771 2.10719 9.99868e-18)
(2.02647 1.99124 -9.59335e-18)
(0.168989 2.24914 0)
(0.2975 2.24055 0)
(0.432858 2.24936 -2.20549e-18)
(0.577735 2.24791 4.48958e-18)
(0.74178 2.23694 -1.11277e-17)
(0.916561 2.20823 -6.72946e-18)
(1.09464 2.16308 8.77751e-18)
(1.27022 2.10483 2.21535e-17)
(1.43783 2.03703 -4.44479e-18)
(1.59412 1.96321 0)
(1.73257 1.88521 2.44722e-19)
(1.85441 1.80314 0)
(0.133955 2.01225 -4.40724e-19)
(0.250553 1.98046 4.54754e-19)
(0.380312 1.95882 3.72458e-18)
(0.51558 1.9373 3.86662e-20)
(0.66383 1.91694 3.80099e-18)
(0.822564 1.89228 -6.58726e-20)
(0.987161 1.86171 0)
(1.153 1.82549 -3.90199e-18)
(1.3141 1.78375 -4.00968e-18)
(1.46543 1.73734 1.22783e-17)
(1.59716 1.68567 -1.22526e-17)
(1.70883 1.62802 8.42656e-18)
(0.100792 1.80521 -8.00247e-19)
(0.215545 1.77867 1.63361e-18)
(0.339405 1.75635 3.04568e-20)
(0.468963 1.7367 -3.37706e-18)
(0.610711 1.71973 -6.94162e-18)
(0.764174 1.7019 -4.96287e-20)
(0.925681 1.68047 -7.19648e-18)
(1.08995 1.65355 3.66085e-18)
(1.24911 1.61924 -3.70824e-18)
(1.39436 1.5766 -7.51299e-18)
(1.51142 1.52426 0)
(1.59385 1.46266 7.8836e-18)
(2.12405 1.87845 9.52789e-18)
(2.20496 1.76222 9.80499e-18)
(2.2709 1.64748 0)
(2.3241 1.53207 0)
(2.36984 1.41654 4.58706e-18)
(2.41298 1.30013 -4.48642e-18)
(2.46372 1.17823 2.12249e-18)
(2.52691 1.04458 6.4872e-18)
(2.61969 0.885681 0)
(2.73123 0.691193 0)
(2.92026 0.399712 5.81502e-19)
(2.77776 -0.242919 -1.51937e-18)
(1.94756 1.71905 -9.12068e-18)
(2.019 1.62127 2.89051e-19)
(2.07083 1.52139 0)
(2.10628 1.41637 -4.31211e-18)
(2.13276 1.30809 -6.3064e-21)
(2.15609 1.19584 4.11488e-18)
(2.18759 1.07557 0)
(2.22981 0.940519 -4.02132e-18)
(2.29969 0.780908 0)
(2.36822 0.58199 -3.88818e-18)
(2.49503 0.346024 -1.86995e-18)
(2.41041 -0.0977937 -1.50433e-26)
(1.77746 1.56442 -2.49862e-19)
(1.82065 1.476 -8.07235e-18)
(1.84399 1.38688 0)
(1.85243 1.29108 7.97819e-18)
(1.85601 1.19169 3.83803e-18)
(1.8617 1.08708 1.05244e-21)
(1.88091 0.97352 -9.21411e-18)
(1.91396 0.842724 1.08084e-17)
(1.97666 0.689845 -1.76341e-18)
(2.03325 0.498075 7.8686e-18)
(2.13202 0.303166 2.48446e-18)
(2.10885 -0.00765423 -4.37687e-19)
(1.6016 1.39531 2.30691e-17)
(1.59048 1.30262 0)
(1.57526 1.22079 0)
(1.55558 1.13648 -7.02142e-18)
(1.54296 1.05296 -6.98633e-18)
(1.54363 0.965293 6.80638e-18)
(1.56614 0.868471 1.31974e-17)
(1.60824 0.751787 -6.45084e-18)
(1.67915 0.613209 3.20514e-18)
(1.74503 0.436095 -3.17514e-18)
(1.8324 0.26068 -1.54347e-18)
(1.85223 0.0279854 -3.92847e-19)
(2.63928 -0.138686 -1.13089e-18)
(2.73543 -0.230785 0)
(2.77702 -0.426443 1.25846e-19)
(2.77101 -0.635078 0)
(2.73282 -0.851811 0)
(2.66104 -1.06242 5.19772e-18)
(2.56666 -1.26201 0)
(2.45833 -1.44803 9.95785e-18)
(2.34257 -1.61839 9.81759e-18)
(2.22453 -1.77251 1.00558e-17)
(2.10718 -1.90776 -4.92456e-18)
(1.99122 -2.02651 -5.05997e-18)
(2.24918 -0.168989 -5.33372e-19)
(2.24059 -0.297491 -5.4353e-19)
(2.2494 -0.432845 -1.09393e-18)
(2.24795 -0.577722 0)
(2.23698 -0.741774 -2.22732e-18)
(2.20828 -0.916565 1.11859e-17)
(2.16312 -1.09465 0)
(2.10487 -1.27025 4.43867e-18)
(2.03706 -1.43787 -4.44462e-18)
(1.96322 -1.59417 -8.79304e-18)
(1.88522 -1.73263 -9.07116e-18)
(1.80313 -1.85446 8.84975e-18)
(2.01226 -0.133957 -8.85262e-19)
(1.98048 -0.250548 1.35958e-18)
(1.95884 -0.3803 -2.77917e-18)
(1.93732 -0.515568 1.89005e-18)
(1.91697 -0.663824 0)
(1.89232 -0.822568 -1.54593e-17)
(1.86175 -0.987179 0)
(1.82552 -1.15303 7.96094e-18)
(1.78377 -1.31415 -4.04912e-18)
(1.73736 -1.46549 8.21895e-18)
(1.68569 -1.59722 4.03468e-18)
(1.62802 -1.70888 -8.42626e-18)
(1.80521 -0.100798 1.19667e-18)
(1.77868 -0.215542 1.63359e-18)
(1.75635 -0.339394 0)
(1.73671 -0.468951 0)
(1.71975 -0.610704 0)
(1.70192 -0.764178 1.4084e-17)
(1.68049 -0.925698 7.19622e-18)
(1.65357 -1.08998 -1.09436e-17)
(1.61926 -1.24915 1.11542e-17)
(1.57662 -1.39441 -7.51271e-18)
(1.52427 -1.51147 0)
(1.46266 -1.59389 7.62019e-18)
(1.87842 -2.12409 -9.90066e-18)
(1.7622 -2.20499 -9.8047e-18)
(1.64746 -2.27091 9.30927e-18)
(1.53205 -2.3241 -9.52449e-18)
(1.41653 -2.36982 0)
(1.30013 -2.41294 -9.13665e-18)
(1.17824 -2.46367 1.12564e-17)
(1.0446 -2.52685 -2.18235e-18)
(0.885708 -2.61963 4.25208e-18)
(0.691226 -2.73116 -1.08761e-18)
(0.399744 -2.92019 1.11119e-18)
(-0.242894 -2.77769 -7.88172e-19)
(1.71904 -1.94761 8.83173e-18)
(1.62126 -2.01903 8.7505e-18)
(1.52138 -2.07084 0)
(1.41636 -2.10627 4.15776e-18)
(1.30809 -2.13274 8.42559e-18)
(1.19584 -2.15605 3.99034e-18)
(1.07558 -2.18754 -1.61693e-17)
(0.94054 -2.22974 -4.02115e-18)
(0.780936 -2.29962 -3.94019e-18)
(0.582023 -2.36814 -9.70573e-19)
(0.346056 -2.49496 9.30787e-19)
(-0.097763 -2.41034 5.15215e-19)
(1.56441 -1.7775 0)
(1.47599 -1.82067 -1.24139e-17)
(1.38687 -1.844 4.02173e-18)
(1.29108 -1.85242 4.04447e-18)
(1.19169 -1.85598 7.67765e-18)
(1.08709 -1.86166 -3.74427e-18)
(0.973536 -1.88085 9.08273e-18)
(0.842748 -1.91389 9.00393e-18)
(0.689874 -1.97659 1.74611e-18)
(0.498108 -2.03318 -1.74421e-18)
(0.3032 -2.13194 -4.16359e-19)
(-0.00762194 -2.10877 -3.91873e-21)
(1.39531 -1.60163 0)
(1.30262 -1.5905 -1.57565e-19)
(1.22079 -1.57526 0)
(1.13648 -1.55555 -1.41913e-17)
(1.05297 -1.54292 3.46014e-18)
(0.965305 -1.54358 -1.01915e-17)
(0.868489 -1.56608 0)
(0.751812 -1.60817 -6.45057e-18)
(0.613238 -1.67908 3.18442e-18)
(0.436127 -1.74496 -3.18017e-18)
(0.260713 -1.83234 -1.15704e-18)
(0.0280186 -1.85217 -3.92594e-19)
(-0.138653 -2.6392 -1.13085e-18)
(-0.230759 -2.73535 1.19369e-19)
(-0.426422 -2.77693 0)
(-0.635051 -2.77091 -2.59543e-18)
(-0.851773 -2.73271 5.46974e-18)
(-1.06236 -2.66093 -8.10766e-18)
(-1.26195 -2.56656 -2.14224e-19)
(-1.44796 -2.45825 1.0161e-17)
(-1.61831 -2.3425 -5.01119e-18)
(-1.77244 -2.22447 0)
(-1.90769 -2.10714 -1.96467e-17)
(-2.02645 -1.99119 3.61607e-19)
(-0.168952 -2.2491 1.07308e-18)
(-0.297463 -2.24052 -5.24431e-19)
(-0.432819 -2.24932 4.4761e-18)
(-0.577693 -2.24786 -8.90311e-18)
(-0.741736 -2.23689 4.48841e-18)
(-0.916517 -2.20818 -1.57269e-19)
(-1.0946 -2.16303 0)
(-1.27019 -2.10478 1.3384e-17)
(-1.43781 -2.03698 -4.44452e-18)
(-1.59411 -1.96316 0)
(-1.73257 -1.88517 8.82631e-18)
(-1.85441 -1.8031 -8.84962e-18)
(-0.133923 -2.01219 -4.39464e-19)
(-0.250518 -1.98041 2.46273e-20)
(-0.380272 -1.95877 -3.68209e-18)
(-0.515538 -1.93725 3.74516e-18)
(-0.663788 -1.9169 -3.80075e-18)
(-0.822525 -1.89224 1.15896e-17)
(-0.98713 -1.86168 1.17797e-17)
(-1.15298 -1.82545 -3.90176e-18)
(-1.3141 -1.78372 4.06173e-18)
(-1.46544 -1.73731 0)
(-1.59718 -1.68565 -8.32944e-18)
(-1.70885 -1.628 0)
(-0.100765 -1.80515 -1.60046e-18)
(-0.215513 -1.77862 -3.24987e-18)
(-0.339368 -1.7563 3.33747e-18)
(-0.468924 -1.73665 -1.68991e-18)
(-0.610674 -1.7197 3.45457e-18)
(-0.764144 -1.70187 -1.22929e-17)
(-0.925661 -1.68045 -7.14731e-18)
(-1.08994 -1.65353 7.30689e-18)
(-1.24912 -1.61923 -1.11047e-17)
(-1.39439 -1.57659 0)
(-1.51146 -1.52426 7.60081e-18)
(-1.59389 -1.46266 -1.55033e-17)
(-2.12404 -1.87841 1.47665e-17)
(-2.20495 -1.76219 -4.81562e-18)
(-2.27088 -1.64745 0)
(-2.32408 -1.53204 -9.16162e-18)
(-2.36981 -1.41652 0)
(-2.41295 -1.30011 0)
(-2.46369 -1.17821 -4.35586e-18)
(-2.52688 -1.04456 0)
(-2.61967 -0.885649 0)
(-2.73121 -0.691158 -4.45673e-20)
(-2.92023 -0.399669 2.24714e-18)
(-2.77774 0.24297 1.57633e-18)
(-1.94756 -1.71902 -8.83158e-18)
(-2.019 -1.62124 0)
(-2.07082 -1.52136 0)
(-2.10626 -1.41635 -4.31182e-18)
(-2.13274 -1.30807 4.20948e-18)
(-2.15606 -1.19582 0)
(-2.18757 -1.07554 -6.1572e-18)
(-2.22979 -0.940494 -1.98463e-18)
(-2.29968 -0.780876 0)
(-2.36822 -0.581958 -9.97948e-19)
(-2.49503 -0.345983 -2.32689e-18)
(-2.41041 0.0978412 -5.12687e-19)
(-1.77747 -1.5644 8.43362e-18)
(-1.82065 -1.47598 -4.09996e-18)
(-1.84399 -1.38686 -8.17103e-18)
(-1.85242 -1.29106 3.93478e-18)
(-1.856 -1.19167 -7.77218e-18)
(-1.86169 -1.08706 0)
(-1.8809 -0.973502 1.46333e-17)
(-1.91397 -0.842701 0)
(-1.97668 -0.689814 1.77605e-18)
(-2.03329 -0.498044 8.69214e-19)
(-2.13205 -0.303129 1.24617e-18)
(-2.10888 0.00769704 2.15202e-22)
(-1.60163 -1.39532 -7.58113e-18)
(-1.59049 -1.30263 0)
(-1.57527 -1.22079 7.19452e-18)
(-1.55558 -1.13648 -1.07228e-17)
(-1.54297 -1.05296 1.73074e-17)
(-1.54365 -0.965291 -6.80575e-18)
(-1.56618 -0.868462 -1.31962e-17)
(-1.60829 -0.751769 0)
(-1.67921 -0.61318 0)
(-1.7451 -0.436063 0)
(-1.83247 -0.260645 -1.54297e-18)
(-1.85229 -0.0279454 -1.182e-18)
(-2.63926 0.138719 -5.31145e-20)
(-2.73542 0.230816 5.91992e-19)
(-2.77703 0.426475 0)
(-2.77103 0.635113 5.48062e-18)
(-2.73283 0.851846 -2.60541e-18)
(-2.66105 1.06245 -7.85942e-18)
(-2.56668 1.26204 -5.17093e-18)
(-2.45835 1.44804 5.08655e-18)
(-2.34259 1.61839 9.81724e-18)
(-2.22454 1.7725 1.00554e-17)
(-2.10719 1.90774 -9.99792e-18)
(-1.99123 2.02648 -9.59261e-18)
(-2.24917 0.169026 -1.64155e-26)
(-2.2406 0.297527 2.20641e-18)
(-2.24942 0.432883 4.4761e-18)
(-2.24798 0.577763 0)
(-2.23702 0.741815 4.48842e-18)
(-2.20832 0.916604 0)
(-2.16316 1.09469 4.43728e-18)
(-2.10491 1.27028 -4.59538e-21)
(-2.03709 1.43789 -1.34102e-17)
(-1.96326 1.59417 -8.79275e-18)
(-1.88525 1.73262 8.82613e-18)
(-1.80316 1.85444 9.11818e-18)
(-2.01229 0.134 4.44498e-19)
(-1.98051 0.250594 -4.52391e-18)
(-1.95888 0.380349 -6.47771e-18)
(-1.93737 0.515619 -1.88237e-18)
(-1.91702 0.663874 -1.14647e-17)
(-1.89237 0.822613 5.83205e-18)
(-1.8618 0.987216 3.30529e-21)
(-1.82557 1.15306 3.96585e-18)
(-1.78383 1.31416 -1.14019e-19)
(-1.73741 1.46549 0)
(-1.68573 1.5972 0)
(-1.62806 1.70885 2.24763e-19)
(-1.80527 0.100842 4.03824e-19)
(-1.77873 0.215592 1.61629e-18)
(-1.75641 0.339449 3.30696e-18)
(-1.73676 0.469008 -3.40577e-18)
(-1.7198 0.61076 1.38295e-17)
(-1.70197 0.764227 -7.01698e-18)
(-1.68054 0.925736 0)
(-1.65362 1.09 7.3305e-18)
(-1.61931 1.24916 7.39666e-18)
(-1.57665 1.3944 0)
(-1.52431 1.51144 0)
(-1.46269 1.59384 -2.3123e-17)
(-1.87844 2.12405 9.52713e-18)
(-1.7622 2.20495 -9.80417e-18)
(-1.64746 2.27086 -1.44366e-17)
(-1.53205 2.32406 -7.14433e-21)
(-1.41653 2.36978 9.30121e-18)
(-1.30013 2.41291 2.24285e-17)
(-1.17824 2.46365 4.35585e-18)
(-1.04459 2.52684 -4.44814e-18)
(-0.885691 2.61963 0)
(-0.691204 2.73117 -4.45689e-20)
(-0.399714 2.92021 0)
(0.242934 2.77772 -7.88175e-19)
(-1.71906 1.94757 0)
(-1.62127 2.019 -2.89027e-19)
(-1.52139 2.0708 8.62787e-18)
(-1.41637 2.10623 -1.30588e-17)
(-1.30809 2.1327 -1.26113e-17)
(-1.19584 2.15602 -8.10469e-18)
(-1.07557 2.18753 1.02231e-17)
(-0.940527 2.22975 5.96677e-18)
(-0.780914 2.29964 -3.94005e-18)
(-0.581997 2.36818 1.91935e-18)
(-0.346024 2.495 0)
(0.0978032 2.41039 0)
(-1.56444 1.77746 -8.4334e-18)
(-1.47601 1.82063 3.97188e-18)
(-1.38689 1.84396 -4.14631e-18)
(-1.29108 1.85239 3.82102e-18)
(-1.19169 1.85596 1.14103e-17)
(-1.08709 1.86165 0)
(-0.973527 1.88086 1.39549e-19)
(-0.842732 1.91392 -3.56622e-18)
(-0.689849 1.97663 -3.00502e-20)
(-0.498079 2.03324 -3.5019e-18)
(-0.303166 2.13201 4.16352e-19)
(0.00765689 2.10884 -4.37449e-19)
(-1.39534 1.60158 -7.90583e-18)
(-1.30264 1.59045 0)
(-1.22081 1.57522 7.19456e-18)
(-1.13649 1.55554 -1.0723e-17)
(-1.05298 1.54292 3.47289e-18)
(-0.965308 1.5436 0)
(-0.868484 1.56612 9.80354e-20)
(-0.751797 1.60824 6.52065e-18)
(-0.613212 1.67916 3.18436e-18)
(-0.436095 1.74505 -5.16225e-21)
(-0.260678 1.83243 0)
(-0.0279877 1.85225 7.87434e-19)
(0.0858488 1.60174 1.09067e-18)
(0.199868 1.6009 2.24021e-20)
(0.327423 1.60318 -4.7879e-18)
(0.465399 1.60984 0)
(0.617843 1.61656 7.5699e-18)
(0.780164 1.61729 1.7956e-17)
(0.944424 1.60679 2.57467e-17)
(1.09985 1.58073 0)
(1.23321 1.53675 0)
(1.33036 1.47496 -5.18612e-18)
(1.3772 1.39908 5.1303e-18)
(1.36503 1.31657 -2.05261e-17)
(0.0821402 1.41993 -5.55319e-19)
(0.197039 1.43739 1.7673e-18)
(0.323651 1.45651 -6.13373e-18)
(0.461612 1.4781 0)
(0.611322 1.49572 1.04359e-17)
(0.766168 1.50238 -1.04385e-17)
(0.915987 1.49198 -5.22363e-18)
(1.04787 1.46031 7.55612e-21)
(1.14761 1.40617 -5.34034e-18)
(1.20292 1.33341 0)
(1.2047 1.25123 0)
(1.15362 1.17269 2.17222e-17)
(0.0891785 1.2501 0)
(0.202398 1.27642 -2.33718e-18)
(0.326042 1.30256 4.89356e-18)
(0.459483 1.32799 2.56524e-18)
(0.59995 1.34594 -1.59066e-17)
(0.738939 1.35002 8.11217e-18)
(0.865013 1.33507 -1.65312e-17)
(0.965109 1.29838 5.61391e-18)
(1.02717 1.24102 1.45363e-20)
(1.04355 1.16911 2.98044e-20)
(1.01212 1.09586 -3.11224e-17)
(0.947036 1.043 -2.55278e-17)
(0.0998194 1.0862 0)
(0.208556 1.11365 4.69192e-18)
(0.32568 1.13879 0)
(0.449429 1.16017 1.02967e-17)
(0.574652 1.17178 0)
(0.691641 1.16848 5.63264e-18)
(0.788572 1.14655 2.31969e-17)
(0.853221 1.10443 -6.07629e-18)
(0.876056 1.04321 0)
(0.854671 0.966902 0)
(0.79105 0.885139 -8.08201e-18)
(0.722483 0.862983 7.92213e-18)
(1.28005 1.22503 -2.04766e-17)
(1.24137 1.11493 -5.02845e-18)
(1.21885 1.0494 2.4729e-17)
(1.20492 0.981655 -1.43557e-17)
(1.21354 0.917037 1.8431e-17)
(1.24536 0.845492 -1.78877e-17)
(1.30212 0.759943 -2.17012e-17)
(1.37814 0.650631 0)
(1.46745 0.516402 -4.12478e-18)
(1.54505 0.353508 0)
(1.61205 0.193394 0)
(1.62533 0.0187989 -1.05633e-18)
(1.02498 1.08238 0)
(0.990938 0.950246 0)
(0.978844 0.898152 -1.87001e-17)
(0.975994 0.845551 4.51688e-18)
(0.998668 0.794941 4.3997e-18)
(1.04417 0.7364 -5.41949e-20)
(1.1114 0.663166 1.04242e-17)
(1.19291 0.567566 6.20727e-18)
(1.27894 0.448893 0)
(1.35054 0.307931 0)
(1.40341 0.168931 -5.12181e-19)
(1.42075 0.0239922 2.65064e-18)
(0.77888 0.984353 0)
(0.771871 0.821437 -4.92703e-18)
(0.782699 0.778982 -1.39053e-17)
(0.794497 0.738834 1.77831e-17)
(0.828733 0.696197 1.72657e-17)
(0.881776 0.643457 4.18653e-18)
(0.951443 0.57566 -6.2067e-18)
(1.02994 0.487808 -6.09517e-18)
(1.10751 0.380656 8.1565e-18)
(1.17013 0.257788 0)
(1.21465 0.136914 5.16201e-19)
(1.23643 0.0137422 1.61337e-18)
(0.539732 0.890346 -3.28058e-17)
(0.574767 0.691016 -2.1674e-17)
(0.616724 0.664884 1.88489e-17)
(0.64377 0.640949 -2.21972e-17)
(0.685865 0.606795 4.362e-18)
(0.741571 0.559379 0)
(0.808835 0.496645 -2.09597e-18)
(0.88059 0.416186 3.50819e-21)
(0.94856 0.320034 -6.10591e-18)
(1.00277 0.212677 0)
(1.04176 0.106631 -3.65203e-18)
(1.06599 -0.0012808 -4.85111e-18)
(1.60173 -0.085858 -2.19084e-18)
(1.60089 -0.199863 -2.28385e-18)
(1.60318 -0.327411 0)
(1.60984 -0.465389 0)
(1.61656 -0.617839 7.68025e-18)
(1.6173 -0.78017 -7.63163e-18)
(1.6068 -0.944443 1.05337e-19)
(1.58074 -1.09988 1.54066e-17)
(1.53676 -1.23325 -5.0588e-18)
(1.47496 -1.3304 5.18582e-18)
(1.39908 -1.37724 -2.5778e-17)
(1.31657 -1.36506 0)
(1.41992 -0.0821529 1.66355e-18)
(1.43738 -0.197036 1.75685e-18)
(1.4565 -0.323641 -4.90776e-18)
(1.47809 -0.461603 -2.54914e-18)
(1.49572 -0.611318 -7.72772e-18)
(1.50238 -0.766174 0)
(1.49198 -0.916004 -1.57925e-17)
(1.46031 -1.04789 -5.33939e-18)
(1.40617 -1.14764 -1.06525e-17)
(1.33341 -1.20296 0)
(1.25123 -1.20473 2.17196e-17)
(1.17269 -1.15364 0)
(1.25008 -0.0891938 1.12297e-18)
(1.2764 -0.202395 -4.68795e-18)
(1.30255 -0.326033 4.89307e-18)
(1.32797 -0.459475 2.56498e-18)
(1.34593 -0.599947 -5.3168e-18)
(1.35001 -0.738946 2.70974e-18)
(1.33506 -0.86503 0)
(1.29837 -0.965135 5.57085e-18)
(1.24102 -1.0272 5.76392e-18)
(1.16911 -1.04358 6.00144e-18)
(1.09585 -1.01215 -3.11209e-17)
(1.043 -0.947047 0)
(1.08618 -0.0998369 -2.24352e-18)
(1.11363 -0.208553 7.02718e-18)
(1.13877 -0.325671 0)
(1.16015 -0.449422 -1.02956e-17)
(1.17176 -0.574651 0)
(1.16846 -0.69165 -5.63225e-18)
(1.14654 -0.78859 -5.81399e-18)
(1.10443 -0.853248 3.03486e-17)
(1.0432 -0.876088 1.04262e-20)
(0.966902 -0.8547 -7.10827e-18)
(0.88514 -0.791071 3.25955e-17)
(0.86298 -0.722487 -3.14702e-17)
(1.22502 -1.28007 0)
(1.11492 -1.24136 -1.01227e-17)
(1.0494 -1.21883 0)
(0.981656 -1.20488 4.71951e-18)
(0.917044 -1.21349 4.63248e-18)
(0.845505 -1.24529 2.23293e-17)
(0.759963 -1.30205 6.53745e-18)
(0.650656 -1.37807 -2.12068e-18)
(0.516431 -1.46738 4.16943e-18)
(0.35354 -1.54499 -3.40998e-20)
(0.193427 -1.61199 2.01771e-18)
(0.0188297 -1.62527 0)
(1.08238 -1.02498 5.38788e-18)
(0.950241 -0.990923 -9.90391e-18)
(0.898149 -0.978812 4.67148e-18)
(0.845553 -0.97595 0)
(0.79495 -0.998613 8.81303e-18)
(0.736415 -1.04411 -8.53077e-18)
(0.663186 -1.11134 -1.67324e-17)
(0.567591 -1.19285 0)
(0.44892 -1.27888 -4.05479e-18)
(0.307961 -1.35048 -3.81866e-20)
(0.168961 -1.40337 -5.12151e-19)
(0.0240198 -1.42071 5.32088e-19)
(0.984347 -0.778877 0)
(0.821435 -0.771851 -8.8409e-20)
(0.778983 -0.782665 -1.85161e-17)
(0.73884 -0.794452 1.77816e-17)
(0.696209 -0.828681 -8.59553e-18)
(0.643474 -0.88172 -4.20246e-18)
(0.575682 -0.951386 1.02983e-17)
(0.487833 -1.02989 8.19239e-18)
(0.380683 -1.10746 2.03588e-18)
(0.257815 -1.17009 4.06315e-18)
(0.13694 -1.21462 0)
(0.0137653 -1.2364 1.07517e-18)
(0.890342 -0.539724 -3.28045e-17)
(0.691019 -0.574744 1.60875e-17)
(0.664889 -0.61669 4.24891e-17)
(0.640959 -0.643728 -2.21953e-17)
(0.606811 -0.685818 -1.29281e-17)
(0.559399 -0.741522 -1.2631e-17)
(0.496668 -0.808787 -4.12992e-18)
(0.416212 -0.880546 -8.16602e-18)
(0.320059 -0.948522 0)
(0.212702 -1.00274 1.02362e-18)
(0.106654 -1.04174 -1.04285e-18)
(-0.00126247 -1.06598 -2.15554e-18)
(-0.0858304 -1.60168 2.18121e-18)
(-0.199841 -1.60085 2.28374e-18)
(-0.32739 -1.60314 -4.78728e-18)
(-0.465368 -1.60981 0)
(-0.617817 -1.61653 2.53364e-18)
(-0.78015 -1.61728 7.74199e-18)
(-0.944428 -1.60679 0)
(-1.09987 -1.58073 1.03427e-17)
(-1.23326 -1.53677 0)
(-1.33043 -1.47498 2.5865e-17)
(-1.37728 -1.39911 -1.03199e-17)
(-1.36509 -1.3166 2.56423e-17)
(-0.0821292 -1.41989 -5.55269e-19)
(-0.197017 -1.43736 2.92596e-18)
(-0.323627 -1.45648 -4.90757e-18)
(-0.461591 -1.47808 -7.71054e-18)
(-0.61131 -1.49572 -1.05849e-20)
(-0.766172 -1.50239 -1.30675e-17)
(-0.916013 -1.49201 -1.58922e-17)
(-1.04792 -1.46035 -1.58963e-17)
(-1.14769 -1.40621 -2.14405e-17)
(-1.20301 -1.33346 -2.15374e-17)
(-1.20479 -1.25129 0)
(-1.15371 -1.17275 0)
(-0.0891754 -1.25006 2.24583e-18)
(-0.202382 -1.2764 -3.50683e-18)
(-0.326026 -1.30255 6.12333e-18)
(-0.459473 -1.32799 -6.8826e-20)
(-0.599953 -1.34595 1.06603e-17)
(-0.738963 -1.35005 5.44278e-18)
(-0.865061 -1.33511 1.64664e-17)
(-0.965183 -1.29843 3.92704e-17)
(-1.02727 -1.24108 1.72495e-17)
(-1.04366 -1.16918 -2.39441e-17)
(-1.01223 -1.09593 0)
(-0.947141 -1.04308 0)
(-0.0998241 -1.08618 -4.48681e-18)
(-0.208546 -1.11364 1.1684e-18)
(-0.325673 -1.13879 -1.22715e-18)
(-0.449432 -1.16018 1.28137e-17)
(-0.574671 -1.1718 -1.34901e-17)
(-0.691682 -1.16852 -5.55912e-18)
(-0.788638 -1.1466 1.63769e-20)
(-0.853311 -1.10449 6.11264e-18)
(-0.876166 -1.04327 -2.5892e-17)
(-0.854789 -0.96697 2.84582e-17)
(-0.791165 -0.88521 -3.25041e-17)
(-0.722589 -0.863072 0)
(-1.28009 -1.22506 -2.06134e-17)
(-1.24141 -1.11495 -5.02781e-18)
(-1.2189 -1.04942 4.93581e-18)
(-1.20498 -0.981677 -4.85972e-18)
(-1.21361 -0.917055 -4.54888e-18)
(-1.24543 -0.845502 -9.68185e-20)
(-1.3022 -0.759942 1.07883e-17)
(-1.37823 -0.650619 -2.12037e-18)
(-1.46753 -0.516381 0)
(-1.54513 -0.353485 0)
(-1.61213 -0.193369 2.01744e-18)
(-1.6254 -0.0187657 2.09763e-18)
(-1.02504 -1.08244 4.31301e-17)
(-0.991 -0.950291 0)
(-0.978915 -0.898193 0)
(-0.976074 -0.845588 9.04063e-18)
(-0.998756 -0.794972 -4.42102e-18)
(-1.04426 -0.736421 4.2444e-18)
(-1.1115 -0.663173 0)
(-1.19301 -0.56756 -6.21092e-18)
(-1.27903 -0.448876 -2.04229e-18)
(-1.35062 -0.30791 4.08575e-18)
(-1.40349 -0.168907 -2.5688e-18)
(-1.42082 -0.0239614 -5.27053e-19)
(-0.778948 -0.984436 -2.4199e-17)
(-0.771944 -0.821493 1.4801e-17)
(-0.782785 -0.77903 4.61111e-18)
(-0.794589 -0.738877 4.43531e-18)
(-0.828829 -0.696233 4.28603e-18)
(-0.881874 -0.643481 0)
(-0.95154 -0.575672 2.06187e-18)
(-1.03004 -0.487806 4.05408e-18)
(-1.10759 -0.380644 2.03558e-18)
(-1.17021 -0.257771 -4.06258e-18)
(-1.21472 -0.136894 2.05927e-18)
(-1.23648 -0.0137161 -1.07505e-18)
(-0.539793 -0.890444 3.28014e-17)
(-0.57484 -0.691074 -2.14737e-17)
(-0.616812 -0.664932 -4.72026e-18)
(-0.643863 -0.640992 5.92568e-22)
(-0.685959 -0.606831 -1.29257e-17)
(-0.741664 -0.559405 -4.19696e-18)
(-0.808926 -0.496658 1.23964e-17)
(-0.880675 -0.416187 0)
(-0.948635 -0.320026 8.18409e-18)
(-1.00283 -0.212664 0)
(-1.04182 -0.106615 -4.17121e-18)
(-1.06604 0.00130131 2.15531e-18)
(-1.6018 0.0859004 1.1095e-18)
(-1.60095 0.199912 0)
(-1.60323 0.327462 4.83541e-18)
(-1.60989 0.465437 4.97137e-18)
(-1.6166 0.617878 -1.01024e-17)
(-1.61732 0.780194 5.18903e-18)
(-1.60682 0.944447 1.03502e-17)
(-1.58075 1.09986 5.18691e-20)
(-1.53677 1.23321 5.20437e-18)
(-1.47497 1.33034 -1.54938e-17)
(-1.39909 1.37717 -5.12993e-18)
(-1.31658 1.36499 2.05248e-17)
(-1.41998 0.0821907 -1.66097e-18)
(-1.43743 0.197077 -5.84549e-19)
(-1.45653 0.323683 -4.86477e-18)
(-1.47811 0.461639 0)
(-1.49573 0.611341 -1.30278e-17)
(-1.50238 0.766178 -7.80748e-18)
(-1.49197 0.915985 1.00006e-19)
(-1.46029 1.04785 5.31288e-18)
(-1.40615 1.14758 -1.59922e-17)
(-1.33339 1.20289 2.15379e-17)
(-1.25122 1.20466 0)
(-1.17269 1.15358 2.17212e-17)
(-1.25013 0.0892246 -2.80458e-18)
(-1.27644 0.202427 5.87344e-19)
(-1.30256 0.326062 0)
(-1.32798 0.459495 -1.03086e-17)
(-1.34592 0.599951 1.3241e-17)
(-1.34998 0.73893 1.35363e-17)
(-1.33503 0.864992 -1.64663e-17)
(-1.29833 0.965077 -2.2473e-17)
(-1.24098 1.02713 -2.30916e-17)
(-1.16908 1.0435 2.99458e-17)
(-1.09584 1.01208 -6.20654e-18)
(-1.04299 0.946996 -5.103e-17)
(-1.08622 0.0998596 3.92642e-18)
(-1.11365 0.208574 5.86419e-19)
(-1.13877 0.325687 0)
(-1.16014 0.449427 1.28129e-17)
(-1.17173 0.574639 -1.16082e-20)
(-1.16842 0.691617 -2.77024e-18)
(-1.14649 0.788538 0)
(-1.10438 0.853181 6.03312e-18)
(-1.04316 0.876015 1.94095e-17)
(-0.96687 0.854631 -3.42351e-20)
(-0.885121 0.791014 3.25062e-17)
(-0.862969 0.722451 6.32741e-17)
(-1.22504 1.28002 2.04753e-17)
(-1.11494 1.24134 5.02808e-18)
(-1.04942 1.21883 -4.93625e-18)
(-0.981675 1.20491 9.49397e-18)
(-0.917059 1.21354 0)
(-0.845513 1.24537 1.34444e-17)
(-0.75996 1.30214 -1.95326e-17)
(-0.650643 1.37817 -1.05353e-17)
(-0.516408 1.46748 0)
(-0.353513 1.54509 4.08322e-18)
(-0.193401 1.61208 0)
(-0.0188125 1.62534 -1.04646e-18)
(-1.08239 1.02495 0)
(-0.950259 0.99092 0)
(-0.898171 0.978835 0)
(-0.845575 0.975997 -4.52547e-18)
(-0.794967 0.998683 8.05794e-21)
(-0.736425 1.0442 -4.24495e-18)
(-0.663186 1.11144 8.33273e-18)
(-0.56758 1.19296 -8.26894e-18)
(-0.448902 1.27899 0)
(-0.30794 1.35058 3.06989e-18)
(-0.168944 1.40345 1.53859e-18)
(-0.0240132 1.42077 -5.32068e-19)
(-0.984347 0.778862 0)
(-0.821447 0.771863 1.4803e-17)
(-0.779 0.782703 -8.65244e-21)
(-0.738857 0.794512 6.57793e-22)
(-0.696222 0.82876 4.30867e-18)
(-0.64348 0.881814 4.2277e-18)
(-0.57568 0.95149 6.1936e-18)
(-0.487823 1.03 4.05458e-18)
(-0.380668 1.10756 2.03581e-18)
(-0.2578 1.17018 -4.06299e-18)
(-0.136933 1.21469 -2.07174e-18)
(-0.01377 1.23645 0)
(-0.890333 0.539727 8.05154e-18)
(-0.691022 0.57477 -5.2187e-18)
(-0.664899 0.616737 0)
(-0.640969 0.643792 0)
(-0.606816 0.685898 -4.29868e-18)
(-0.559399 0.741613 1.75818e-20)
(-0.496662 0.808886 -1.23983e-17)
(-0.416201 0.880645 0)
(-0.320047 0.948613 -8.18508e-18)
(-0.212694 1.00281 0)
(-0.106656 1.0418 -2.09415e-18)
(0.00124729 1.06602 0)
(0.10985 0.926122 -1.12396e-18)
(0.211537 0.949119 -4.65655e-18)
(0.318865 0.967514 0)
(0.428781 0.979598 -1.02186e-17)
(0.534372 0.98054 -2.70242e-18)
(0.625036 0.966823 -1.44162e-17)
(0.688545 0.935991 6.18685e-18)
(0.712357 0.886815 0)
(0.685015 0.818137 0)
(0.597762 0.728521 9.03363e-18)
(0.419007 0.595883 3.83674e-17)
(0.171898 0.457642 0)
(0.116858 0.770408 1.12373e-18)
(0.20932 0.785418 0)
(0.304331 0.793601 -9.68053e-18)
(0.397638 0.793542 2.53685e-18)
(0.481022 0.781844 -2.71136e-18)
(0.543203 0.756875 1.74751e-17)
(0.571477 0.717782 1.28076e-17)
(0.552428 0.664387 -7.29215e-18)
(0.471869 0.595722 0)
(0.316371 0.514592 0)
(0.0372383 0.396589 0)
(-0.278971 0.372603 0)
(0.119637 0.620838 -1.13285e-18)
(0.201246 0.626067 -5.81438e-18)
(0.2823 0.622602 1.08393e-17)
(0.357594 0.609678 0)
(0.418112 0.5856 0)
(0.452371 0.550935 -5.24072e-17)
(0.447855 0.507327 3.23491e-17)
(0.391926 0.457473 0)
(0.273085 0.404236 -9.13725e-18)
(0.0876132 0.358678 2.45306e-17)
(-0.154538 0.31643 -2.08502e-17)
(-0.342718 0.340263 0)
(0.117844 0.479508 1.14665e-18)
(0.187596 0.474482 4.68412e-18)
(0.25394 0.459458 -9.65066e-18)
(0.311087 0.434484 7.5818e-18)
(0.349812 0.399798 -8.03441e-18)
(0.359141 0.358381 -5.75904e-18)
(0.327956 0.315033 -4.52613e-17)
(0.246713 0.276199 -7.48286e-18)
(0.11182 0.249111 9.16052e-18)
(-0.0644568 0.249505 4.76676e-17)
(-0.244761 0.278035 0)
(-0.36426 0.336048 0)
(0.111715 0.348393 0)
(0.169189 0.333514 0)
(0.220843 0.307928 9.75134e-18)
(0.260706 0.272541 -1.01592e-17)
(0.279928 0.229568 -1.34096e-17)
(0.268764 0.18436 5.50903e-17)
(0.218504 0.14488 1.29036e-17)
(0.123902 0.120764 3.72017e-17)
(-0.0100041 0.121603 0)
(-0.161949 0.161676 -4.60784e-17)
(-0.298916 0.232816 -7.14452e-17)
(-0.374985 0.305426 0)
(0.101792 0.229061 0)
(0.147056 0.20527 1.22196e-18)
(0.184612 0.170501 -1.25093e-18)
(0.208696 0.12656 2.57524e-18)
(0.211291 0.0774198 4.07832e-17)
(0.184408 0.0305009 -2.92102e-17)
(0.122149 -0.00362106 6.48799e-18)
(0.0232728 -0.0133313 -2.96816e-17)
(-0.100987 0.0110534 -8.90617e-18)
(-0.227935 0.0809743 1.14547e-17)
(-0.333859 0.180081 6.98229e-17)
(-0.366234 0.270118 0)
(0.0887695 0.122529 0)
(0.12223 0.0910482 1.282e-18)
(0.146636 0.0485508 -1.30596e-18)
(0.156739 -0.00224809 0)
(0.145631 -0.056006 -2.52329e-17)
(0.107346 -0.103715 -2.96528e-18)
(0.0386487 -0.132929 -1.32026e-17)
(-0.0588638 -0.131156 -3.78014e-17)
(-0.170147 -0.0898947 3.63291e-17)
(-0.273922 0.00081128 0)
(-0.352793 0.12016 1.44971e-16)
(-0.345216 0.223002 0)
(0.0733564 0.0291956 0)
(0.095605 -0.00865369 1.38868e-18)
(0.107957 -0.0575008 9.82559e-18)
(0.1059 -0.113797 2.86436e-18)
(0.0837225 -0.171234 2.09178e-17)
(0.0374893 -0.219854 -6.34084e-18)
(-0.0337686 -0.245916 3.49309e-17)
(-0.12683 -0.236655 6.39631e-17)
(-0.223946 -0.185106 3.88144e-17)
(-0.305625 -0.0807915 1.28839e-17)
(-0.358147 0.0547431 -1.96597e-17)
(-0.310774 0.171972 0)
(0.0561659 -0.0512336 0)
(0.0678152 -0.0941676 0)
(0.0691816 -0.148135 -1.28428e-17)
(0.0565798 -0.208905 0)
(0.0254447 -0.269695 1.44952e-20)
(-0.0261825 -0.319969 -7.15416e-18)
(-0.0974485 -0.345249 7.87302e-18)
(-0.18455 -0.332639 -3.61449e-17)
(-0.266797 -0.27654 -1.10019e-17)
(-0.326234 -0.164324 1.32723e-16)
(-0.351152 -0.0150004 -1.85632e-16)
(-0.265907 0.116353 2.94359e-16)
(0.0379685 -0.120006 0)
(0.0395979 -0.166911 8.33958e-18)
(0.0309079 -0.224997 -1.66563e-17)
(0.00901734 -0.289538 4.20835e-18)
(-0.02966 -0.353893 -4.36103e-17)
(-0.085008 -0.406779 3.23087e-17)
(-0.154916 -0.433715 -3.89606e-17)
(-0.235364 -0.421441 1.09674e-17)
(-0.302099 -0.36489 -1.06541e-16)
(-0.338263 -0.248701 -1.26267e-16)
(-0.334001 -0.0871015 -3.01617e-17)
(-0.212081 0.0582862 -3.81985e-16)
(0.0206751 -0.180711 0)
(0.0129491 -0.230612 -4.37791e-17)
(-0.0049917 -0.292125 2.83841e-17)
(-0.0354149 -0.36 0)
(-0.0812907 -0.428486 -6.79577e-18)
(-0.139772 -0.484433 -3.43019e-17)
(-0.209323 -0.515426 -5.69616e-17)
(-0.280873 -0.50601 -3.10333e-17)
(-0.331638 -0.449196 1.84944e-16)
(-0.341233 -0.331624 1.70325e-16)
(-0.301293 -0.168826 0)
(-0.158355 0.000397642 0)
(0.00768608 -0.240914 -1.94294e-17)
(-0.00765127 -0.291443 -3.71213e-20)
(-0.0325692 -0.355213 0)
(-0.0685063 -0.425079 1.49936e-17)
(-0.118462 -0.499027 -1.41072e-17)
(-0.176325 -0.555821 -1.34062e-16)
(-0.241016 -0.601491 4.49871e-16)
(-0.306638 -0.579444 0)
(-0.323082 -0.512669 -2.3261e-16)
(-0.305802 -0.402346 -2.6865e-16)
(-0.255921 -0.242106 -4.26237e-16)
(-0.107448 -0.0546512 1.69218e-15)
(0.274631 0.554796 8.53877e-17)
(0.418831 0.521537 2.49243e-17)
(0.47361 0.544191 -1.94038e-17)
(0.514701 0.545635 0)
(0.560895 0.523031 -2.17367e-17)
(0.61607 0.482142 -1.27512e-17)
(0.678587 0.425164 1.04041e-17)
(0.742457 0.352307 6.21047e-18)
(0.801166 0.266624 0)
(0.847747 0.172667 1.03432e-18)
(0.881895 0.0790974 3.14367e-18)
(0.905615 -0.0169736 2.16285e-18)
(0.315864 0.169912 1.39044e-16)
(0.328283 0.354257 -7.04431e-18)
(0.361846 0.42866 2.51867e-17)
(0.403433 0.453579 0)
(0.449534 0.444276 0)
(0.50176 0.411036 2.16303e-17)
(0.558551 0.360528 1.27452e-17)
(0.614585 0.295365 -1.04985e-17)
(0.664781 0.219448 2.09868e-18)
(0.704295 0.137169 9.46837e-18)
(0.733347 0.0545149 -1.06582e-18)
(0.753921 -0.0311819 1.09183e-18)
(0.343131 -0.020969 -1.41064e-16)
(0.26338 0.208129 0)
(0.27408 0.325204 0)
(0.306548 0.367215 0)
(0.349002 0.370588 0)
(0.396801 0.345613 2.23094e-17)
(0.447693 0.302099 -4.14019e-17)
(0.496477 0.244663 1.07706e-17)
(0.53906 0.177901 0)
(0.571901 0.106024 -8.57437e-18)
(0.59538 0.0333278 -3.79282e-18)
(0.610922 -0.0425278 -1.6568e-18)
(0.352565 -0.14454 1.22248e-16)
(0.209672 0.094675 4.26812e-17)
(0.200222 0.234134 -2.86886e-17)
(0.220461 0.288045 2.01687e-17)
(0.257056 0.301949 0)
(0.300046 0.285366 4.65635e-18)
(0.345418 0.249194 1.57979e-17)
(0.387825 0.199527 -1.33355e-17)
(0.423755 0.141481 2.20728e-18)
(0.450375 0.0791576 -1.09963e-18)
(0.467966 0.0158558 5.54187e-18)
(0.477357 -0.050304 0)
(0.345186 -0.224279 -3.45965e-19)
(0.15926 0.00616886 -3.77875e-17)
(0.133555 0.153456 3.12878e-17)
(0.141847 0.215724 -4.82255e-17)
(0.17189 0.23794 2.02132e-17)
(0.210661 0.229624 1.48639e-20)
(0.251306 0.201088 -2.3664e-18)
(0.288386 0.159268 2.32173e-17)
(0.318642 0.10966 -2.29602e-18)
(0.339646 0.056373 0)
(0.351409 0.00216804 5.71237e-19)
(0.354263 -0.0543305 -2.89079e-18)
(0.321763 -0.272788 -1.13384e-16)
(0.107894 -0.0647523 0)
(0.0698024 0.0807662 0)
(0.0677166 0.148719 2.91557e-17)
(0.0926042 0.177999 -4.88359e-17)
(0.127983 0.177611 -2.60683e-17)
(0.165023 0.15703 2.52567e-18)
(0.197929 0.123205 -1.96642e-17)
(0.223534 0.0818933 2.42223e-18)
(0.239661 0.0373424 -1.19718e-18)
(0.246017 -0.00792188 1.79574e-18)
(0.242554 -0.0547939 -6.02445e-19)
(0.282324 -0.297516 -2.34759e-16)
(0.0537388 -0.12274 -1.10819e-16)
(0.00616067 0.01388 1.57142e-17)
(-0.00365512 0.0853733 1.95195e-17)
(0.0181194 0.121029 4.78345e-17)
(0.0514316 0.128472 5.69155e-18)
(0.0862216 0.11623 -5.48527e-18)
(0.116178 0.090653 0)
(0.138212 0.0576235 0)
(0.150312 0.021639 8.99785e-18)
(0.151933 -0.0147806 1.27809e-18)
(0.142804 -0.052111 2.54964e-18)
(0.224865 -0.30135 2.53714e-16)
(-0.00277435 -0.169429 -1.3246e-19)
(-0.0591562 -0.0487704 -7.33955e-17)
(-0.0732304 0.0242279 -8.94208e-17)
(-0.0525359 0.0656328 -2.72056e-17)
(-0.0195573 0.0811851 6.43446e-18)
(0.0144445 0.0778104 -9.25896e-18)
(0.0427331 0.0608816 2.98348e-18)
(0.062315 0.0362535 2.32149e-17)
(0.0713046 0.00877129 -2.41943e-17)
(0.0690202 -0.0188822 2.10979e-18)
(0.0551357 -0.0468121 -3.49253e-18)
(0.15526 -0.290538 -2.57452e-16)
(-0.0611667 -0.204811 1.30143e-16)
(-0.127032 -0.107825 9.02454e-17)
(-0.141629 -0.0357863 -2.99377e-20)
(-0.120179 0.0105492 0)
(-0.0857591 0.0346044 3.10166e-17)
(-0.0510753 0.0407686 3.69763e-18)
(-0.0231049 0.0330571 -7.72111e-21)
(-0.00483168 0.0171159 -5.83894e-17)
(0.00197195 -0.00180702 1.33881e-17)
(-0.00332101 -0.0207576 0)
(-0.0208844 -0.0394541 3.24358e-18)
(0.0650631 -0.263892 7.53115e-16)
(-0.119813 -0.2292 0)
(-0.196994 -0.162939 1.53306e-17)
(-0.209769 -0.095246 1.82938e-16)
(-0.186384 -0.0450017 1.01259e-16)
(-0.149187 -0.012336 -2.57227e-20)
(-0.112299 0.00401715 -1.5196e-17)
(-0.0829758 0.006225 4.33898e-17)
(-0.0646609 -0.00056371 3.69233e-17)
(-0.0590833 -0.0108104 1.54616e-17)
(-0.0665049 -0.0210855 2.14126e-18)
(-0.0865175 -0.0307564 0)
(-0.0114973 -0.217524 -4.96778e-16)
(-0.183207 -0.240694 0)
(-0.26598 -0.213491 0)
(-0.279543 -0.154335 -1.62625e-16)
(-0.255202 -0.102106 -1.58055e-16)
(-0.215341 -0.0612024 -7.72005e-17)
(-0.174709 -0.0338751 -7.32056e-17)
(-0.141298 -0.0206556 -1.30209e-16)
(-0.120847 -0.0176846 -8.27822e-18)
(-0.115145 -0.0190982 -3.46735e-17)
(-0.123831 -0.0211714 3.63018e-18)
(-0.145151 -0.0224127 0)
(-0.0499467 -0.152578 -6.94866e-16)
(-0.21897 -0.242298 0)
(-0.327778 -0.255234 0)
(-0.342087 -0.215124 3.96556e-17)
(-0.323221 -0.166311 -3.86776e-17)
(-0.287979 -0.119847 3.89974e-17)
(-0.245108 -0.0790155 -4.21832e-17)
(-0.204519 -0.0506098 1.87381e-16)
(-0.180409 -0.0364596 0)
(-0.173501 -0.0290326 -1.04366e-16)
(-0.182136 -0.0234684 -7.76765e-17)
(-0.204386 -0.0172166 2.09177e-17)
(0.926098 -0.10987 -3.24312e-21)
(0.949094 -0.211535 -4.65611e-18)
(0.96749 -0.318858 0)
(0.979575 -0.428776 7.66483e-18)
(0.980519 -0.534373 1.35567e-17)
(0.966805 -0.625047 5.77899e-18)
(0.935977 -0.688565 6.18639e-18)
(0.886806 -0.712387 -2.667e-17)
(0.818134 -0.685048 0)
(0.728525 -0.597792 -2.69535e-17)
(0.595894 -0.419029 3.80668e-17)
(0.457653 -0.171901 7.7096e-17)
(0.770382 -0.116879 2.24939e-18)
(0.785393 -0.209318 0)
(0.793578 -0.304325 9.67952e-18)
(0.793519 -0.397634 0)
(0.781823 -0.481026 6.27272e-21)
(0.756856 -0.543216 2.3279e-17)
(0.717767 -0.571501 6.3868e-18)
(0.664376 -0.55246 -3.63533e-17)
(0.595717 -0.471904 0)
(0.514596 -0.316402 3.39209e-17)
(0.396607 -0.037255 -5.49266e-17)
(0.372624 0.278984 0)
(0.620813 -0.11966 -1.13146e-18)
(0.626043 -0.201245 4.65339e-18)
(0.622581 -0.282296 -9.63095e-18)
(0.609657 -0.357592 1.26398e-17)
(0.585581 -0.418118 -5.38708e-18)
(0.550918 -0.452387 -1.45809e-17)
(0.507312 -0.447881 -3.87972e-17)
(0.45746 -0.391959 3.74038e-17)
(0.404227 -0.27312 0)
(0.358677 -0.0876389 -3.67049e-17)
(0.316443 0.154533 -2.08469e-17)
(0.340286 0.342744 0)
(0.479486 -0.117869 -5.7233e-19)
(0.47446 -0.187597 -5.26526e-18)
(0.45944 -0.253938 1.20915e-18)
(0.434467 -0.311088 -2.9292e-21)
(0.399782 -0.349821 -1.07323e-17)
(0.358365 -0.359158 0)
(0.315017 -0.327983 3.23428e-17)
(0.276183 -0.246746 -7.51606e-18)
(0.249097 -0.11185 0)
(0.249497 0.06444 9.53669e-17)
(0.278042 0.244768 0)
(0.336072 0.364291 0)
(0.348373 -0.111741 -2.34429e-18)
(0.333495 -0.169192 0)
(0.307914 -0.220843 7.31843e-18)
(0.272527 -0.260709 -1.0142e-17)
(0.229555 -0.279938 1.90435e-20)
(0.184346 -0.268782 2.6096e-17)
(0.144863 -0.218531 -6.42569e-18)
(0.120746 -0.123932 -2.22803e-17)
(0.121585 0.0099797 8.9823e-18)
(0.161663 0.161941 -4.60506e-17)
(0.232817 0.298931 -3.56998e-17)
(0.305447 0.375021 2.55227e-17)
(0.229046 -0.101819 2.42515e-18)
(0.205255 -0.147061 0)
(0.170491 -0.184615 -9.98115e-18)
(0.12655 -0.208701 2.57496e-18)
(0.0774099 -0.211303 -2.72862e-18)
(0.0304887 -0.184427 -2.92068e-17)
(-0.00363745 -0.122175 2.58919e-17)
(-0.0133518 -0.0232988 3.71154e-17)
(0.0110314 0.100969 0)
(0.0809573 0.227935 1.14802e-17)
(0.180079 0.33388 -1.74281e-17)
(0.270135 0.36627 0)
(0.122518 -0.0887968 6.37995e-19)
(0.0910371 -0.122237 -5.78532e-18)
(0.0485443 -0.14664 0)
(-0.00225344 -0.156745 0)
(-0.0560128 -0.145643 0)
(-0.103725 -0.107364 -5.97373e-18)
(-0.132945 -0.0386715 -1.97898e-17)
(-0.131177 0.0588421 -3.02233e-17)
(-0.0899191 0.170135 9.08335e-18)
(0.000791717 0.273927 3.44926e-20)
(0.120155 0.352817 -1.63007e-16)
(0.223016 0.34525 -2.21652e-16)
(0.0291887 -0.073383 2.78543e-18)
(-0.00866174 -0.0956125 6.95778e-18)
(-0.0575045 -0.107963 -1.40774e-18)
(-0.113799 -0.105906 2.86404e-18)
(-0.171238 -0.0837341 1.79376e-17)
(-0.219862 -0.0375055 2.23048e-17)
(-0.245932 0.0337492 -2.78905e-17)
(-0.236677 0.126813 7.19675e-17)
(-0.185132 0.223938 0)
(-0.080813 0.305634 0)
(0.0547348 0.358173 1.3969e-16)
(0.171982 0.310805 3.04413e-17)
(-0.0512365 -0.0561896 -3.21606e-18)
(-0.0941742 -0.0678237 -1.59552e-18)
(-0.148137 -0.0691872 1.60969e-18)
(-0.208904 -0.0565864 0)
(-0.269697 -0.0254551 -5.41967e-17)
(-0.319976 0.0261686 -3.58575e-17)
(-0.345264 0.0974331 3.14183e-17)
(-0.332661 0.184538 -3.61141e-17)
(-0.276566 0.266795 1.10859e-17)
(-0.164348 0.326247 1.4777e-17)
(-0.0150119 0.351179 -2.31604e-17)
(0.116357 0.265933 2.93877e-16)
(-0.120005 -0.037987 -4.19706e-18)
(-0.166919 -0.0396069 0)
(-0.225 -0.0309114 -1.66547e-17)
(-0.289536 -0.00902309 4.20793e-18)
(-0.353893 0.029652 2.61589e-17)
(-0.406785 0.0849972 -4.5567e-18)
(-0.433729 0.154906 -1.95064e-17)
(-0.421463 0.235357 7.66273e-17)
(-0.364917 0.302103 -9.32832e-17)
(-0.248728 0.338279 6.87113e-20)
(-0.0871165 0.334027 -3.01566e-17)
(0.0582859 0.212102 0)
(-0.180706 -0.0206893 5.47995e-18)
(-0.230623 -0.0129556 -2.37284e-17)
(-0.292129 0.00499166 5.32415e-17)
(-0.359998 0.0354123 0)
(-0.428485 0.081286 -6.79525e-18)
(-0.484437 0.139766 6.88929e-18)
(-0.515438 0.209318 4.25364e-17)
(-0.506032 0.280872 -2.32537e-16)
(-0.449224 0.331649 1.47788e-16)
(-0.331653 0.341254 0)
(-0.168845 0.301319 0)
(0.000394187 0.158373 0)
(-0.240903 -0.00769514 3.88559e-17)
(-0.291457 0.00764745 7.12952e-17)
(-0.355221 0.0325734 -1.30518e-16)
(-0.425079 0.0685083 1.4993e-17)
(-0.499025 0.118462 -2.81151e-17)
(-0.555825 0.176325 -6.71144e-17)
(-0.601502 0.241018 -5.29576e-17)
(-0.57947 0.306649 3.72581e-17)
(-0.512701 0.323101 -2.0359e-16)
(-0.402377 0.305825 -3.35573e-17)
(-0.242131 0.255944 0)
(-0.0546612 0.107464 -1.69193e-15)
(0.554797 -0.274619 8.53838e-17)
(0.521545 -0.418807 2.51391e-17)
(0.544201 -0.473579 -1.93311e-17)
(0.54565 -0.514664 -2.26537e-17)
(0.52305 -0.560856 2.17375e-17)
(0.482165 -0.61603 2.11898e-17)
(0.425189 -0.67855 -2.0876e-18)
(0.352332 -0.742425 -4.13385e-18)
(0.266648 -0.801141 2.06595e-18)
(0.17269 -0.84773 0)
(0.0791162 -0.881887 0)
(-0.01696 -0.905616 -2.86899e-21)
(0.169916 -0.315849 0)
(0.354268 -0.328261 6.56692e-20)
(0.428673 -0.361819 0)
(0.453597 -0.403402 1.84155e-17)
(0.444298 -0.449502 -4.45293e-18)
(0.411061 -0.501729 8.65988e-18)
(0.360554 -0.558524 -2.33568e-17)
(0.295391 -0.614565 2.10349e-18)
(0.219472 -0.664768 0)
(0.137189 -0.70429 -8.4179e-18)
(0.0545302 -0.733351 0)
(-0.0311727 -0.753935 2.18156e-18)
(-0.0209596 -0.343114 0)
(0.208144 -0.26336 -3.89182e-17)
(0.325221 -0.274057 5.33959e-18)
(0.367236 -0.306524 0)
(0.370613 -0.348979 1.84357e-17)
(0.34564 -0.396781 4.45738e-18)
(0.302126 -0.447678 1.52345e-17)
(0.244689 -0.496468 -1.29202e-17)
(0.177923 -0.539059 2.14389e-18)
(0.106042 -0.571909 1.7158e-17)
(0.03334 -0.595396 4.33312e-18)
(-0.0425226 -0.610946 -1.10363e-18)
(-0.144527 -0.352548 -1.22252e-16)
(0.0946927 -0.209656 0)
(0.234153 -0.200205 0)
(0.288069 -0.220445 2.52047e-17)
(0.301976 -0.257042 -2.40541e-17)
(0.285396 -0.300036 4.63612e-18)
(0.249223 -0.345414 -4.51996e-18)
(0.199552 -0.387827 8.88824e-18)
(0.141502 -0.423766 8.82211e-18)
(0.0791737 -0.450395 6.53834e-21)
(0.0158653 -0.467994 -4.43144e-18)
(-0.0503019 -0.477392 1.12533e-18)
(-0.224265 -0.34517 1.14531e-16)
(0.00618882 -0.159248 0)
(0.153478 -0.133544 6.25464e-18)
(0.21575 -0.141838 -4.82201e-17)
(0.237969 -0.171886 0)
(0.229656 -0.210661 -2.44095e-17)
(0.201118 -0.251313 2.60552e-17)
(0.159294 -0.288401 -2.08965e-17)
(0.109681 -0.318665 -6.88011e-18)
(0.0563875 -0.339677 -2.05459e-17)
(0.00217539 -0.351447 0)
(-0.054331 -0.354307 -2.31139e-18)
(-0.272773 -0.321749 2.82232e-17)
(-0.0647307 -0.107887 -5.31788e-17)
(0.0807897 -0.069797 0)
(0.148747 -0.0677157 -1.43492e-20)
(0.17803 -0.0926089 0)
(0.177644 -0.127994 5.20062e-18)
(0.157061 -0.165041 -2.51986e-17)
(0.123232 -0.197955 1.7211e-17)
(0.0819135 -0.223567 1.21002e-17)
(0.0373558 -0.239702 9.58998e-18)
(-0.00791618 -0.246064 -4.78638e-18)
(-0.0547964 -0.242606 1.20196e-18)
(-0.297501 -0.282313 0)
(-0.122717 -0.0537369 1.47729e-16)
(0.0139049 -0.00616174 7.07292e-17)
(0.0854017 0.00364798 1.95025e-17)
(0.12106 -0.0181331 0)
(0.128505 -0.0514521 2.84642e-17)
(0.116262 -0.0862496 -2.74664e-18)
(0.0906794 -0.116214 -5.53537e-21)
(0.0576433 -0.138256 -1.30295e-17)
(0.0216517 -0.150363 0)
(-0.0147761 -0.151989 -4.86026e-22)
(-0.0521148 -0.142863 3.7917e-26)
(-0.301337 -0.224859 -2.53823e-16)
(-0.169407 0.00277198 -2.51055e-16)
(-0.0487447 0.0591487 -6.4171e-17)
(0.0242568 0.0732158 -5.9616e-17)
(0.0656651 0.0525137 0)
(0.0812191 0.0195278 6.43371e-18)
(0.0778421 -0.0144818 -9.25798e-18)
(0.0609081 -0.0427785 6.3935e-21)
(0.036273 -0.0623683 2.90504e-18)
(0.00878361 -0.0713644 0)
(-0.0188784 -0.0690836 5.62297e-18)
(-0.0468167 -0.0552005 2.79291e-18)
(-0.290527 -0.155257 -2.65753e-19)
(-0.204791 0.0611609 1.4877e-16)
(-0.107799 0.127019 0)
(-0.0357579 0.141608 8.94831e-18)
(0.0105813 0.120149 -8.03101e-21)
(0.0346382 0.0857215 -3.1023e-17)
(0.0408005 0.0510299 2.5895e-17)
(0.0330833 0.023051 -3.19734e-17)
(0.0171351 0.00477018 0)
(-0.00179487 -0.00203951 -1.33874e-17)
(-0.020754 0.00325113 0)
(-0.039459 0.020815 -6.48739e-18)
(-0.263882 -0.0650639 3.76342e-16)
(-0.229183 0.119805 -2.4372e-17)
(-0.162914 0.196976 1.5346e-16)
(-0.0952193 0.209742 8.53423e-17)
(-0.0449707 0.186349 -7.87576e-17)
(-0.0123036 0.149143 4.26132e-17)
(0.00404837 0.112247 -1.01461e-17)
(0.00625061 0.0829146 3.37532e-17)
(-0.000544739 0.0645925 4.62037e-18)
(-0.0107981 0.0590092 3.31254e-17)
(-0.0210818 0.0664301 -6.41218e-18)
(-0.0307606 0.0864448 4.22013e-18)
(-0.217517 0.0114971 0)
(-0.240681 0.183195 0)
(-0.213469 0.265958 -1.89123e-16)
(-0.154311 0.279513 0)
(-0.102078 0.255164 1.77787e-16)
(-0.0611727 0.215293 -1.92928e-16)
(-0.0338458 0.174652 -4.57658e-17)
(-0.0206308 0.14123 6.07376e-17)
(-0.0176658 0.120773 0)
(-0.0190857 0.115065 1.65951e-21)
(-0.0211673 0.123753 4.3504e-17)
(-0.0224146 0.145077 0)
(-0.152566 0.0499403 -6.08165e-16)
(-0.242292 0.218964 -5.49107e-16)
(-0.25521 0.327761 5.79661e-17)
(-0.215107 0.342059 0)
(-0.16629 0.323187 -3.86131e-17)
(-0.119821 0.287934 3.90307e-16)
(-0.0789862 0.24505 -4.22108e-17)
(-0.0505824 0.204445 -2.10811e-16)
(-0.0364393 0.180332 2.37261e-17)
(-0.0290186 0.173421 -9.27868e-17)
(-0.0234629 0.182059 -1.77578e-16)
(-0.0172154 0.204316 2.09189e-17)
(-0.109863 -0.92611 1.11733e-18)
(-0.211535 -0.949116 -1.16369e-18)
(-0.318867 -0.967523 1.2197e-18)
(-0.428795 -0.979618 1.02434e-17)
(-0.534404 -0.980572 1.08412e-17)
(-0.62509 -0.966867 -1.15451e-17)
(-0.688622 -0.936044 -6.16185e-18)
(-0.712455 -0.886874 -1.99907e-17)
(-0.685125 -0.818196 5.98543e-17)
(-0.597871 -0.728577 0)
(-0.419095 -0.59593 5.10696e-17)
(-0.171947 -0.457682 0)
(-0.116877 -0.770406 1.12358e-18)
(-0.209325 -0.785426 0)
(-0.304342 -0.79362 0)
(-0.397661 -0.79357 1.16944e-20)
(-0.481064 -0.781881 -1.08088e-17)
(-0.543265 -0.756919 -2.90844e-17)
(-0.571559 -0.717832 -1.91658e-17)
(-0.552524 -0.664437 0)
(-0.471968 -0.595768 -3.45451e-17)
(-0.316455 -0.51463 1.12903e-17)
(-0.0372781 -0.396615 3.63886e-17)
(0.278989 -0.372633 1.77623e-16)
(-0.119663 -0.620846 -1.13268e-18)
(-0.201257 -0.626084 1.16035e-18)
(-0.282317 -0.622629 8.42968e-18)
(-0.357624 -0.609711 -1.77104e-17)
(-0.41816 -0.585639 -1.6148e-17)
(-0.452436 -0.550977 -2.86108e-18)
(-0.447937 -0.50737 3.88414e-17)
(-0.392013 -0.457512 2.23556e-17)
(-0.273167 -0.404266 -3.65228e-17)
(-0.0876694 -0.3587 0)
(0.154526 -0.316446 -8.36418e-17)
(0.342745 -0.340288 -4.49168e-20)
(-0.117876 -0.479527 2.29364e-18)
(-0.187612 -0.474507 0)
(-0.253963 -0.459492 -9.6482e-18)
(-0.311122 -0.434521 2.51981e-18)
(-0.349864 -0.399837 1.07139e-17)
(-0.359206 -0.358419 4.93261e-17)
(-0.328033 -0.315067 -3.23427e-17)
(-0.246789 -0.276226 -3.7491e-17)
(-0.111884 -0.249129 8.23351e-17)
(0.0644216 -0.249518 -4.76621e-17)
(0.244763 -0.278049 0)
(0.364289 -0.336074 -1.04132e-16)
(-0.11175 -0.348422 -2.34386e-18)
(-0.169209 -0.333547 0)
(-0.22087 -0.307968 0)
(-0.260743 -0.272581 7.62744e-18)
(-0.27998 -0.229606 2.6851e-17)
(-0.268825 -0.184394 -2.61194e-17)
(-0.218574 -0.144905 2.57949e-17)
(-0.123966 -0.120782 -2.97386e-17)
(0.00995566 -0.121612 -7.1864e-17)
(0.161927 -0.161683 -5.34456e-22)
(0.298925 -0.232829 7.14353e-17)
(0.375015 -0.30545 0)
(-0.10183 -0.229101 1.21251e-18)
(-0.147079 -0.205311 -4.8997e-18)
(-0.184642 -0.170546 0)
(-0.208733 -0.126603 0)
(-0.211342 -0.0774576 -2.44679e-17)
(-0.184464 -0.030531 -2.04348e-17)
(-0.122211 0.00360265 0)
(-0.0233249 0.0133206 2.96774e-17)
(0.100951 -0.0110551 2.67011e-17)
(0.227923 -0.0809775 5.72751e-17)
(0.333874 -0.180093 -1.39716e-16)
(0.366265 -0.270138 2.0835e-16)
(-0.0888086 -0.122579 -3.81871e-26)
(-0.122255 -0.0910965 6.42297e-18)
(-0.146667 -0.048601 -1.30575e-18)
(-0.156775 0.00220296 -2.6717e-18)
(-0.145679 0.0559689 5.60708e-18)
(-0.107396 0.103688 2.09757e-17)
(-0.0387018 0.132917 0)
(0.0588223 0.13115 0)
(0.170122 0.0898988 3.63236e-17)
(0.273918 -0.000811035 0)
(0.352812 -0.120169 5.42142e-17)
(0.345246 -0.22302 -1.9363e-16)
(-0.0733951 -0.0292548 2.78527e-18)
(-0.0956295 0.00859928 5.56933e-18)
(-0.107987 0.0574466 1.12316e-17)
(-0.105932 0.11375 0)
(-0.0837664 0.171197 2.97771e-18)
(-0.0375312 0.219829 -9.53258e-18)
(0.0337238 0.245909 1.39689e-17)
(0.126798 0.236654 -4.79868e-17)
(0.223929 0.185116 -2.90369e-17)
(0.305626 0.0807958 0)
(0.358169 -0.0547494 1.59994e-16)
(0.310802 -0.171985 2.47766e-16)
(-0.0562006 0.0511663 -6.4326e-18)
(-0.0678397 0.0941092 -6.39857e-18)
(-0.0692074 0.148078 -1.28407e-17)
(-0.05661 0.208858 3.25892e-18)
(-0.0254806 0.269659 -2.45399e-20)
(0.0261462 0.319947 -3.60182e-18)
(0.0974149 0.345245 0)
(0.184526 0.332642 -3.33719e-20)
(0.266789 0.276555 -1.10905e-17)
(0.326241 0.164332 1.32703e-16)
(0.351175 0.0149989 -1.85605e-16)
(0.265934 -0.116361 -2.93874e-16)
(-0.0379952 0.119933 4.19444e-18)
(-0.0396218 0.166852 -8.33829e-18)
(-0.0309268 0.224939 1.66537e-17)
(-0.00904614 0.289491 0)
(0.0296349 0.353857 0)
(0.0849761 0.406761 -2.76825e-17)
(0.154896 0.433714 2.92306e-17)
(0.235348 0.42145 1.31338e-16)
(0.302101 0.36491 1.06619e-16)
(0.338277 0.248715 1.82352e-17)
(0.334023 0.0871064 -3.01572e-17)
(0.212103 -0.0582923 0)
(-0.0206948 0.180633 0)
(-0.0129676 0.230554 1.45812e-17)
(0.00497797 0.292068 -2.83812e-17)
(0.035392 0.359956 6.8847e-18)
(0.0812732 0.428453 -6.84372e-18)
(0.139749 0.484417 5.48676e-17)
(0.209312 0.515429 -5.66845e-17)
(0.280866 0.506024 -1.23962e-16)
(0.33165 0.449222 -1.47786e-16)
(0.341253 0.331645 -1.94434e-16)
(0.301315 0.168837 3.5172e-16)
(0.158371 -0.000397255 -7.71031e-17)
(-0.00769631 0.240832 3.88579e-17)
(0.00763911 0.291392 -7.13352e-17)
(0.0325631 0.355163 0)
(0.0684912 0.425041 -1.20345e-16)
(0.118455 0.499 -1.12476e-16)
(0.176313 0.555811 0)
(0.241018 0.6015 2.63985e-17)
(0.306647 0.579472 -7.47259e-17)
(0.323103 0.512704 -2.45816e-21)
(0.305825 0.402376 3.35567e-17)
(0.255941 0.242126 -8.52252e-16)
(0.107459 0.0546577 0)
(-0.274661 -0.554866 -8.53752e-17)
(-0.418901 -0.521587 -3.13831e-17)
(-0.473694 -0.544234 2.42564e-17)
(-0.514787 -0.545676 0)
(-0.560981 -0.523065 1.73803e-17)
(-0.616153 -0.482167 4.2408e-18)
(-0.678666 -0.425178 -1.24887e-17)
(-0.742529 -0.35231 -6.21242e-18)
(-0.801229 -0.266619 -1.03057e-17)
(-0.847799 -0.172658 0)
(-0.881936 -0.0790854 4.19534e-18)
(-0.905646 0.0169881 -1.08125e-18)
(-0.31591 -0.169936 0)
(-0.328352 -0.354291 3.52598e-17)
(-0.361922 -0.428694 -2.51791e-17)
(-0.403508 -0.453613 0)
(-0.449608 -0.444307 1.3378e-17)
(-0.501829 -0.41106 4.33105e-18)
(-0.558615 -0.360542 -1.69872e-17)
(-0.614642 -0.29537 -1.7226e-20)
(-0.664829 -0.219446 0)
(-0.704333 -0.137163 0)
(-0.733375 -0.0545073 0)
(-0.753938 0.0311906 -1.09165e-18)
(-0.343187 0.0209716 0)
(-0.263443 -0.208147 2.33573e-17)
(-0.274144 -0.325229 2.66377e-17)
(-0.306609 -0.367242 0)
(-0.34906 -0.370614 -1.38015e-17)
(-0.396855 -0.345633 8.92908e-18)
(-0.447741 -0.302111 2.39507e-17)
(-0.496519 -0.244668 -4.31603e-18)
(-0.539093 -0.1779 -6.42662e-18)
(-0.571925 -0.106022 0)
(-0.595394 -0.0333243 -4.33258e-18)
(-0.610927 0.0425312 1.10351e-18)
(-0.352626 0.144563 0)
(-0.209728 -0.094678 -3.41879e-17)
(-0.200273 -0.234148 -4.58531e-17)
(-0.220508 -0.288064 0)
(-0.257098 -0.301968 -4.81007e-18)
(-0.300084 -0.285383 -1.38997e-17)
(-0.34545 -0.249205 1.8074e-17)
(-0.38785 -0.199531 8.88672e-18)
(-0.423773 -0.141481 -7.35537e-21)
(-0.450386 -0.0791567 1.09939e-18)
(-0.467969 -0.0158554 3.87419e-18)
(-0.477353 0.0503031 -5.6339e-19)
(-0.345248 0.224318 2.84572e-17)
(-0.159306 -0.00615844 -1.89072e-17)
(-0.133592 -0.15346 2.50343e-17)
(-0.141878 -0.215735 5.36034e-18)
(-0.171915 -0.237953 2.52539e-17)
(-0.210682 -0.229637 -4.88195e-18)
(-0.251322 -0.201097 -3.55139e-17)
(-0.288398 -0.159272 -4.41722e-21)
(-0.318647 -0.10966 9.16364e-18)
(-0.339645 -0.0563732 -1.14161e-17)
(-0.351402 -0.0021698 0)
(-0.354251 0.0543265 2.31154e-18)
(-0.321821 0.272837 0)
(-0.107929 0.064774 -1.0622e-17)
(-0.0698249 -0.0807598 6.93958e-18)
(-0.0677317 -0.148722 0)
(-0.0926131 -0.178005 -1.62676e-17)
(-0.127989 -0.177618 -2.08652e-17)
(-0.165025 -0.157036 1.51089e-17)
(-0.197927 -0.123208 -2.45577e-18)
(-0.223527 -0.0818936 2.42164e-18)
(-0.239649 -0.0373431 9.58863e-18)
(-0.246001 0.00791893 0)
(-0.242535 0.0547881 -2.40369e-18)
(-0.282375 0.297571 2.34716e-16)
(-0.0537613 0.122771 8.61758e-17)
(-0.00616869 -0.0138638 6.38854e-21)
(0.00365591 -0.0853674 6.50695e-18)
(-0.0181125 -0.121028 2.39141e-17)
(-0.0514218 -0.128474 2.84577e-17)
(-0.0862096 -0.116232 -5.48352e-18)
(-0.116163 -0.0906535 0)
(-0.138194 -0.0576231 0)
(-0.150291 -0.0216397 0)
(-0.15191 0.0147773 4.46684e-18)
(-0.14278 0.0521044 6.38431e-19)
(-0.224905 0.301406 -2.2203e-16)
(0.00276531 0.169468 -1.32849e-16)
(0.0591625 0.0487955 0)
(0.0732466 -0.0242137 0)
(0.0525578 -0.0656247 -4.76031e-17)
(0.0195812 -0.0811808 2.57407e-17)
(-0.0144199 -0.0778082 -2.77722e-17)
(-0.0427074 -0.0608796 -2.97978e-17)
(-0.0622878 -0.0362519 2.90458e-18)
(-0.0712757 -0.00877132 -1.42084e-18)
(-0.0689906 0.0188791 -4.21455e-18)
(-0.0551065 0.0468057 -2.79266e-18)
(-0.155286 0.290594 0)
(0.0611717 0.204855 -1.85903e-17)
(0.127052 0.107859 1.12884e-17)
(0.14166 0.0358083 8.97603e-18)
(0.120215 -0.0105335 3.27887e-17)
(0.0857962 -0.0345938 -3.10161e-17)
(0.0511115 -0.0407617 2.21941e-17)
(0.0231409 -0.0330521 5.68256e-17)
(0.00486754 -0.0171124 0)
(-0.00193577 0.00180825 1.67065e-18)
(0.00335639 0.0207556 -1.64533e-18)
(0.0209177 0.0394487 3.2431e-18)
(-0.0650704 0.263942 0)
(0.119832 0.229248 -2.43658e-17)
(0.197027 0.162979 3.22034e-20)
(0.209814 0.0952755 1.09751e-16)
(0.186434 0.0450251 -1.01222e-16)
(0.149236 0.0123533 6.39116e-17)
(0.112346 -0.00400488 -5.07508e-18)
(0.0830215 -0.0062164 -4.82003e-17)
(0.064705 0.000569507 4.61968e-18)
(0.0591264 0.0108134 1.76631e-17)
(0.066546 0.0210851 0)
(0.086555 0.0307525 4.22129e-18)
(0.0114954 0.217559 0)
(0.183242 0.240746 0)
(0.266027 0.213536 0)
(0.279603 0.154373 -1.6257e-16)
(0.255266 0.102138 3.35713e-16)
(0.215403 0.0612268 -9.6479e-17)
(0.174768 0.0338932 9.14111e-18)
(0.141354 0.0206684 -8.68564e-18)
(0.1209 0.0176933 0)
(0.115195 0.0191034 -6.54883e-17)
(0.123878 0.0211728 3.44403e-17)
(0.145194 0.0224106 -9.00628e-18)
(0.0499507 0.152596 6.94753e-16)
(0.219011 0.242342 0)
(0.32784 0.255295 -5.7718e-17)
(0.342167 0.215168 3.57319e-16)
(0.323298 0.16635 -2.70427e-16)
(0.288054 0.119881 -7.80309e-17)
(0.245179 0.0790421 2.31913e-16)
(0.204587 0.0506296 -4.68213e-17)
(0.18047 0.0364726 2.37186e-17)
(0.173559 0.0290412 1.85523e-16)
(0.182189 0.0234724 -8.87622e-17)
(0.204434 0.0172167 -4.18295e-17)
(-0.926116 0.109884 -1.11722e-18)
(-0.949097 0.211546 -1.16359e-18)
(-0.967478 0.318861 1.21961e-18)
(-0.979547 0.428768 0)
(-0.980479 0.534349 -1.35425e-17)
(-0.966756 0.625004 -8.64787e-18)
(-0.935924 0.688506 3.08425e-17)
(-0.886753 0.712318 1.99909e-17)
(-0.818088 0.68498 0)
(-0.728492 0.597734 -1.55804e-19)
(-0.595877 0.41899 -5.10731e-17)
(-0.457647 0.171881 -7.70982e-17)
(-0.770387 0.116886 -2.24906e-18)
(-0.785384 0.20932 -1.15971e-18)
(-0.793556 0.304319 -8.46678e-18)
(-0.793485 0.397616 2.53636e-18)
(-0.78178 0.480992 8.09736e-18)
(-0.756807 0.543167 -2.90827e-17)
(-0.717717 0.57144 -1.91941e-17)
(-0.664328 0.552396 0)
(-0.595677 0.471847 0)
(-0.514566 0.316361 -3.39208e-17)
(-0.396593 0.03724 -1.82098e-17)
(-0.372612 -0.278984 -1.42089e-16)
(-0.620807 0.119661 5.66328e-19)
(-0.626026 0.20124 5.23534e-18)
(-0.622554 0.282282 9.62999e-18)
(-0.609621 0.357568 0)
(-0.585539 0.418081 -8.08082e-18)
(-0.550875 0.452337 3.78641e-17)
(-0.50727 0.447825 -1.93634e-17)
(-0.457422 0.391905 0)
(-0.404196 0.273077 0)
(-0.358652 0.0876149 0)
(-0.316427 -0.154538 0)
(-0.340272 -0.342741 1.23679e-16)
(-0.479472 0.117865 0)
(-0.474439 0.187586 -3.51469e-18)
(-0.459412 0.25392 -1.20903e-18)
(-0.434433 0.31106 2.51678e-18)
(-0.399746 0.349782 5.36823e-18)
(-0.358331 0.359111 -2.61122e-17)
(-0.314987 0.327934 6.53148e-18)
(-0.276157 0.246703 0)
(-0.249076 0.111821 -3.65568e-17)
(-0.249478 -0.0644527 3.57242e-17)
(-0.278022 -0.244769 -5.76721e-17)
(-0.336052 -0.364284 -1.04166e-16)
(-0.348355 0.111733 1.75925e-18)
(-0.333471 0.169178 5.96333e-19)
(-0.307886 0.220822 0)
(-0.272497 0.26068 -2.53017e-18)
(-0.229526 0.279902 -1.61081e-17)
(-0.184322 0.268741 -2.91006e-18)
(-0.144845 0.21849 2.97031e-20)
(-0.120732 0.1239 -2.9737e-17)
(-0.121572 -0.00999789 2.69581e-17)
(-0.161649 -0.161946 -3.45563e-17)
(-0.2328 -0.298928 7.13915e-17)
(-0.305427 -0.375007 -1.04964e-19)
(-0.229023 0.101809 -3.02969e-18)
(-0.20523 0.147045 1.83547e-18)
(-0.170465 0.184593 -1.25068e-18)
(-0.126526 0.208673 2.57477e-18)
(-0.0773892 0.21127 2.17389e-17)
(-0.0304744 0.184392 2.88947e-18)
(0.00364522 0.122142 1.93783e-17)
(0.0133558 0.0232766 5.19367e-17)
(-0.0110274 -0.100979 8.91151e-18)
(-0.0809495 -0.227934 0)
(-0.180065 -0.333871 0)
(-0.270115 -0.366253 1.0402e-16)
(-0.122493 0.0887859 -1.9092e-26)
(-0.0910126 0.122221 -3.85888e-18)
(-0.0485215 0.146619 -1.17227e-17)
(0.0022729 0.15672 0)
(0.0560263 0.145614 0)
(0.103731 0.107335 -5.97342e-18)
(0.132944 0.0386476 6.62604e-18)
(0.131172 -0.058856 -6.04356e-17)
(0.0899149 -0.170138 -4.54057e-17)
(-0.000790672 -0.273921 2.37055e-17)
(-0.120146 -0.352805 1.26879e-16)
(-0.222997 -0.34523 2.21667e-16)
(-0.0291611 0.0733724 2.09044e-18)
(0.00868628 0.0955971 7.65467e-18)
(0.0575248 0.107944 2.10543e-17)
(0.113814 0.105884 -2.29952e-17)
(0.171245 0.0837112 -2.09363e-17)
(0.219861 0.0374839 -9.53259e-18)
(0.245922 -0.0337655 7.0047e-18)
(0.236665 -0.126819 3.19657e-17)
(0.18512 -0.223935 1.16271e-16)
(0.080807 -0.305623 1.02876e-16)
(-0.0547319 -0.358157 2.77769e-19)
(-0.171966 -0.310784 4.40635e-19)
(0.0512665 0.0561803 -3.21566e-18)
(0.0941992 0.0678102 -6.40035e-18)
(0.148156 0.0691706 -1.28405e-17)
(0.208915 0.0565687 4.90752e-17)
(0.2697 0.0254376 2.71144e-17)
(0.319969 -0.0261838 3.60185e-18)
(0.345248 -0.0974426 -3.13959e-17)
(0.332642 -0.184538 0)
(0.276548 -0.266786 9.02381e-20)
(0.164335 -0.326232 -2.35812e-16)
(0.0150084 -0.351161 -2.08866e-16)
(-0.116346 -0.265912 3.71505e-17)
(0.120038 0.0379796 0)
(0.166945 0.0395959 1.04096e-17)
(0.225018 0.0308981 -1.87396e-17)
(0.289545 0.00900951 -3.37676e-17)
(0.353893 -0.0296642 -3.05761e-17)
(0.406774 -0.0850064 -1.37988e-17)
(0.433709 -0.154909 9.99809e-21)
(0.421439 -0.235352 -7.66276e-17)
(0.364893 -0.30209 -2.26489e-16)
(0.248708 -0.338262 1.62385e-16)
(0.0871065 -0.334007 0)
(-0.05828 -0.212083 -7.64387e-16)
(0.180743 0.0206839 0)
(0.230652 0.0129471 -2.55538e-17)
(0.292149 -0.00500199 2.48215e-17)
(0.360007 -0.0354219 -6.88468e-18)
(0.428484 -0.0812934 1.15976e-16)
(0.484424 -0.139769 5.4964e-17)
(0.515416 -0.209315 5.66866e-17)
(0.506004 -0.280862 1.23967e-16)
(0.449195 -0.331631 1.47793e-16)
(0.331628 -0.341233 0)
(0.168828 -0.301299 0)
(-0.000395193 -0.158355 6.17904e-16)
(0.240945 0.00769215 -1.94257e-17)
(0.29149 -0.00765308 1.51511e-16)
(0.355244 -0.0325804 5.70989e-17)
(0.425089 -0.0685144 1.20343e-16)
(0.499024 -0.118465 -1.12371e-16)
(0.555812 -0.176324 -2.66345e-17)
(0.601478 -0.241012 2.65594e-17)
(0.579438 -0.306634 -3.72973e-17)
(0.512669 -0.323082 2.91186e-17)
(0.402349 -0.305805 0)
(0.242108 -0.255925 0)
(0.0546502 -0.107448 1.69227e-15)
(-0.554794 0.274648 0)
(-0.521543 0.418844 -3.11722e-17)
(-0.544204 0.473631 4.85893e-18)
(-0.545652 0.514727 0)
(-0.523048 0.56093 0)
(-0.482158 0.616113 4.24159e-18)
(-0.425178 0.678636 6.23327e-18)
(-0.35232 0.742509 -2.0686e-18)
(-0.266638 0.801217 8.24117e-18)
(-0.172686 0.847793 0)
(-0.079126 0.881934 4.1957e-18)
(0.0169357 0.905644 1.08419e-18)
(-0.169907 0.315884 0)
(-0.35426 0.3283 0)
(-0.428669 0.361869 -2.01746e-17)
(-0.453591 0.403461 0)
(-0.444288 0.449568 -4.45301e-18)
(-0.411047 0.501799 8.65994e-18)
(-0.360538 0.558594 -2.12363e-17)
(-0.295375 0.614631 -2.09994e-18)
(-0.219461 0.664825 2.09849e-18)
(-0.137189 0.704336 8.41771e-18)
(-0.0545459 0.733383 0)
(0.0311409 0.753951 -1.08974e-18)
(0.0209772 0.343152 0)
(-0.208129 0.263399 -7.76326e-18)
(-0.325209 0.274102 3.19313e-17)
(-0.367223 0.306573 -4.77634e-18)
(-0.370596 0.349032 0)
(-0.345619 0.396834 -1.33925e-17)
(-0.302104 0.447729 3.04999e-17)
(-0.24467 0.496514 0)
(-0.177912 0.539095 0)
(-0.106044 0.571934 -7.50275e-18)
(-0.0333597 0.59541 3.2486e-18)
(0.0424849 0.610951 1.10483e-18)
(0.144553 0.352588 0)
(-0.0946716 0.209691 0)
(-0.234135 0.200242 -2.29425e-17)
(-0.288047 0.220482 5.03845e-18)
(-0.301951 0.257079 -4.8143e-18)
(-0.285367 0.300071 4.17428e-17)
(-0.249195 0.345444 -4.5018e-18)
(-0.19953 0.387851 1.11175e-17)
(-0.14149 0.42378 -1.10291e-17)
(-0.0791754 0.4504 8.81194e-18)
(-0.0158868 0.46799 -4.43128e-18)
(0.0502606 0.477385 -1.12455e-18)
(0.224295 0.34521 0)
(-0.00616166 0.159277 3.77524e-17)
(-0.153453 0.133571 2.50308e-17)
(-0.215722 0.141862 0)
(-0.237937 0.171906 -1.51623e-17)
(-0.229621 0.210677 -2.92787e-17)
(-0.201085 0.251322 -3.07827e-17)
(-0.159267 0.288402 6.9692e-18)
(-0.109665 0.318657 9.1704e-18)
(-0.0563881 0.339661 -9.12794e-18)
(-0.00219686 0.351425 0)
(0.054288 0.354287 0)
(0.272807 0.321786 0)
(0.064763 0.107908 -4.25281e-17)
(-0.0807593 0.0698133 6.9343e-18)
(-0.148713 0.067725 -5.83645e-18)
(-0.177991 0.0926111 2.16961e-17)
(-0.177603 0.127989 5.21204e-18)
(-0.157022 0.165028 1.51124e-17)
(-0.123201 0.197933 -4.17981e-17)
(-0.0818949 0.223537 2.42199e-18)
(-0.037354 0.239667 -1.19704e-18)
(0.00789628 0.246025 1.1983e-18)
(0.0547535 0.24257 0)
(0.297536 0.282345 0)
(0.122753 0.0537482 -9.85058e-17)
(-0.0138696 0.00616613 0)
(-0.0853637 -0.00365392 -2.60272e-17)
(-0.121017 0.0181174 1.79446e-17)
(-0.128459 0.0514271 3.4171e-17)
(-0.116218 0.0862149 -2.74671e-18)
(-0.0906439 0.116169 1.86228e-17)
(-0.057621 0.138203 0)
(-0.0216465 0.150307 -1.28296e-18)
(0.014759 0.151931 1.27794e-18)
(0.0520737 0.142812 0)
(0.301369 0.224883 0)
(0.169445 -0.0027697 -1.4894e-17)
(0.0487839 -0.0591565 9.17457e-18)
(-0.0242154 -0.0732365 -2.98256e-17)
(-0.0656183 -0.0525465 -5.44163e-17)
(-0.081169 -0.0195718 -1.93159e-17)
(-0.077794 0.0144267 -6.17551e-18)
(-0.0608685 0.0427129 -2.68202e-17)
(-0.0362469 0.0622941 2.90501e-18)
(-0.00877439 0.071287 -1.28066e-17)
(0.0188655 0.0690078 1.40791e-18)
(0.0467791 0.0551354 0)
(0.290557 0.155273 -2.94107e-16)
(0.204828 -0.0611672 1.48781e-16)
(0.107841 -0.127039 -7.90213e-17)
(0.0358011 -0.141642 -9.01836e-18)
(-0.0105323 -0.120198 3.28063e-17)
(-0.0345855 -0.085783 7.74854e-18)
(-0.0407492 -0.0511037 -7.40713e-18)
(-0.0330405 -0.0231369 9.30423e-22)
(-0.0171054 -0.00486523 0)
(0.0018086 0.00194147 1.33867e-17)
(0.0207469 -0.00334559 0)
(0.0394265 -0.0208933 0)
(0.263909 0.0650697 3.76309e-16)
(0.229218 -0.119819 -2.19745e-16)
(0.162956 -0.197006 1.38054e-16)
(0.0952626 -0.209788 9.75535e-17)
(0.0450202 -0.18641 1.12453e-17)
(0.012357 -0.149219 4.26022e-17)
(-0.00399541 -0.112338 -4.55809e-17)
(-0.00620561 -0.0830195 2.89276e-17)
(0.000577478 -0.0647075 4.62029e-18)
(0.0108163 -0.0591275 1.76648e-17)
(0.0210811 -0.0665433 -8.55283e-18)
(0.0307349 -0.0865365 0)
(0.217536 -0.0114952 0)
(0.240712 -0.183219 2.75094e-16)
(0.213509 -0.265997 -2.12886e-16)
(0.154354 -0.279568 4.06627e-17)
(0.102126 -0.255234 -3.95081e-17)
(0.0612248 -0.21538 -7.71674e-17)
(0.0338986 -0.174756 1.00682e-16)
(0.0206774 -0.141353 -8.68697e-18)
(0.0177008 -0.120908 0)
(0.0191077 -0.115204 -3.08223e-17)
(0.0211717 -0.123885 4.35009e-17)
(0.0223962 -0.145183 0)
(0.152586 -0.0499491 -6.94825e-16)
(0.242311 -0.218983 4.39274e-16)
(0.255259 -0.327801 4.62414e-16)
(0.215143 -0.342119 0)
(0.166331 -0.323256 -3.09073e-16)
(0.119871 -0.288022 -2.73184e-16)
(0.0790418 -0.245162 1.26477e-16)
(0.0506366 -0.204589 -2.33892e-17)
(0.0364792 -0.180484 2.37198e-17)
(0.0290459 -0.173577 0)
(0.0234739 -0.182211 1.11893e-20)
(0.0172056 -0.204434 2.09166e-17)
)
;

boundaryField
{
    rotor
    {
        type            noSlip;
    }
    stator
    {
        type            noSlip;
    }
    front
    {
        type            empty;
    }
    back
    {
        type            empty;
    }
}


// ************************************************************************* //
