/*--------------------------------*- C++ -*----------------------------------*\
| =========                 |                                                 |
| \\      /  F ield         | OpenFOAM: The Open Source CFD Toolbox           |
|  \\    /   O peration     | Version:  v1912                                 |
|   \\  /    A nd           | Website:  www.openfoam.com                      |
|    \\/     M anipulation  |                                                 |
\*---------------------------------------------------------------------------*/
FoamFile
{
    version     2.0;
    format      ascii;
    class       surfaceScalarField;
    location    "300";
    object      phi;
}
// * * * * * * * * * * * * * * * * * * * * * * * * * * * * * * * * * * * * * //

dimensions      [0 3 -1 0 0 0 0];
oriented        oriented;


internalField   nonuniform List<scalar> 
5952
(
5.40502e-06
-5.44648e-06
9.14721e-06
-3.74636e-06
1.194e-05
-2.7897e-06
1.30876e-05
-1.15055e-06
1.2124e-05
9.66622e-07
8.21578e-06
3.91561e-06
1.8923e-06
6.32651e-06
-1.09039e-05
1.28019e-05
-2.62446e-05
1.53408e-05
-3.81057e-05
1.1861e-05
-4.75729e-05
9.46656e-06
6.8908e-06
-5.44651e-05
1.9201e-06
-7.36496e-06
3.49468e-06
-5.32125e-06
2.33494e-06
-1.62917e-06
-1.42485e-06
2.60981e-06
-9.10298e-06
8.6456e-06
-2.06904e-05
1.55047e-05
-3.30062e-05
1.86432e-05
-3.9702e-05
1.9499e-05
-4.23152e-05
1.79542e-05
-4.50898e-05
1.46352e-05
-4.7487e-05
1.18634e-05
9.06109e-06
-4.96583e-05
1.06586e-07
-7.47093e-06
-1.81756e-06
-3.39674e-06
-6.51518e-06
3.06921e-06
-1.47608e-05
1.08559e-05
-2.38917e-05
1.77772e-05
-2.98618e-05
2.1476e-05
-3.33434e-05
2.21254e-05
-3.50261e-05
2.11825e-05
-3.58645e-05
1.87927e-05
-3.69771e-05
1.57476e-05
-3.79942e-05
1.28801e-05
9.96529e-06
-3.88991e-05
-3.34441e-06
-4.12583e-06
-8.14415e-06
1.40335e-06
-1.41204e-05
9.04604e-06
-1.99759e-05
1.67122e-05
-2.40729e-05
2.1875e-05
-2.62327e-05
2.36368e-05
-2.7271e-05
2.31643e-05
-2.76847e-05
2.15968e-05
-2.79431e-05
1.90511e-05
-2.83143e-05
1.61187e-05
-2.86402e-05
1.32058e-05
1.02469e-05
-2.89223e-05
-4.74293e-06
6.17701e-07
-9.93976e-06
6.60064e-06
-1.44641e-05
1.35713e-05
-1.76953e-05
1.99444e-05
-1.92693e-05
2.345e-05
-1.97195e-05
2.40881e-05
-1.96381e-05
2.30834e-05
-1.92124e-05
2.11716e-05
-1.88587e-05
1.86975e-05
-1.86866e-05
1.59465e-05
-1.86158e-05
1.31348e-05
1.0263e-05
-1.86322e-05
-4.94199e-06
5.55974e-06
-9.13932e-06
1.07992e-05
-1.20291e-05
1.64619e-05
-1.33026e-05
2.12194e-05
-1.32559e-05
2.34045e-05
-1.25374e-05
2.33704e-05
-1.15722e-05
2.21191e-05
-1.06135e-05
2.02131e-05
-9.82993e-06
1.79142e-05
-9.27658e-06
1.53931e-05
-8.90948e-06
1.27677e-05
1.00505e-05
-8.69717e-06
-4.32356e-06
9.88489e-06
-7.51379e-06
1.39902e-05
-8.95946e-06
1.79089e-05
-8.65184e-06
2.0913e-05
-7.26484e-06
2.20185e-05
-5.51225e-06
2.16189e-05
-3.78018e-06
2.03876e-05
-2.25397e-06
1.86875e-05
-1.02125e-06
1.66817e-05
-9.51829e-08
1.44672e-05
5.66827e-07
1.21057e-05
9.60834e-06
1.00897e-06
-3.86712e-06
1.37532e-05
-5.97574e-06
1.60998e-05
-5.96785e-06
1.79018e-05
-4.19025e-06
1.91362e-05
-1.56532e-06
1.93943e-05
1.17696e-06
1.88772e-05
3.68924e-06
1.78758e-05
5.82932e-06
1.65478e-05
7.55387e-06
1.49574e-05
8.8801e-06
1.31412e-05
9.86299e-06
1.11229e-05
8.91167e-06
1.05597e-05
-3.32414e-06
1.70781e-05
-4.39838e-06
1.71746e-05
-2.76896e-06
1.62729e-05
4.50862e-07
1.59168e-05
4.23688e-06
1.56087e-05
7.9141e-06
1.52004e-05
1.11776e-05
1.46127e-05
1.39204e-05
1.38054e-05
1.61328e-05
1.27453e-05
1.78573e-05
1.14169e-05
1.91655e-05
9.81485e-06
7.949e-06
2.01283e-05
-3.54571e-06
2.06252e-05
-2.10752e-06
1.57372e-05
2.07072e-06
1.20951e-05
6.84464e-06
1.11433e-05
1.16238e-05
1.083e-05
1.59869e-05
1.08378e-05
1.97515e-05
1.08485e-05
2.28783e-05
1.06788e-05
2.53989e-05
1.0225e-05
2.73783e-05
9.43772e-06
2.89044e-05
8.28895e-06
6.79646e-06
3.0057e-05
2.78056e-07
2.03497e-05
6.24361e-06
9.77274e-06
1.25654e-05
5.77399e-06
1.82686e-05
5.4406e-06
2.32535e-05
5.8456e-06
2.75037e-05
6.58802e-06
3.10633e-05
7.28929e-06
3.39862e-05
7.75634e-06
3.63415e-05
7.86995e-06
3.82022e-05
7.57723e-06
3.96595e-05
6.83192e-06
5.67034e-06
4.07858e-05
2.03648e-05
-1.46408e-08
2.87102e-05
1.42816e-06
3.39705e-05
5.14257e-07
3.81078e-05
1.30384e-06
4.13509e-05
2.60306e-06
4.40178e-05
3.92159e-06
4.62582e-05
5.04934e-06
4.81238e-05
5.89107e-06
4.96505e-05
6.34354e-06
5.08715e-05
6.35647e-06
5.18533e-05
5.8503e-06
5.26391e-05
4.88475e-06
-5.94796e-05
5.01405e-06
-6.23463e-05
2.86564e-06
-6.34919e-05
1.14574e-06
-6.28154e-05
-6.77126e-07
-6.05191e-05
-2.29589e-06
-5.64296e-05
-4.08984e-06
-5.04975e-05
-5.93159e-06
-4.25632e-05
-7.93386e-06
-3.25198e-05
-1.0043e-05
-2.05269e-05
-1.19923e-05
-8.43762e-06
-1.20881e-05
-8.43717e-06
-5.09602e-05
6.31567e-06
-5.17596e-05
3.66415e-06
-5.18198e-05
1.20597e-06
-5.12739e-05
-1.22339e-06
-4.98807e-05
-3.68885e-06
-4.75915e-05
-6.37909e-06
-4.41698e-05
-9.35282e-06
-3.94083e-05
-1.26949e-05
-3.30337e-05
-1.64169e-05
-2.48248e-05
-2.02006e-05
-1.38094e-05
-2.31026e-05
-2.22463e-05
-3.96304e-05
7.0466e-06
-4.01487e-05
4.18191e-06
-4.03103e-05
1.36744e-06
-4.00024e-05
-1.53157e-06
-3.90762e-05
-4.61489e-06
-3.74639e-05
-7.99131e-06
-3.50384e-05
-1.17779e-05
-3.16981e-05
-1.60347e-05
-2.7321e-05
-2.07934e-05
-2.13894e-05
-2.61317e-05
-1.29958e-05
-3.14955e-05
-3.52417e-05
-2.91669e-05
7.29088e-06
-2.93159e-05
4.33062e-06
-2.92611e-05
1.31244e-06
-2.89267e-05
-1.86612e-06
-2.82403e-05
-5.3012e-06
-2.71425e-05
-9.08902e-06
-2.55467e-05
-1.33734e-05
-2.33524e-05
-1.82287e-05
-2.03776e-05
-2.37678e-05
-1.61597e-05
-3.0349e-05
-9.83754e-06
-3.78169e-05
-4.50791e-05
-1.86899e-05
7.34835e-06
-1.87264e-05
4.36682e-06
-1.86777e-05
1.26358e-06
-1.84992e-05
-2.04474e-06
-1.8152e-05
-5.64828e-06
-1.75928e-05
-9.64821e-06
-1.67688e-05
-1.4197e-05
-1.5607e-05
-1.93902e-05
-1.39116e-05
-2.54625e-05
-1.15131e-05
-3.27473e-05
-7.53617e-06
-4.17936e-05
-5.26152e-05
-8.59259e-06
7.2436e-06
-8.54748e-06
4.32155e-06
-8.52097e-06
1.23696e-06
-8.48735e-06
-2.07831e-06
-8.42955e-06
-5.70605e-06
-8.33137e-06
-9.74605e-06
-8.19816e-06
-1.433e-05
-7.97925e-06
-1.96085e-05
-7.59026e-06
-2.58516e-05
-6.84384e-06
-3.34934e-05
-4.99475e-06
-4.36425e-05
-5.761e-05
1.27891e-06
6.97362e-06
1.41632e-06
4.18407e-06
1.44798e-06
1.2054e-06
1.38323e-06
-2.01349e-06
1.21643e-06
-5.53887e-06
9.29031e-07
-9.45837e-06
4.89536e-07
-1.38899e-05
-1.18783e-07
-1.90001e-05
-8.84978e-07
-2.50847e-05
-1.70714e-06
-3.2671e-05
-2.17103e-06
-4.31785e-05
-5.97807e-05
1.10243e-05
6.50909e-06
1.12944e-05
3.91406e-06
1.13888e-05
1.11118e-06
1.13043e-05
-1.92867e-06
1.1015e-05
-5.24919e-06
1.04713e-05
-8.91406e-06
9.5952e-06
-1.30132e-05
8.29272e-06
-1.76968e-05
6.45816e-06
-2.32497e-05
4.04686e-06
-3.02591e-05
1.39036e-06
-4.0521e-05
-5.83896e-05
2.08111e-05
5.82639e-06
2.12542e-05
3.47114e-06
2.14736e-05
8.9209e-07
2.14582e-05
-1.91274e-06
2.1167e-05
-4.95737e-06
2.05244e-05
-8.27075e-06
1.94021e-05
-1.18902e-05
1.76213e-05
-1.59153e-05
1.49272e-05
-2.05548e-05
1.10427e-05
-2.63732e-05
6.00469e-06
-3.54817e-05
-5.23844e-05
3.09148e-05
4.96873e-06
3.15212e-05
2.86498e-06
3.18934e-05
5.20308e-07
3.20157e-05
-2.03464e-06
3.18374e-05
-4.77832e-06
3.12655e-05
-7.69817e-06
3.01275e-05
-1.07513e-05
2.8164e-05
-1.3951e-05
2.49521e-05
-1.73416e-05
1.99694e-05
-2.13899e-05
1.23516e-05
-2.78628e-05
-4.00311e-05
4.16695e-05
4.0852e-06
4.23487e-05
2.18602e-06
4.28418e-05
2.76187e-08
4.3131e-05
-2.32335e-06
4.31581e-05
-4.80478e-06
4.28205e-05
-7.35977e-06
4.19179e-05
-9.84774e-06
4.01494e-05
-1.21815e-05
3.69407e-05
-1.41325e-05
3.15256e-05
-1.59733e-05
2.13477e-05
-1.76834e-05
-1.86828e-05
5.33269e-05
3.39752e-06
5.39348e-05
1.57835e-06
5.44776e-05
-5.14957e-07
5.49318e-05
-2.77711e-06
5.52297e-05
-5.10227e-06
5.52613e-05
-7.39076e-06
5.4822e-05
-9.40792e-06
5.36349e-05
-1.09938e-05
5.11547e-05
-1.16511e-05
4.63934e-05
-1.12123e-05
3.56108e-05
-6.89998e-06
1.6929e-05
5.44502e-06
-5.44594e-06
9.17458e-06
-3.7353e-06
1.19611e-05
-2.78637e-06
1.31076e-05
-1.15176e-06
1.21491e-05
9.58811e-07
8.24967e-06
3.90513e-06
1.93743e-06
6.31462e-06
-1.08287e-05
1.27724e-05
-2.61788e-05
1.53508e-05
-3.80553e-05
1.18773e-05
-4.75311e-05
9.47582e-06
6.90001e-06
-5.44317e-05
1.91817e-06
-7.36501e-06
3.50799e-06
-5.32696e-06
2.35782e-06
-1.63839e-06
-1.39083e-06
2.5946e-06
-9.05001e-06
8.61723e-06
-2.06297e-05
1.5486e-05
-3.29555e-05
1.8641e-05
-3.96838e-05
1.95021e-05
-4.23011e-05
1.79684e-05
-4.50727e-05
1.4649e-05
-4.74712e-05
1.18743e-05
9.07136e-06
-4.96431e-05
1.16495e-07
-7.4812e-06
-1.79483e-06
-3.41642e-06
-6.47753e-06
3.04384e-06
-1.47133e-05
1.08299e-05
-2.38583e-05
1.77623e-05
-2.98442e-05
2.14727e-05
-3.33335e-05
2.21307e-05
-3.50212e-05
2.11905e-05
-3.58586e-05
1.88058e-05
-3.69691e-05
1.57595e-05
-3.79857e-05
1.28906e-05
9.97503e-06
-3.88899e-05
-3.33467e-06
-4.14632e-06
-8.12611e-06
1.37467e-06
-1.41003e-05
9.01847e-06
-1.99629e-05
1.66927e-05
-2.40679e-05
2.18679e-05
-2.62325e-05
2.3638e-05
-2.72718e-05
2.31705e-05
-2.76854e-05
2.16048e-05
-2.79416e-05
1.9062e-05
-2.83112e-05
1.61291e-05
-2.86365e-05
1.32154e-05
1.02559e-05
-2.89177e-05
-4.73718e-06
5.90409e-07
-9.93397e-06
6.57245e-06
-1.4463e-05
1.35474e-05
-1.76993e-05
1.99301e-05
-1.9276e-05
2.34455e-05
-1.97265e-05
2.40892e-05
-1.96436e-05
2.30885e-05
-1.92166e-05
2.11779e-05
-1.88601e-05
1.87058e-05
-1.86861e-05
1.59549e-05
-1.86138e-05
1.31431e-05
1.02708e-05
-1.86292e-05
-4.94219e-06
5.53474e-06
-9.14403e-06
1.07739e-05
-1.20373e-05
1.64422e-05
-1.3314e-05
2.12077e-05
-1.32675e-05
2.34001e-05
-1.25473e-05
2.33704e-05
-1.158e-05
2.21217e-05
-1.06187e-05
2.02176e-05
-9.83292e-06
1.79201e-05
-9.27738e-06
1.53998e-05
-8.90898e-06
1.27745e-05
1.00574e-05
-8.6955e-06
-4.32898e-06
9.8649e-06
-7.52322e-06
1.39698e-05
-8.97293e-06
1.78925e-05
-8.66652e-06
2.09025e-05
-7.27818e-06
2.20132e-05
-5.52355e-06
2.16168e-05
-3.78868e-06
2.03879e-05
-2.26018e-06
1.86896e-05
-1.02506e-06
1.66855e-05
-9.72376e-08
1.44721e-05
5.66183e-07
1.21113e-05
9.61434e-06
1.00927e-06
-3.87476e-06
1.37414e-05
-5.9884e-06
1.60841e-05
-5.98342e-06
1.78885e-05
-4.20603e-06
1.9126e-05
-1.57942e-06
1.93875e-05
1.16522e-06
1.8873e-05
3.68005e-06
1.78737e-05
5.82248e-06
1.65477e-05
7.54916e-06
1.49593e-05
8.87706e-06
1.31445e-05
9.86119e-06
1.11274e-05
8.91689e-06
1.05587e-05
-3.33281e-06
1.70757e-05
-4.41093e-06
1.71632e-05
-2.78383e-06
1.62619e-05
4.35957e-07
1.59068e-05
4.2234e-06
1.56006e-05
7.90272e-06
1.51942e-05
1.11685e-05
1.46085e-05
1.39133e-05
1.38034e-05
1.61276e-05
1.27454e-05
1.78535e-05
1.14189e-05
1.91627e-05
9.81832e-06
7.95352e-06
2.01262e-05
-3.55119e-06
2.06286e-05
-2.11636e-06
1.57292e-05
2.05998e-06
1.20862e-05
6.83349e-06
1.11338e-05
1.16134e-05
1.08212e-05
1.59778e-05
1.08304e-05
1.97438e-05
1.08429e-05
2.28722e-05
1.06755e-05
2.5394e-05
1.02239e-05
2.73743e-05
9.43876e-06
2.89011e-05
8.29172e-06
6.80056e-06
3.00542e-05
2.78686e-07
2.0352e-05
6.24044e-06
9.76845e-06
1.2561e-05
5.76611e-06
1.82638e-05
5.43161e-06
2.32487e-05
5.8369e-06
2.74992e-05
6.58047e-06
3.10591e-05
7.28356e-06
3.39823e-05
7.7527e-06
3.6338e-05
7.86858e-06
3.81989e-05
7.57808e-06
3.96563e-05
6.83457e-06
5.67439e-06
4.07827e-05
2.03681e-05
-1.49301e-08
2.87144e-05
1.42292e-06
3.39739e-05
5.07587e-07
3.81099e-05
1.29618e-06
4.13518e-05
2.59552e-06
4.40177e-05
3.91506e-06
4.62574e-05
5.04445e-06
4.81224e-05
5.88816e-06
4.96485e-05
6.34283e-06
5.0869e-05
6.35786e-06
5.18504e-05
5.85345e-06
5.26358e-05
4.88914e-06
-5.94516e-05
5.0201e-06
-6.23232e-05
2.87107e-06
-6.3473e-05
1.15012e-06
-6.27998e-05
-6.73572e-07
-6.05064e-05
-2.29301e-06
-5.64192e-05
-4.08746e-06
-5.04891e-05
-5.92971e-06
-4.25565e-05
-7.93241e-06
-3.25143e-05
-1.00419e-05
-2.05224e-05
-1.19916e-05
-8.43444e-06
-1.20873e-05
-8.43423e-06
-5.09469e-05
6.32378e-06
-5.17476e-05
3.67115e-06
-5.1809e-05
1.21166e-06
-5.12643e-05
-1.21862e-06
-4.98724e-05
-3.68478e-06
-4.75844e-05
-6.37559e-06
-4.41639e-05
-9.34986e-06
-3.94037e-05
-1.26924e-05
-3.30304e-05
-1.64149e-05
-2.48227e-05
-2.0199e-05
-1.38088e-05
-2.31008e-05
-2.22429e-05
-3.96216e-05
7.05512e-06
-4.01402e-05
4.18929e-06
-4.03024e-05
1.37376e-06
-3.99953e-05
-1.52606e-06
-3.907e-05
-4.61011e-06
-3.74586e-05
-7.98712e-06
-3.5034e-05
-1.17743e-05
-3.16946e-05
-1.60316e-05
-2.73187e-05
-2.07907e-05
-2.13882e-05
-2.61293e-05
-1.29957e-05
-3.1493e-05
-3.52384e-05
-2.91617e-05
7.29877e-06
-2.93103e-05
4.3376e-06
-2.92555e-05
1.31869e-06
-2.89213e-05
-1.86048e-06
-2.82354e-05
-5.29608e-06
-2.71382e-05
-9.08439e-06
-2.55432e-05
-1.33693e-05
-2.33497e-05
-1.8225e-05
-2.03757e-05
-2.37645e-05
-1.61586e-05
-3.03462e-05
-9.83706e-06
-3.78141e-05
-4.50755e-05
-1.86862e-05
7.35557e-06
-1.87223e-05
4.37344e-06
-1.86735e-05
1.26971e-06
-1.84951e-05
-2.03899e-06
-1.81484e-05
-5.64297e-06
-1.75895e-05
-9.64318e-06
-1.67663e-05
-1.41925e-05
-1.5605e-05
-1.9386e-05
-1.39104e-05
-2.54589e-05
-1.15124e-05
-3.27437e-05
-7.53642e-06
-4.17905e-05
-5.26118e-05
-8.59031e-06
7.2502e-06
-8.54486e-06
4.32788e-06
-8.5182e-06
1.24305e-06
-8.48474e-06
-2.07254e-06
-8.42705e-06
-5.70045e-06
-8.32938e-06
-9.74084e-06
-8.19649e-06
-1.4325e-05
-7.97824e-06
-1.96041e-05
-7.58938e-06
-2.58473e-05
-6.84392e-06
-3.34899e-05
-4.99473e-06
-4.36391e-05
-5.76069e-05
1.2798e-06
6.97973e-06
1.41759e-06
4.19019e-06
1.44934e-06
1.21141e-06
1.38467e-06
-2.00756e-06
1.21764e-06
-5.53319e-06
9.30108e-07
-9.45286e-06
4.90214e-07
-1.38848e-05
-1.18204e-07
-1.89952e-05
-8.85066e-07
-2.50805e-05
-1.70721e-06
-3.2667e-05
-2.17171e-06
-4.31753e-05
-5.97783e-05
1.10239e-05
6.51476e-06
1.12943e-05
3.91992e-06
1.13889e-05
1.11713e-06
1.13045e-05
-1.9228e-06
1.10153e-05
-5.2434e-06
1.04714e-05
-8.90853e-06
9.59524e-06
-1.3008e-05
8.29255e-06
-1.7692e-05
6.45802e-06
-2.32452e-05
4.04627e-06
-3.02552e-05
1.38983e-06
-4.0518e-05
-5.83877e-05
2.08096e-05
5.83162e-06
2.1253e-05
3.47674e-06
2.14727e-05
8.97889e-07
2.14574e-05
-1.90696e-06
2.11663e-05
-4.95167e-06
2.05238e-05
-8.2653e-06
1.94015e-05
-1.18849e-05
1.76209e-05
-1.59104e-05
1.49266e-05
-2.05502e-05
1.10418e-05
-2.63694e-05
6.00418e-06
-3.54784e-05
-5.2383e-05
3.09124e-05
4.97363e-06
3.15191e-05
2.87039e-06
3.18915e-05
5.25883e-07
3.20142e-05
-2.02901e-06
3.1836e-05
-4.77289e-06
3.12644e-05
-7.69291e-06
3.01266e-05
-1.07463e-05
2.81633e-05
-1.39463e-05
2.49513e-05
-1.73372e-05
1.99689e-05
-2.13855e-05
1.23509e-05
-2.78601e-05
-4.00297e-05
4.16665e-05
4.09003e-06
4.2346e-05
2.19132e-06
4.28393e-05
3.30227e-08
4.31289e-05
-2.31799e-06
4.31563e-05
-4.79967e-06
4.28191e-05
-7.3549e-06
4.19168e-05
-9.84319e-06
4.01487e-05
-1.21771e-05
3.69404e-05
-1.4128e-05
3.15249e-05
-1.59696e-05
2.13477e-05
-1.76799e-05
-1.86814e-05
5.33236e-05
3.40258e-06
5.39315e-05
1.58361e-06
5.44747e-05
-5.0972e-07
5.49292e-05
-2.77216e-06
5.52276e-05
-5.09762e-06
5.52597e-05
-7.38652e-06
5.48211e-05
-9.40392e-06
5.36345e-05
-1.099e-05
5.11544e-05
-1.16474e-05
4.63937e-05
-1.12079e-05
3.56107e-05
-6.89712e-06
1.6931e-05
5.44276e-06
-5.44231e-06
9.16807e-06
-3.73014e-06
1.19509e-05
-2.78087e-06
1.30912e-05
-1.14446e-06
1.21231e-05
9.71497e-07
8.20962e-06
3.92101e-06
1.88569e-06
6.32906e-06
-1.09128e-05
1.28054e-05
-2.6247e-05
1.53356e-05
-3.81022e-05
1.18559e-05
-4.75658e-05
9.46361e-06
6.88847e-06
-5.44551e-05
1.91429e-06
-7.35617e-06
3.49387e-06
-5.31097e-06
2.3338e-06
-1.62129e-06
-1.42691e-06
2.61546e-06
-9.10595e-06
8.6511e-06
-2.06914e-05
1.55082e-05
-3.30032e-05
1.8642e-05
-3.96919e-05
1.94956e-05
-4.23044e-05
1.79487e-05
-4.50792e-05
1.46307e-05
-4.74759e-05
1.18601e-05
9.0586e-06
-4.96467e-05
1.0768e-07
-7.46396e-06
-1.81563e-06
-3.38828e-06
-6.5142e-06
3.07718e-06
-1.47615e-05
1.08626e-05
-2.38904e-05
1.77805e-05
-2.98561e-05
2.14748e-05
-3.33351e-05
2.21217e-05
-3.50164e-05
2.11778e-05
-3.58547e-05
1.87872e-05
-3.69672e-05
1.57432e-05
-3.79842e-05
1.28769e-05
9.96306e-06
-3.88892e-05
-3.34303e-06
-4.1214e-06
-8.14348e-06
1.41154e-06
-1.412e-05
9.0538e-06
-1.99738e-05
1.67168e-05
-2.40677e-05
2.1875e-05
-2.62256e-05
2.36336e-05
-2.72626e-05
2.31595e-05
-2.76757e-05
2.15916e-05
-2.79343e-05
1.9046e-05
-2.83056e-05
1.61146e-05
-2.86317e-05
1.32029e-05
1.0245e-05
-2.8914e-05
-4.74391e-06
6.216e-07
-9.94018e-06
6.60753e-06
-1.4463e-05
1.35771e-05
-1.76918e-05
1.99463e-05
-1.92638e-05
2.34478e-05
-1.97129e-05
2.40837e-05
-1.96309e-05
2.30782e-05
-1.92052e-05
2.11666e-05
-1.88518e-05
1.8693e-05
-1.868e-05
1.5943e-05
-1.86095e-05
1.31323e-05
1.02616e-05
-1.86261e-05
-4.94293e-06
5.56357e-06
-9.13949e-06
1.08047e-05
-1.20274e-05
1.64656e-05
-1.3299e-05
2.12191e-05
-1.32512e-05
2.34011e-05
-1.25321e-05
2.33656e-05
-1.1567e-05
2.21141e-05
-1.06084e-05
2.02086e-05
-9.82517e-06
1.79104e-05
-9.27203e-06
1.53902e-05
-8.90513e-06
1.27657e-05
1.00495e-05
-8.69298e-06
-4.32415e-06
9.88854e-06
-7.51338e-06
1.39942e-05
-8.95737e-06
1.79107e-05
-8.6486e-06
2.09114e-05
-7.26108e-06
2.20146e-05
-5.50857e-06
2.16141e-05
-3.7767e-06
2.0383e-05
-2.25074e-06
1.86835e-05
-1.01827e-06
1.66784e-05
-9.23873e-08
1.44648e-05
5.69471e-07
1.21041e-05
9.60769e-06
1.0115e-06
-3.86711e-06
1.37563e-05
-5.97448e-06
1.61024e-05
-5.96526e-06
1.79021e-05
-4.18713e-06
1.9134e-05
-1.5624e-06
1.93904e-05
1.17953e-06
1.88728e-05
3.69147e-06
1.78716e-05
5.83127e-06
1.65442e-05
7.55557e-06
1.49546e-05
8.88162e-06
1.31392e-05
9.86436e-06
1.11218e-05
8.91137e-06
1.0561e-05
-3.32338e-06
1.70803e-05
-4.39638e-06
1.71759e-05
-2.76602e-06
1.62721e-05
4.53931e-07
1.59143e-05
4.23955e-06
1.56051e-05
7.91629e-06
1.51963e-05
1.11794e-05
1.46088e-05
1.39218e-05
1.38022e-05
1.61339e-05
1.27428e-05
1.78581e-05
1.14154e-05
1.91661e-05
9.81414e-06
7.94907e-06
2.01287e-05
-3.54446e-06
2.0626e-05
-2.10515e-06
1.57371e-05
2.07385e-06
1.20935e-05
6.84789e-06
1.11405e-05
1.16267e-05
1.08264e-05
1.59892e-05
1.0834e-05
1.97533e-05
1.0845e-05
2.28796e-05
1.0676e-05
2.53998e-05
1.02231e-05
2.73787e-05
9.43669e-06
2.89045e-05
8.28876e-06
6.79699e-06
3.00568e-05
2.79121e-07
2.03491e-05
6.24628e-06
9.77089e-06
1.25687e-05
5.77155e-06
1.82721e-05
5.4374e-06
2.32567e-05
5.8422e-06
2.75063e-05
6.58461e-06
3.10652e-05
7.28636e-06
3.39874e-05
7.75413e-06
3.63421e-05
7.86866e-06
3.82023e-05
7.57684e-06
3.96591e-05
6.83235e-06
5.67141e-06
4.0785e-05
2.03659e-05
-1.59141e-08
2.8713e-05
1.42463e-06
3.39737e-05
5.1121e-07
3.81109e-05
1.30059e-06
4.13536e-05
2.59984e-06
4.40198e-05
3.91864e-06
4.62595e-05
5.04697e-06
4.81244e-05
5.88954e-06
4.96504e-05
6.34295e-06
5.08708e-05
6.35678e-06
5.18521e-05
5.85136e-06
5.26375e-05
4.88634e-06
-5.94681e-05
5.01284e-06
-6.23339e-05
2.86502e-06
-6.34794e-05
1.14556e-06
-6.28031e-05
-6.76787e-07
-6.05075e-05
-2.29537e-06
-5.64189e-05
-4.08891e-06
-5.04881e-05
-5.93059e-06
-4.25553e-05
-7.93253e-06
-3.25136e-05
-1.00416e-05
-2.05227e-05
-1.19906e-05
-8.43581e-06
-1.20863e-05
-8.4356e-06
-5.09485e-05
6.31438e-06
-5.17478e-05
3.66363e-06
-5.18084e-05
1.20612e-06
-5.12629e-05
-1.22267e-06
-4.98706e-05
-3.68765e-06
-4.75822e-05
-6.37743e-06
-4.41617e-05
-9.35076e-06
-3.94015e-05
-1.26924e-05
-3.30286e-05
-1.64141e-05
-2.48214e-05
-2.01975e-05
-1.38079e-05
-2.30994e-05
-2.22433e-05
-3.96205e-05
7.04541e-06
-4.0139e-05
4.18159e-06
-4.03009e-05
1.3679e-06
-3.99935e-05
-1.53038e-06
-3.90681e-05
-4.61306e-06
-3.74567e-05
-7.98888e-06
-3.50322e-05
-1.1775e-05
-3.1693e-05
-1.60314e-05
-2.73171e-05
-2.07897e-05
-2.13867e-05
-2.61277e-05
-1.29943e-05
-3.14912e-05
-3.52374e-05
-2.91588e-05
7.29003e-06
-2.93082e-05
4.33067e-06
-2.92538e-05
1.31329e-06
-2.89198e-05
-1.86451e-06
-2.8234e-05
-5.29888e-06
-2.71369e-05
-9.08603e-06
-2.55419e-05
-1.33698e-05
-2.33484e-05
-1.82246e-05
-2.03746e-05
-2.37632e-05
-1.61577e-05
-3.03441e-05
-9.83652e-06
-3.78118e-05
-4.50738e-05
-1.8684e-05
7.34784e-06
-1.87207e-05
4.36718e-06
-1.86723e-05
1.26473e-06
-1.8494e-05
-2.04283e-06
-1.81473e-05
-5.64565e-06
-1.75884e-05
-9.64485e-06
-1.6765e-05
-1.4193e-05
-1.56038e-05
-1.93856e-05
-1.39092e-05
-2.54573e-05
-1.15114e-05
-3.27416e-05
-7.53546e-06
-4.17877e-05
-5.26092e-05
-8.58855e-06
7.24344e-06
-8.54358e-06
4.32219e-06
-8.51722e-06
1.23835e-06
-8.48376e-06
-2.07621e-06
-8.42612e-06
-5.70322e-06
-8.32818e-06
-9.74249e-06
-8.19526e-06
-1.43257e-05
-7.97683e-06
-1.96035e-05
-7.58844e-06
-2.58459e-05
-6.84267e-06
-3.34872e-05
-4.9942e-06
-4.36361e-05
-5.76036e-05
1.28133e-06
6.97377e-06
1.41866e-06
4.18496e-06
1.45026e-06
1.20696e-06
1.38549e-06
-2.01128e-06
1.21866e-06
-5.53599e-06
9.31225e-07
-9.45474e-06
4.91597e-07
-1.38855e-05
-1.16987e-07
-1.89948e-05
-8.83613e-07
-2.50786e-05
-1.70631e-06
-3.26644e-05
-2.1706e-06
-4.31718e-05
-5.97739e-05
1.10254e-05
6.50953e-06
1.12955e-05
3.91515e-06
1.13898e-05
1.11285e-06
1.13054e-05
-1.92644e-06
1.10162e-05
-5.24637e-06
1.04726e-05
-8.91054e-06
9.59655e-06
-1.30089e-05
8.294e-06
-1.76915e-05
6.4592e-06
-2.32434e-05
4.0475e-06
-3.02522e-05
1.39064e-06
-4.0514e-05
-5.83826e-05
2.08114e-05
5.82712e-06
2.12544e-05
3.47245e-06
2.14737e-05
8.93878e-07
2.14583e-05
-1.91052e-06
2.11672e-05
-4.95468e-06
2.05249e-05
-8.26743e-06
1.94028e-05
-1.1886e-05
1.76221e-05
-1.59101e-05
1.4928e-05
-2.05485e-05
1.10432e-05
-2.63661e-05
6.00488e-06
-3.54745e-05
-5.23772e-05
3.09144e-05
4.96983e-06
3.15206e-05
2.86654e-06
3.18927e-05
5.2223e-07
3.20151e-05
-2.03242e-06
3.18369e-05
-4.77578e-06
3.12653e-05
-7.69511e-06
3.01276e-05
-1.07474e-05
2.81643e-05
-1.3946e-05
2.49525e-05
-1.73355e-05
1.99698e-05
-2.13828e-05
1.23517e-05
-2.78553e-05
-4.00238e-05
4.16685e-05
4.08668e-06
4.23475e-05
2.18782e-06
4.28405e-05
2.96524e-08
4.31298e-05
-2.32115e-06
4.31571e-05
-4.80237e-06
4.28197e-05
-7.35693e-06
4.19173e-05
-9.84416e-06
4.0149e-05
-1.21768e-05
3.69406e-05
-1.41266e-05
3.15257e-05
-1.59664e-05
2.13477e-05
-1.76759e-05
-1.86756e-05
5.33251e-05
3.39933e-06
5.39329e-05
1.5803e-06
5.44758e-05
-5.12932e-07
5.49301e-05
-2.77503e-06
5.52282e-05
-5.10004e-06
5.52599e-05
-7.38809e-06
5.48208e-05
-9.40447e-06
5.36337e-05
-1.09892e-05
5.11536e-05
-1.16454e-05
4.63926e-05
-1.12056e-05
3.56103e-05
-6.89286e-06
1.69357e-05
5.44562e-06
-5.44638e-06
9.17563e-06
-3.73567e-06
1.19622e-05
-2.78632e-06
1.31086e-05
-1.15161e-06
1.21501e-05
9.58908e-07
8.24945e-06
3.90653e-06
1.93444e-06
6.31749e-06
-1.08369e-05
1.27776e-05
-2.61894e-05
1.53532e-05
-3.80667e-05
1.18782e-05
-4.75433e-05
9.47671e-06
6.90022e-06
-5.44441e-05
1.91891e-06
-7.36606e-06
3.50993e-06
-5.32838e-06
2.36025e-06
-1.6387e-06
-1.38903e-06
2.59551e-06
-9.05052e-06
8.61971e-06
-2.06334e-05
1.54906e-05
-3.29619e-05
1.86467e-05
-3.96902e-05
1.95072e-05
-4.23084e-05
1.79718e-05
-4.50813e-05
1.46511e-05
-4.74803e-05
1.18757e-05
9.07199e-06
-4.96527e-05
1.18175e-07
-7.48383e-06
-1.79177e-06
-3.41912e-06
-6.47387e-06
3.04301e-06
-1.4711e-05
1.08322e-05
-2.38595e-05
1.77684e-05
-2.98486e-05
2.14804e-05
-3.33393e-05
2.21379e-05
-3.50276e-05
2.11963e-05
-3.58655e-05
1.88098e-05
-3.69767e-05
1.57623e-05
-3.79936e-05
1.28924e-05
9.97586e-06
-3.8898e-05
-3.33301e-06
-4.15049e-06
-8.12357e-06
1.37116e-06
-1.40988e-05
9.01874e-06
-1.99642e-05
1.66978e-05
-2.40717e-05
2.18766e-05
-2.62374e-05
2.36469e-05
-2.72773e-05
2.31782e-05
-2.76914e-05
2.1611e-05
-2.79481e-05
1.90664e-05
-2.8318e-05
1.61322e-05
-2.86433e-05
1.32173e-05
1.02567e-05
-2.89245e-05
-4.73589e-06
5.8509e-07
-9.93328e-06
6.56961e-06
-1.44639e-05
1.35493e-05
-1.77021e-05
1.99372e-05
-1.92799e-05
2.34553e-05
-1.9731e-05
2.40987e-05
-1.96485e-05
2.30967e-05
-1.92216e-05
2.11844e-05
-1.88653e-05
1.87106e-05
-1.86915e-05
1.59581e-05
-1.86192e-05
1.3145e-05
1.02716e-05
-1.86345e-05
-4.94191e-06
5.52927e-06
-9.14444e-06
1.07719e-05
-1.20388e-05
1.64453e-05
-1.33165e-05
2.12159e-05
-1.32705e-05
2.34104e-05
-1.25505e-05
2.33803e-05
-1.15834e-05
2.213e-05
-1.06222e-05
2.02242e-05
-9.83662e-06
1.7925e-05
-9.28117e-06
1.54031e-05
-8.91278e-06
1.27765e-05
1.00581e-05
-8.69923e-06
-4.32931e-06
9.85985e-06
-7.52419e-06
1.39684e-05
-8.97455e-06
1.78963e-05
-8.66828e-06
2.09109e-05
-7.27981e-06
2.20234e-05
-5.52508e-06
2.16265e-05
-3.79025e-06
2.03963e-05
-2.26189e-06
1.86964e-05
-1.02692e-06
1.66906e-05
-9.92163e-08
1.44756e-05
5.64156e-07
1.21133e-05
9.61507e-06
1.00726e-06
-3.87529e-06
1.37369e-05
-5.98973e-06
1.60836e-05
-5.98504e-06
1.78926e-05
-4.20706e-06
1.91338e-05
-1.5797e-06
1.93969e-05
1.16537e-06
1.88823e-05
3.68029e-06
1.78821e-05
5.82262e-06
1.65547e-05
7.54912e-06
1.49646e-05
8.87685e-06
1.31482e-05
9.86088e-06
1.11295e-05
8.91767e-06
1.05584e-05
-3.33419e-06
1.70727e-05
-4.413e-06
1.71635e-05
-2.78564e-06
1.62657e-05
4.35213e-07
1.59136e-05
4.22372e-06
1.5609e-05
7.9037e-06
1.52029e-05
1.11697e-05
1.46166e-05
1.39146e-05
1.38103e-05
1.61287e-05
1.27508e-05
1.78546e-05
1.14227e-05
1.91637e-05
9.82057e-06
7.95433e-06
2.01272e-05
-3.55319e-06
2.06277e-05
-2.119e-06
1.57301e-05
2.05763e-06
1.20898e-05
6.83208e-06
1.11397e-05
1.1613e-05
1.08286e-05
1.59781e-05
1.08384e-05
1.97446e-05
1.08506e-05
2.28732e-05
1.06822e-05
2.53952e-05
1.02292e-05
2.73757e-05
9.44246e-06
2.89026e-05
8.29383e-06
6.80121e-06
3.0056e-05
2.77213e-07
2.03526e-05
6.23742e-06
9.77092e-06
1.25576e-05
5.7702e-06
1.82606e-05
5.43733e-06
2.3246e-05
5.84386e-06
2.74972e-05
6.58781e-06
3.10578e-05
7.29056e-06
3.39817e-05
7.75877e-06
3.6338e-05
7.87329e-06
3.81996e-05
7.5812e-06
3.96575e-05
6.83614e-06
5.67455e-06
4.07844e-05
2.03644e-05
-1.06665e-08
2.87087e-05
1.42743e-06
3.39672e-05
5.12677e-07
3.8103e-05
1.30217e-06
4.13453e-05
2.60205e-06
4.40121e-05
3.92158e-06
4.62528e-05
5.05045e-06
4.81189e-05
5.89312e-06
4.96462e-05
6.34641e-06
5.08679e-05
6.35983e-06
5.18504e-05
5.85395e-06
5.26368e-05
4.88833e-06
-5.94641e-05
5.02017e-06
-6.23354e-05
2.87073e-06
-6.34846e-05
1.14961e-06
-6.28107e-05
-6.74253e-07
-6.05165e-05
-2.29383e-06
-5.64283e-05
-4.08844e-06
-5.04972e-05
-5.93074e-06
-4.25634e-05
-7.93357e-06
-3.25199e-05
-1.00432e-05
-2.05266e-05
-1.19929e-05
-8.43706e-06
-1.20889e-05
-8.43683e-06
-5.09564e-05
6.32387e-06
-5.1757e-05
3.67072e-06
-5.18181e-05
1.21087e-06
-5.1273e-05
-1.21974e-06
-4.98804e-05
-3.68622e-06
-4.75916e-05
-6.37732e-06
-4.41703e-05
-9.35185e-06
-3.9409e-05
-1.26946e-05
-3.30345e-05
-1.64174e-05
-2.48256e-05
-2.02015e-05
-1.38103e-05
-2.31038e-05
-2.22469e-05
-3.96296e-05
7.0552e-06
-4.01481e-05
4.1887e-06
-4.031e-05
1.37263e-06
-4.00023e-05
-1.5277e-06
-3.90763e-05
-4.61221e-06
-3.74642e-05
-7.98961e-06
-3.50387e-05
-1.17771e-05
-3.16984e-05
-1.60346e-05
-2.73215e-05
-2.07941e-05
-2.139e-05
-2.61329e-05
-1.29964e-05
-3.1497e-05
-3.52432e-05
-2.91684e-05
7.29871e-06
-2.93168e-05
4.33677e-06
-2.92615e-05
1.31719e-06
-2.89269e-05
-1.8626e-06
-2.82404e-05
-5.29874e-06
-2.71426e-05
-9.08751e-06
-2.55468e-05
-1.33728e-05
-2.33526e-05
-1.82288e-05
-2.03779e-05
-2.37686e-05
-1.61601e-05
-3.03505e-05
-9.83787e-06
-3.78187e-05
-4.50811e-05
-1.86914e-05
7.35537e-06
-1.87272e-05
4.37237e-06
-1.86781e-05
1.26788e-06
-1.84993e-05
-2.04149e-06
-1.81522e-05
-5.64607e-06
-1.75928e-05
-9.64678e-06
-1.6769e-05
-1.41966e-05
-1.56071e-05
-1.93904e-05
-1.3912e-05
-2.54636e-05
-1.15133e-05
-3.27487e-05
-7.53666e-06
-4.17957e-05
-5.26175e-05
-8.5939e-06
7.24987e-06
-8.54823e-06
4.32661e-06
-8.52131e-06
1.24096e-06
-8.48753e-06
-2.07535e-06
-8.42949e-06
-5.70388e-06
-8.33143e-06
-9.7448e-06
-8.19815e-06
-1.43294e-05
-7.97945e-06
-1.96088e-05
-7.59016e-06
-2.58524e-05
-6.84429e-06
-3.34951e-05
-4.99483e-06
-4.36445e-05
-5.76126e-05
1.27789e-06
6.97932e-06
1.41582e-06
4.18879e-06
1.44776e-06
1.20914e-06
1.38331e-06
-2.01058e-06
1.21652e-06
-5.53685e-06
9.29251e-07
-9.45705e-06
4.89627e-07
-1.38894e-05
-1.18515e-07
-1.90002e-05
-8.85093e-07
-2.50857e-05
-1.70702e-06
-3.26723e-05
-2.17141e-06
-4.31807e-05
-5.97837e-05
1.10236e-05
6.51433e-06
1.12941e-05
3.91845e-06
1.13888e-05
1.11477e-06
1.13045e-05
-1.92592e-06
1.10154e-05
-5.24717e-06
1.04717e-05
-8.91284e-06
9.59567e-06
-1.30127e-05
8.29311e-06
-1.7697e-05
6.45867e-06
-2.32505e-05
4.04697e-06
-3.02605e-05
1.39039e-06
-4.05231e-05
-5.83923e-05
2.08106e-05
5.83118e-06
2.12541e-05
3.47523e-06
2.14738e-05
8.95467e-07
2.14586e-05
-1.91015e-06
2.11676e-05
-4.95549e-06
2.05251e-05
-8.26963e-06
1.94029e-05
-1.18896e-05
1.76222e-05
-1.59154e-05
1.4928e-05
-2.05554e-05
1.10431e-05
-2.63745e-05
6.00513e-06
-3.5483e-05
-5.23867e-05
3.09143e-05
4.97304e-06
3.15211e-05
2.86875e-06
3.18937e-05
5.23354e-07
3.20164e-05
-2.03227e-06
3.18383e-05
-4.77673e-06
3.12667e-05
-7.69721e-06
3.01288e-05
-1.07509e-05
2.81655e-05
-1.39511e-05
2.49533e-05
-1.73422e-05
1.99706e-05
-2.13903e-05
1.23521e-05
-2.78641e-05
-4.0032e-05
4.16687e-05
4.08902e-06
4.23485e-05
2.18934e-06
4.28421e-05
3.02471e-08
4.31318e-05
-2.3214e-06
4.31593e-05
-4.80357e-06
4.28221e-05
-7.35917e-06
4.19197e-05
-9.84771e-06
4.01514e-05
-1.21818e-05
3.69428e-05
-1.41327e-05
3.15269e-05
-1.59739e-05
2.13492e-05
-1.76832e-05
-1.86818e-05
5.33254e-05
3.40076e-06
5.3934e-05
1.581e-06
5.44776e-05
-5.12962e-07
5.49324e-05
-2.77586e-06
5.5231e-05
-5.10165e-06
5.52632e-05
-7.39079e-06
5.48244e-05
-9.4083e-06
5.36376e-05
-1.09944e-05
5.11571e-05
-1.16517e-05
4.6396e-05
-1.12117e-05
3.56124e-05
-6.89959e-06
1.69322e-05
6.7586e-05
4.0121e-06
-7.16111e-05
6.6766e-05
2.2488e-06
6.51868e-05
2.09411e-06
6.42879e-05
2.20332e-06
6.3984e-05
2.90751e-06
6.40495e-05
3.85666e-06
6.42997e-05
4.79969e-06
6.46009e-05
5.59027e-06
6.48793e-05
6.06554e-06
6.51002e-05
6.13595e-06
6.52994e-05
5.65138e-06
4.69177e-06
6.54926e-05
8.68996e-05
3.21204e-06
-8.60997e-05
8.64325e-05
2.71627e-06
8.55824e-05
2.94449e-06
8.45409e-05
3.24519e-06
8.35575e-05
3.89129e-06
8.26709e-05
4.74372e-06
8.1858e-05
5.61293e-06
8.10884e-05
6.36022e-06
8.03495e-05
6.80468e-06
7.96537e-05
6.83198e-06
7.90787e-05
6.22671e-06
5.09469e-06
7.86759e-05
0.000100235
2.38632e-06
-9.9409e-05
0.000100385
2.56738e-06
0.000100184
3.1458e-06
9.96428e-05
3.78634e-06
9.88607e-05
4.6738e-06
9.78905e-05
5.71448e-06
9.67687e-05
6.73513e-06
9.55409e-05
7.58851e-06
9.42692e-05
8.07686e-06
9.30546e-05
8.04701e-06
9.20431e-05
7.2384e-06
5.72781e-06
9.14101e-05
0.000112076
-0.0001117
2.01027e-06
0.000112164
2.47914e-06
0.000111985
3.32535e-06
0.000111498
4.27318e-06
0.000110714
5.45847e-06
0.000109665
6.76302e-06
0.000108405
7.99607e-06
0.000107022
8.9711e-06
0.000105642
9.45719e-06
0.000104456
9.23388e-06
0.000103666
8.02802e-06
0.000103718
5.67642e-06
6.58162e-05
3.07404e-06
6.62576e-05
1.13718e-06
6.6823e-05
-1.08014e-06
6.74678e-05
-3.42163e-06
6.81005e-05
-5.73472e-06
6.85889e-05
-7.87887e-06
6.8739e-05
-9.55763e-06
6.8332e-05
-1.05863e-05
6.71318e-05
-1.04511e-05
6.4859e-05
-8.93857e-06
6.3052e-05
-5.09284e-06
8.37342e-06
7.16076e-05
7.86945e-05
3.0556e-06
7.90687e-05
7.63019e-07
7.97839e-05
-1.79533e-06
8.07432e-05
-4.38087e-06
8.18074e-05
-6.79896e-06
8.27922e-05
-8.86358e-06
8.34914e-05
-1.02568e-05
8.36713e-05
-1.07663e-05
8.32529e-05
-1.00324e-05
8.20752e-05
-7.76156e-06
8.16448e-05
-4.66255e-06
3.92216e-06
8.60962e-05
9.15666e-05
2.89931e-06
9.22734e-05
5.64966e-08
9.34602e-05
-2.98203e-06
9.49272e-05
-5.84786e-06
9.64739e-05
-8.34573e-06
9.78569e-05
-1.02467e-05
9.88656e-05
-1.12656e-05
9.92611e-05
-1.11619e-05
9.90339e-05
-9.80562e-06
9.81566e-05
-6.88417e-06
9.74265e-05
-3.93275e-06
1.94186e-06
9.94067e-05
0.000104966
1.65095e-06
0.000106573
-1.54979e-06
0.000108494
-4.90304e-06
0.000110419
-7.77396e-06
0.000112144
-1.00702e-05
0.000113443
-1.1546e-05
0.000114172
-1.19948e-05
0.000114193
-1.11833e-05
0.000113574
-9.187e-06
0.000112515
-5.82563e-06
0.000111278
-2.69627e-06
0.0001117
1.51969e-06
6.7585e-05
4.00798e-06
6.67664e-05
2.24194e-06
6.51882e-05
2.08598e-06
6.42896e-05
2.19541e-06
6.39855e-05
2.90022e-06
6.40505e-05
3.85076e-06
6.42999e-05
4.79563e-06
6.46003e-05
5.58835e-06
6.48778e-05
6.06584e-06
6.50978e-05
6.1383e-06
6.52961e-05
5.65535e-06
4.69679e-06
6.54888e-05
8.68971e-05
3.20743e-06
8.64308e-05
2.70856e-06
8.55817e-05
2.9359e-06
8.45408e-05
3.23668e-06
8.35576e-05
3.88387e-06
8.26707e-05
4.73808e-06
8.18573e-05
5.60951e-06
8.10869e-05
6.35919e-06
8.03472e-05
6.80595e-06
7.96504e-05
6.83534e-06
7.90745e-05
6.23152e-06
5.10044e-06
7.86712e-05
0.000100233
2.38084e-06
0.000100383
2.55912e-06
0.000100182
3.1363e-06
9.96421e-05
3.7776e-06
9.88599e-05
4.66651e-06
9.78892e-05
5.70928e-06
9.67668e-05
6.73247e-06
9.55382e-05
7.58839e-06
9.42655e-05
8.07914e-06
9.305e-05
8.05136e-06
9.20376e-05
7.2441e-06
5.73417e-06
9.14041e-05
0.000112076
2.0047e-06
0.000112164
2.47083e-06
0.000111985
3.31642e-06
0.000111498
4.26494e-06
0.000110713
5.45184e-06
0.000109664
6.75874e-06
0.000108402
7.9944e-06
0.000107019
8.97209e-06
0.000105637
9.46061e-06
0.00010445
9.23931e-06
0.000103659
8.0347e-06
0.000103711
5.683e-06
6.58123e-05
3.07939e-06
6.62538e-05
1.14241e-06
6.68196e-05
-1.07522e-06
6.74649e-05
-3.41722e-06
6.80983e-05
-5.73079e-06
6.85875e-05
-7.8754e-06
6.87383e-05
-9.55441e-06
6.83318e-05
-1.05832e-05
6.71324e-05
-1.04476e-05
6.48594e-05
-8.93533e-06
6.30527e-05
-5.08918e-06
8.37565e-06
7.16075e-05
7.86896e-05
3.06112e-06
7.90642e-05
7.68015e-07
7.97801e-05
-1.79103e-06
8.07402e-05
-4.37727e-06
8.18053e-05
-6.79597e-06
8.27909e-05
-8.86097e-06
8.34909e-05
-1.02544e-05
8.36715e-05
-1.07638e-05
8.32533e-05
-1.00297e-05
8.20762e-05
-7.75804e-06
8.16455e-05
-4.65952e-06
3.92523e-06
8.60965e-05
9.15609e-05
2.9047e-06
9.22684e-05
6.08473e-08
9.34562e-05
-2.9787e-06
9.49243e-05
-5.84532e-06
9.64719e-05
-8.34374e-06
9.78558e-05
-1.02449e-05
9.8865e-05
-1.12638e-05
9.92609e-05
-1.11599e-05
9.9034e-05
-9.80303e-06
9.81569e-05
-6.88147e-06
9.74271e-05
-3.92932e-06
1.94483e-06
9.94068e-05
0.00010496
1.65549e-06
0.000106568
-1.54659e-06
0.00010849
-4.9009e-06
0.000110417
-7.77245e-06
0.000112142
-1.0069e-05
0.000113441
-1.15448e-05
0.000114171
-1.19934e-05
0.000114192
-1.11814e-05
0.000113573
-9.18475e-06
0.000112514
-5.82281e-06
0.000111277
-2.69357e-06
0.000111699
1.52288e-06
6.75829e-05
4.00929e-06
6.67637e-05
2.24436e-06
6.51858e-05
2.08962e-06
6.42877e-05
2.19916e-06
6.39841e-05
2.90385e-06
6.40495e-05
3.85372e-06
6.42993e-05
4.79761e-06
6.46e-05
5.58924e-06
6.48778e-05
6.06553e-06
6.50982e-05
6.13686e-06
6.52969e-05
5.65295e-06
4.69373e-06
6.54899e-05
8.68962e-05
3.20977e-06
8.64292e-05
2.71164e-06
8.55796e-05
2.93946e-06
8.45385e-05
3.24051e-06
8.35553e-05
3.88737e-06
8.26686e-05
4.74075e-06
8.18554e-05
5.61107e-06
8.10854e-05
6.35952e-06
8.03462e-05
6.80508e-06
7.96501e-05
6.83328e-06
7.90748e-05
6.22855e-06
5.09676e-06
7.86721e-05
0.000100233
2.38397e-06
0.000100382
2.56282e-06
0.000100181
3.14074e-06
9.96399e-05
3.78175e-06
9.88575e-05
4.67013e-06
9.78868e-05
5.71184e-06
9.67647e-05
6.73367e-06
9.55365e-05
7.58816e-06
9.42644e-05
8.07757e-06
9.30496e-05
8.04853e-06
9.20381e-05
7.24036e-06
5.72973e-06
9.14052e-05
0.000112075
2.00808e-06
0.000112163
2.47499e-06
0.000111983
3.32073e-06
0.000111496
4.2693e-06
0.00011071
5.45545e-06
0.000109661
6.76103e-06
0.0001084
7.99508e-06
0.000107017
8.97114e-06
0.000105637
9.45819e-06
0.00010445
9.23566e-06
0.000103661
8.03013e-06
0.000103713
5.67814e-06
6.58135e-05
3.07593e-06
6.62551e-05
1.13904e-06
6.68207e-05
-1.07833e-06
6.74658e-05
-3.41981e-06
6.80987e-05
-5.73269e-06
6.85871e-05
-7.87626e-06
6.87371e-05
-9.55405e-06
6.83297e-05
-1.05814e-05
6.71291e-05
-1.04449e-05
6.4856e-05
-8.9316e-06
6.30486e-05
-5.08536e-06
8.38104e-06
7.16032e-05
7.86909e-05
3.05722e-06
7.90656e-05
7.64458e-07
7.97813e-05
-1.79397e-06
8.07409e-05
-4.37938e-06
8.18052e-05
-6.797e-06
8.27897e-05
-8.86071e-06
8.34883e-05
-1.02526e-05
8.36674e-05
-1.07606e-05
8.32481e-05
-1.00252e-05
8.20696e-05
-7.75388e-06
8.16387e-05
-4.6545e-06
3.93034e-06
8.60895e-05
9.15625e-05
2.9003e-06
9.22699e-05
5.72898e-08
9.34572e-05
-2.98114e-06
9.49243e-05
-5.84648e-06
9.64706e-05
-8.34341e-06
9.78528e-05
-1.0243e-05
9.88603e-05
-1.12602e-05
9.92545e-05
-1.11549e-05
9.9026e-05
-9.79721e-06
9.81479e-05
-6.87561e-06
9.74174e-05
-3.92428e-06
1.95016e-06
9.93974e-05
0.000104962
1.65118e-06
0.000106568
-1.54933e-06
0.000108489
-4.90198e-06
0.000110414
-7.77193e-06
0.000112138
-1.00668e-05
0.000113435
-1.1541e-05
0.000114163
-1.19881e-05
0.000114183
-1.1175e-05
0.000113563
-9.17776e-06
0.000112503
-5.81663e-06
0.000111267
-2.68792e-06
0.000111689
1.52761e-06
6.75782e-05
4.0147e-06
6.67575e-05
2.24856e-06
6.5178e-05
2.09238e-06
6.42791e-05
2.20176e-06
6.39753e-05
2.90642e-06
6.40411e-05
3.85648e-06
6.42917e-05
4.80046e-06
6.45936e-05
5.59189e-06
6.48727e-05
6.06782e-06
6.50944e-05
6.13858e-06
6.52944e-05
5.65422e-06
4.69445e-06
6.54886e-05
8.68891e-05
3.21544e-06
8.64215e-05
2.71646e-06
8.55713e-05
2.94346e-06
8.45296e-05
3.24381e-06
8.35462e-05
3.89036e-06
8.26595e-05
4.74354e-06
8.18469e-05
5.61353e-06
8.10779e-05
6.36141e-06
8.03399e-05
6.8062e-06
7.96452e-05
6.83359e-06
7.90715e-05
6.22827e-06
5.09603e-06
7.86702e-05
0.000100224
2.3892e-06
0.000100373
2.56753e-06
0.000100172
3.14447e-06
9.96308e-05
3.7853e-06
9.88484e-05
4.67332e-06
9.78778e-05
5.71464e-06
9.67561e-05
6.73586e-06
9.55287e-05
7.58936e-06
9.42579e-05
8.07753e-06
9.30447e-05
8.04727e-06
9.20349e-05
7.23834e-06
5.72737e-06
9.14037e-05
0.000112065
2.01289e-06
0.000112154
2.4792e-06
0.000111974
3.32465e-06
0.000111487
4.27266e-06
0.000110702
5.45846e-06
0.000109654
6.76354e-06
0.000108393
7.9967e-06
0.000107012
8.97132e-06
0.000105633
9.45661e-06
0.000104448
9.23245e-06
0.00010366
8.02621e-06
0.000103714
5.67434e-06
6.58134e-05
3.07631e-06
6.62559e-05
1.13885e-06
6.68224e-05
-1.07916e-06
6.74682e-05
-3.42133e-06
6.81018e-05
-5.735e-06
6.8591e-05
-7.87968e-06
6.87417e-05
-9.55865e-06
6.8335e-05
-1.05874e-05
6.71352e-05
-1.04516e-05
6.48619e-05
-8.9387e-06
6.30552e-05
-5.09171e-06
8.37599e-06
7.86903e-05
3.05641e-06
7.90661e-05
7.63275e-07
7.97827e-05
-1.79575e-06
8.07433e-05
-4.38179e-06
8.18086e-05
-6.80033e-06
8.27942e-05
-8.86521e-06
8.3494e-05
-1.02585e-05
8.36743e-05
-1.07677e-05
8.32559e-05
-1.00333e-05
8.20785e-05
-7.76105e-06
8.16479e-05
-4.66198e-06
3.92437e-06
9.15622e-05
2.89836e-06
9.22707e-05
5.51099e-08
9.34591e-05
-2.98392e-06
9.49273e-05
-5.85001e-06
9.6475e-05
-8.34806e-06
9.78587e-05
-1.0249e-05
9.88678e-05
-1.12677e-05
9.92635e-05
-1.11635e-05
9.90363e-05
-9.80642e-06
9.81589e-05
-6.88421e-06
9.7429e-05
-3.93179e-06
1.94388e-06
0.000104964
1.6486e-06
0.000106571
-1.5525e-06
0.000108493
-4.90595e-06
0.00011042
-7.77691e-06
0.000112145
-1.0073e-05
0.000113444
-1.15486e-05
0.000114173
-1.1997e-05
0.000114194
-1.11848e-05
0.000113575
-9.18771e-06
0.000112516
-5.82529e-06
0.000111279
-2.6957e-06
1.52201e-06
-3.7248e-05
2.06812e-06
3.71901e-05
-3.77076e-05
2.93884e-06
-3.84645e-05
4.08232e-06
-3.95271e-05
5.33605e-06
-4.0829e-05
6.76061e-06
-4.22508e-05
8.18522e-06
-4.36381e-05
9.38383e-06
-4.47887e-05
1.01222e-05
-4.54745e-05
1.01435e-05
-4.54533e-05
9.21302e-06
-4.45008e-05
7.07579e-06
3.53419e-06
-4.23592e-05
-3.31423e-05
2.55645e-06
3.26533e-05
-3.39826e-05
3.7789e-06
-3.50911e-05
5.19056e-06
-3.64383e-05
6.68322e-06
-3.79023e-05
8.22445e-06
-3.93127e-05
9.59567e-06
-4.04649e-05
1.05362e-05
-4.11299e-05
1.07873e-05
-4.1097e-05
1.01107e-05
-4.02218e-05
8.33782e-06
-3.84318e-05
5.28536e-06
7.26871e-07
-3.56237e-05
-2.92209e-05
3.2891e-06
2.84879e-05
-3.02436e-05
4.8013e-06
-3.14829e-05
6.42963e-06
-3.28745e-05
8.07463e-06
-3.42672e-05
9.61707e-06
-3.54677e-05
1.07962e-05
-3.62621e-05
1.13306e-05
-3.64386e-05
1.09639e-05
-3.58456e-05
9.51794e-06
-3.4468e-05
6.9603e-06
-3.24493e-05
3.26701e-06
-1.91559e-06
-2.98074e-05
-2.54043e-05
2.46003e-05
4.09244e-06
-2.64311e-05
5.82759e-06
-2.76125e-05
7.61062e-06
-2.8862e-05
9.32374e-06
-3.00197e-05
1.07745e-05
-3.08881e-05
1.16644e-05
-3.12547e-05
1.1697e-05
-3.09182e-05
1.06274e-05
-2.97422e-05
8.34189e-06
-2.77594e-05
4.97762e-06
-2.52366e-05
7.43926e-07
-2.4189e-05
-2.96278e-06
-3.91549e-05
-1.55259e-06
-3.6853e-05
-3.85137e-06
-3.49099e-05
-6.84608e-06
-3.34596e-05
-9.22443e-06
-3.26118e-05
-1.09184e-05
-3.24138e-05
-1.17443e-05
-3.28515e-05
-1.15576e-05
-3.38095e-05
-1.02257e-05
-3.51114e-05
-7.8857e-06
-3.63171e-05
-4.6202e-06
-3.73216e-05
-1.69232e-06
1.3864e-06
-3.71886e-05
-3.16847e-05
-5.49171e-06
-2.94297e-05
-6.1063e-06
-2.79203e-05
-8.35569e-06
-2.70205e-05
-1.01246e-05
-2.67708e-05
-1.11685e-05
-2.71308e-05
-1.13848e-05
-2.80084e-05
-1.06803e-05
-2.92219e-05
-9.01268e-06
-3.05474e-05
-6.56064e-06
-3.16379e-05
-3.5305e-06
-3.24459e-05
-8.84707e-07
1.59049e-06
-3.26502e-05
-2.54913e-05
-9.80705e-06
-2.36379e-05
-7.95969e-06
-2.26766e-05
-9.31712e-06
-2.22493e-05
-1.05522e-05
-2.23678e-05
-1.10504e-05
-2.29776e-05
-1.07752e-05
-2.39711e-05
-9.68726e-06
-2.51669e-05
-7.81729e-06
-2.6362e-05
-5.36604e-06
-2.73172e-05
-2.57557e-06
-2.80458e-05
-1.5662e-07
2.02846e-06
-2.84841e-05
-1.95568e-05
-1.44395e-05
-1.86492e-05
-8.86746e-06
-1.8381e-05
-9.5857e-06
-1.83933e-05
-1.05402e-05
-1.87538e-05
-1.06903e-05
-1.94591e-05
-1.00703e-05
-2.0426e-05
-8.72074e-06
-2.15054e-05
-6.73838e-06
-2.25374e-05
-4.33438e-06
-2.33683e-05
-1.74527e-06
-2.40442e-05
5.18856e-07
-2.45964e-05
2.58044e-06
-3.72462e-05
2.06219e-06
-3.77064e-05
2.93127e-06
-3.84643e-05
4.07402e-06
-3.9528e-05
5.32901e-06
-4.0831e-05
6.75523e-06
-4.22541e-05
8.1822e-06
-4.36427e-05
9.38343e-06
-4.47945e-05
1.01245e-05
-4.54817e-05
1.01482e-05
-4.54615e-05
9.21953e-06
-4.45094e-05
7.08282e-06
3.53977e-06
-4.23668e-05
-3.31398e-05
2.55178e-06
-3.39814e-05
3.77276e-06
-3.50911e-05
5.18434e-06
-3.64398e-05
6.67764e-06
-3.79051e-05
8.22048e-06
-3.93169e-05
9.59392e-06
-4.04705e-05
1.0537e-05
-4.11368e-05
1.07909e-05
-4.11052e-05
1.01167e-05
-4.02309e-05
8.34533e-06
-3.84412e-05
5.29249e-06
7.31279e-07
-3.5632e-05
-2.92184e-05
3.28583e-06
-3.02425e-05
4.79694e-06
-3.14834e-05
6.42474e-06
-3.28764e-05
8.07058e-06
-3.42704e-05
9.61445e-06
-3.54723e-05
1.07957e-05
-3.6268e-05
1.13327e-05
-3.64458e-05
1.09688e-05
-3.58541e-05
9.5252e-06
-3.44775e-05
6.96874e-06
-3.24592e-05
3.27435e-06
-1.91249e-06
-2.98163e-05
-2.54019e-05
4.09125e-06
-2.64303e-05
5.8251e-06
-2.76132e-05
7.60781e-06
-2.88641e-05
9.32118e-06
-3.00232e-05
1.0773e-05
-3.08928e-05
1.16649e-05
-3.12605e-05
1.17001e-05
-3.09252e-05
1.06332e-05
-2.97502e-05
8.35007e-06
-2.77682e-05
4.98674e-06
-2.52457e-05
7.51174e-07
-2.41978e-05
-2.96028e-06
-3.91603e-05
-1.55015e-06
-3.68572e-05
-3.84935e-06
-3.49133e-05
-6.84471e-06
-3.34624e-05
-9.22357e-06
-3.2614e-05
-1.09177e-05
-3.24155e-05
-1.17436e-05
-3.28528e-05
-1.15566e-05
-3.38105e-05
-1.02242e-05
-3.51121e-05
-7.88367e-06
-3.63177e-05
-4.61799e-06
-3.7322e-05
-1.68935e-06
1.38944e-06
-3.71895e-05
-3.16905e-05
-5.49179e-06
-2.94343e-05
-6.10545e-06
-2.79243e-05
-8.35493e-06
-2.70239e-05
-1.01243e-05
-2.67735e-05
-1.11685e-05
-2.71329e-05
-1.13847e-05
-2.801e-05
-1.06799e-05
-2.92231e-05
-9.01172e-06
-3.05482e-05
-6.55911e-06
-3.16385e-05
-3.52825e-06
-3.24466e-05
-8.82203e-07
1.59376e-06
-3.26511e-05
-2.54974e-05
-9.80993e-06
-2.36428e-05
-7.95993e-06
-2.26811e-05
-9.31689e-06
-2.22531e-05
-1.05525e-05
-2.23709e-05
-1.10511e-05
-2.29801e-05
-1.07759e-05
-2.39729e-05
-9.68752e-06
-2.51682e-05
-7.81689e-06
-2.6363e-05
-5.36487e-06
-2.73181e-05
-2.57382e-06
-2.80465e-05
-1.54023e-07
2.03137e-06
-2.84849e-05
-1.95625e-05
-1.44457e-05
-1.86542e-05
-8.86851e-06
-1.83856e-05
-9.58585e-06
-1.83974e-05
-1.05411e-05
-1.87571e-05
-1.06918e-05
-1.94617e-05
-1.00717e-05
-2.0428e-05
-8.72169e-06
-2.15068e-05
-6.73856e-06
-2.25385e-05
-4.3337e-06
-2.33691e-05
-1.74369e-06
-2.40449e-05
5.20934e-07
-2.4597e-05
2.58313e-06
-3.72476e-05
2.06597e-06
-3.77082e-05
2.93557e-06
-3.84661e-05
4.07873e-06
-3.95297e-05
5.33302e-06
-4.08321e-05
6.75819e-06
-4.22544e-05
8.18366e-06
-4.36422e-05
9.3832e-06
-4.47934e-05
1.01227e-05
-4.54799e-05
1.01452e-05
-4.54595e-05
9.21564e-06
-4.45077e-05
7.0786e-06
3.53611e-06
-4.23663e-05
-3.31411e-05
2.55545e-06
-3.39826e-05
3.7768e-06
-3.50922e-05
5.18807e-06
-3.64403e-05
6.68092e-06
-3.79048e-05
8.22255e-06
-3.93157e-05
9.59446e-06
-4.04686e-05
1.0536e-05
-4.11345e-05
1.07886e-05
-4.11028e-05
1.01136e-05
-4.0229e-05
8.34191e-06
-3.84404e-05
5.2895e-06
7.29472e-07
-3.5633e-05
-2.92192e-05
3.28928e-06
-3.02432e-05
4.80042e-06
-3.14836e-05
6.42814e-06
-3.28758e-05
8.07298e-06
-3.42691e-05
9.6156e-06
-3.54702e-05
1.07954e-05
-3.62653e-05
1.13312e-05
-3.64431e-05
1.09663e-05
-3.58518e-05
9.52246e-06
-3.44762e-05
6.96637e-06
-3.24593e-05
3.273e-06
-1.91206e-06
-2.98184e-05
-2.54024e-05
4.09407e-06
-2.64303e-05
5.82783e-06
-2.76127e-05
7.60998e-06
-2.88628e-05
9.32264e-06
-3.00211e-05
1.07734e-05
-3.08901e-05
1.16641e-05
-3.12576e-05
1.16983e-05
-3.09225e-05
1.0631e-05
-2.97482e-05
8.3481e-06
-2.77675e-05
4.98575e-06
-2.52467e-05
7.51881e-07
-2.4201e-05
-2.95742e-06
-3.91617e-05
-1.5526e-06
-3.68606e-05
-3.85009e-06
-3.49187e-05
-6.84387e-06
-3.34696e-05
-9.22129e-06
-3.26226e-05
-1.09141e-05
-3.24254e-05
-1.17386e-05
-3.28635e-05
-1.15504e-05
-3.38215e-05
-1.02174e-05
-3.51231e-05
-7.87683e-06
-3.63282e-05
-4.61167e-06
-3.73322e-05
-1.68448e-06
1.39392e-06
-3.71988e-05
-3.16937e-05
-5.49192e-06
-2.94398e-05
-6.10405e-06
-2.79315e-05
-8.35233e-06
-2.70325e-05
-1.01206e-05
-2.67833e-05
-1.11637e-05
-2.71434e-05
-1.13789e-05
-2.80208e-05
-1.06734e-05
-2.92337e-05
-9.005e-06
-3.05583e-05
-6.55259e-06
-3.1648e-05
-3.52276e-06
-3.24552e-05
-8.77581e-07
1.59733e-06
-3.26589e-05
-2.55015e-05
-9.80803e-06
-2.36489e-05
-7.95664e-06
-2.26885e-05
-9.31289e-06
-2.22617e-05
-1.05477e-05
-2.23802e-05
-1.10455e-05
-2.29898e-05
-1.07697e-05
-2.39826e-05
-9.68104e-06
-2.51775e-05
-7.81051e-06
-2.63716e-05
-5.35903e-06
-2.73258e-05
-2.56884e-06
-2.80534e-05
-1.50396e-07
2.03437e-06
-2.84907e-05
-1.95667e-05
-1.44425e-05
-1.86599e-05
-8.86362e-06
-1.83924e-05
-9.5808e-06
-1.8405e-05
-1.05355e-05
-1.87652e-05
-1.06857e-05
-1.94699e-05
-1.00654e-05
-2.0436e-05
-8.71538e-06
-2.15143e-05
-6.73265e-06
-2.25452e-05
-4.32852e-06
-2.3375e-05
-1.73965e-06
-2.40498e-05
5.24019e-07
-2.46008e-05
2.58521e-06
-3.72559e-05
2.06994e-06
-3.77156e-05
2.93909e-06
-3.84728e-05
4.08158e-06
-3.95355e-05
5.33578e-06
-4.08371e-05
6.76042e-06
-4.22582e-05
8.18504e-06
-4.36443e-05
9.38322e-06
-4.47932e-05
1.01209e-05
-4.54775e-05
1.01414e-05
-4.54551e-05
9.21044e-06
-4.45018e-05
7.07321e-06
3.53149e-06
-4.23596e-05
-3.31476e-05
2.55868e-06
-3.39881e-05
3.77951e-06
-3.50965e-05
5.19059e-06
-3.64435e-05
6.68271e-06
-3.79066e-05
8.22347e-06
-3.93157e-05
9.59409e-06
-4.04663e-05
1.05339e-05
-4.11296e-05
1.07843e-05
-4.10956e-05
1.01074e-05
-4.02199e-05
8.3348e-06
-3.843e-05
5.28278e-06
7.24353e-07
-3.56221e-05
-2.92238e-05
3.29157e-06
-3.02465e-05
4.80225e-06
-3.14856e-05
6.42922e-06
-3.28764e-05
8.0735e-06
-3.42679e-05
9.61489e-06
-3.54669e-05
1.0793e-05
-3.62597e-05
1.13266e-05
-3.64349e-05
1.09596e-05
-3.58413e-05
9.51411e-06
-3.4464e-05
6.95748e-06
-3.24461e-05
3.2651e-06
-1.9178e-06
-2.98048e-05
-2.5405e-05
4.09561e-06
-2.64317e-05
5.82874e-06
-2.76126e-05
7.6103e-06
-2.88612e-05
9.3218e-06
-3.00176e-05
1.07709e-05
-3.08846e-05
1.16596e-05
-3.12497e-05
1.16915e-05
-3.09124e-05
1.06221e-05
-2.97364e-05
8.33797e-06
-2.77545e-05
4.97556e-06
-2.5233e-05
7.4304e-07
-2.41857e-05
-2.96499e-06
-3.91548e-05
-1.55533e-06
-3.68523e-05
-3.85454e-06
-3.49089e-05
-6.84926e-06
-3.34586e-05
-9.22743e-06
-3.26108e-05
-1.09211e-05
-3.24132e-05
-1.17466e-05
-3.28514e-05
-1.15592e-05
-3.38101e-05
-1.02266e-05
-3.51125e-05
-7.88576e-06
-3.63186e-05
-4.61995e-06
-3.7323e-05
-1.69152e-06
1.38854e-06
-3.16833e-05
-5.49424e-06
-2.94283e-05
-6.10949e-06
-2.7919e-05
-8.35876e-06
-2.70194e-05
-1.01273e-05
-2.67702e-05
-1.11707e-05
-2.71309e-05
-1.13863e-05
-2.80095e-05
-1.06811e-05
-2.92239e-05
-9.01267e-06
-3.05502e-05
-6.56006e-06
-3.16412e-05
-3.52948e-06
-3.24495e-05
-8.84142e-07
1.59208e-06
-2.54894e-05
-9.80879e-06
-2.36362e-05
-7.96265e-06
-2.26752e-05
-9.31987e-06
-2.22484e-05
-1.05544e-05
-2.23675e-05
-1.10519e-05
-2.29784e-05
-1.07758e-05
-2.39729e-05
-9.68695e-06
-2.51698e-05
-7.81622e-06
-2.63659e-05
-5.36451e-06
-2.73218e-05
-2.57418e-06
-2.80505e-05
-1.55791e-07
2.02897e-06
-1.95549e-05
-1.444e-05
-1.86476e-05
-8.87015e-06
-1.83797e-05
-9.58807e-06
-1.83926e-05
-1.05418e-05
-1.87538e-05
-1.0691e-05
-1.94601e-05
-1.00699e-05
-2.04282e-05
-8.71931e-06
-2.15086e-05
-6.73623e-06
-2.25417e-05
-4.332e-06
-2.33732e-05
-1.74316e-06
-2.40492e-05
5.19455e-07
2.57974e-06
-2.16855e-05
4.83451e-06
2.09428e-05
-2.25779e-05
6.71954e-06
-2.35564e-05
8.58873e-06
-2.45264e-05
1.02933e-05
-2.53318e-05
1.15795e-05
-2.5778e-05
1.21104e-05
-2.56435e-05
1.15624e-05
-2.46839e-05
9.66775e-06
-2.26193e-05
6.27733e-06
-1.90417e-05
1.40018e-06
-1.28632e-05
-5.43397e-06
-1.58249e-05
-1.81017e-05
5.4231e-06
1.75124e-05
-1.87654e-05
7.38267e-06
-1.94457e-05
9.26863e-06
-2.00514e-05
1.08985e-05
-2.04405e-05
1.19683e-05
-2.04317e-05
1.21013e-05
-1.98035e-05
1.0934e-05
-1.82844e-05
8.14852e-06
-1.55243e-05
3.51707e-06
-1.09852e-05
-3.13874e-06
-4.79166e-06
-1.1627e-05
-2.06159e-05
-1.47051e-05
5.80286e-06
1.43248e-05
-1.50879e-05
7.76499e-06
-1.54234e-05
9.60363e-06
-1.56336e-05
1.11083e-05
-1.56033e-05
1.19376e-05
-1.51842e-05
1.16819e-05
-1.41939e-05
9.94348e-06
-1.2417e-05
6.37153e-06
-9.67014e-06
7.70188e-07
-5.96605e-06
-6.84262e-06
-2.11588e-06
-1.54766e-05
-2.27307e-05
-1.1546e-05
5.94658e-06
1.14017e-05
-1.16297e-05
7.84832e-06
-1.1613e-05
9.58659e-06
-1.14395e-05
1.09345e-05
-1.10326e-05
1.15304e-05
-1.02986e-05
1.09477e-05
-9.13216e-06
8.77686e-06
-7.43687e-06
4.67611e-06
-5.25208e-06
-1.41468e-06
-2.89038e-06
-9.20431e-06
-9.21306e-07
-1.74454e-05
-2.36518e-05
-8.66456e-06
5.84773e-06
8.76284e-06
-8.45345e-06
7.63685e-06
-8.10262e-06
9.23541e-06
-7.58184e-06
1.04133e-05
-6.86042e-06
1.08086e-05
-5.91156e-06
9.9985e-06
-4.72101e-06
7.58607e-06
-3.30729e-06
3.26219e-06
-1.83071e-06
-2.89131e-06
-5.67543e-07
-1.04674e-05
2.71344e-07
-1.82842e-05
-2.33801e-05
-6.08571e-06
5.51557e-06
6.41745e-06
-5.59775e-06
7.1487e-06
-4.94274e-06
8.58023e-06
-4.1186e-06
9.58901e-06
-3.1411e-06
9.831e-06
-2.05069e-06
8.908e-06
-9.16109e-07
6.45143e-06
1.66406e-07
2.17961e-06
9.93253e-07
-3.71819e-06
1.3873e-06
-1.08615e-05
1.27262e-06
-1.81695e-05
-2.21074e-05
-3.81666e-06
4.96959e-06
4.36229e-06
-3.07769e-06
6.40949e-06
-2.15186e-06
7.65442e-06
-1.06472e-06
8.50166e-06
1.2596e-07
8.64013e-06
1.32002e-06
7.71376e-06
2.38227e-06
5.38895e-06
3.17199e-06
1.38978e-06
3.46299e-06
-4.00932e-06
3.13839e-06
-1.05369e-05
2.20937e-06
-1.72405e-05
-1.9898e-05
-1.84788e-06
4.2349e-06
2.58208e-06
-8.87362e-07
5.44917e-06
2.77098e-07
6.49004e-06
1.59511e-06
7.1837e-06
2.9738e-06
7.26145e-06
4.26341e-06
6.42407e-06
5.2764e-06
4.37602e-06
5.8452e-06
8.20907e-07
5.70792e-06
-3.87202e-06
4.74702e-06
-9.57598e-06
3.00633e-06
-1.55e-05
-1.68916e-05
-1.53674e-07
3.34079e-06
1.04883e-06
9.98228e-07
4.2965e-06
2.3729e-06
5.1165e-06
3.89849e-06
5.65795e-06
5.45505e-06
5.7051e-06
6.85154e-06
5.02797e-06
7.85611e-06
3.37101e-06
8.2813e-06
3.96036e-07
7.80121e-06
-3.39225e-06
6.2439e-06
-8.01917e-06
3.67877e-06
-1.29345e-05
-1.3213e-05
1.31111e-06
2.31299e-06
-2.83212e-07
2.62671e-06
2.98158e-06
4.18744e-06
3.55706e-06
5.90584e-06
3.9402e-06
7.64089e-06
3.97076e-06
9.166e-06
3.50334e-06
1.0204e-05
2.33319e-06
1.05536e-05
4.65768e-08
9.78323e-06
-2.62218e-06
7.63934e-06
-5.87555e-06
4.19819e-06
-9.49338e-06
-9.01468e-06
2.63806e-06
1.18034e-06
-1.50553e-06
4.09056e-06
1.5307e-06
5.81656e-06
1.83386e-06
7.71827e-06
2.04018e-06
9.63467e-06
2.05583e-06
1.13171e-05
1.82198e-06
1.24199e-05
1.2307e-06
1.27225e-05
-2.55711e-07
1.1644e-05
-1.54386e-06
8.90243e-06
-3.13442e-06
4.60729e-06
-5.19822e-06
-4.40717e-06
4.02458e-06
-2.84478e-06
5.5559e-06
7.3901e-06
9.43058e-06
1.14866e-05
1.33087e-05
1.45394e-05
1.42837e-05
1.27398e-05
9.60535e-06
4.40717e-06
-1.20125e-05
-2.42807e-06
-1.40711e-05
-6.80932e-06
-1.46784e-05
-8.97871e-06
-1.51165e-05
-1.01025e-05
-1.56491e-05
-1.01581e-05
-1.63766e-05
-9.34309e-06
-1.7262e-05
-7.83571e-06
-1.81979e-05
-5.80288e-06
-1.90678e-05
-3.46485e-06
-1.97778e-05
-1.03558e-06
-2.03833e-05
1.12396e-06
3.13607e-06
-2.09393e-05
-7.57174e-06
5.14223e-06
-1.04439e-05
-3.93752e-06
-1.15627e-05
-7.86035e-06
-1.22869e-05
-9.3787e-06
-1.29268e-05
-9.51851e-06
-1.36394e-05
-8.6308e-06
-1.44283e-05
-7.04717e-06
-1.5223e-05
-5.00858e-06
-1.59412e-05
-2.74695e-06
-1.65273e-05
-4.49995e-07
-1.70335e-05
1.62979e-06
3.61173e-06
-1.75094e-05
-5.09109e-06
1.02319e-05
-7.64678e-06
-1.38231e-06
-8.95509e-06
-6.5524e-06
-9.81852e-06
-8.5156e-06
-1.0516e-05
-8.82134e-06
-1.11977e-05
-7.94932e-06
-1.18945e-05
-6.35073e-06
-1.25628e-05
-4.34063e-06
-1.31438e-05
-2.16625e-06
-1.36029e-05
8.7645e-09
-1.39833e-05
2.0099e-06
3.95047e-06
-1.43224e-05
-3.39641e-06
1.36268e-05
-5.44687e-06
6.67775e-07
-6.74054e-06
-5.25909e-06
-7.64517e-06
-7.61132e-06
-8.36636e-06
-8.10047e-06
-9.01658e-06
-7.2994e-06
-9.63606e-06
-5.73155e-06
-1.01984e-05
-3.77861e-06
-1.06591e-05
-1.70587e-06
-1.09928e-05
3.42067e-07
-1.12314e-05
2.24813e-06
4.11878e-06
-1.13999e-05
-2.04402e-06
1.56709e-05
-3.60157e-06
2.22504e-06
-4.79958e-06
-4.06133e-06
-5.69992e-06
-6.71121e-06
-6.4344e-06
-7.36624e-06
-7.06544e-06
-6.66857e-06
-7.62936e-06
-5.16788e-06
-8.10901e-06
-3.29921e-06
-8.46778e-06
-1.3474e-06
-8.68346e-06
5.57467e-07
-8.7765e-06
2.34082e-06
4.10363e-06
-8.76162e-06
-8.54302e-07
1.65242e-05
-1.95408e-06
3.32446e-06
-3.03207e-06
-2.98364e-06
-3.92131e-06
-5.82232e-06
-4.67973e-06
-6.60808e-06
-5.31492e-06
-6.03369e-06
-5.85014e-06
-4.6329e-06
-6.27205e-06
-2.87761e-06
-6.54848e-06
-1.07123e-06
-6.65816e-06
6.66791e-07
-6.61198e-06
2.2943e-06
3.90803e-06
-6.41665e-06
2.7185e-07
1.62523e-05
-4.01743e-07
3.99794e-06
-1.35868e-06
-2.02704e-06
-2.25456e-06
-4.92653e-06
-3.06373e-06
-5.79926e-06
-3.73509e-06
-5.36242e-06
-4.27249e-06
-4.09586e-06
-4.6631e-06
-2.48711e-06
-4.87778e-06
-8.56954e-07
-4.89645e-06
6.85309e-07
-4.72398e-06
2.12143e-06
3.54552e-06
-4.36177e-06
1.3678e-06
1.48839e-05
1.11312e-06
4.25202e-06
2.8154e-07
-1.19572e-06
-6.51039e-07
-3.99439e-06
-1.54865e-06
-4.90184e-06
-2.29442e-06
-4.61703e-06
-2.86785e-06
-3.52262e-06
-3.25458e-06
-2.10077e-06
-3.42849e-06
-6.83235e-07
-3.37305e-06
6.29433e-07
-3.09108e-06
1.83915e-06
3.03577e-06
-2.58161e-06
2.42837e-06
1.24529e-05
2.61884e-06
4.06209e-06
1.93021e-06
-5.08444e-07
9.33464e-07
-2.9969e-06
-9.34568e-08
-3.87625e-06
-9.56309e-07
-3.7535e-06
-1.60287e-06
-2.87735e-06
-2.01336e-06
-1.68954e-06
-2.16738e-06
-5.30653e-07
-2.05506e-06
5.17954e-07
-1.68237e-06
1.46609e-06
2.40123e-06
-1.04813e-06
3.47443e-06
8.97613e-06
4.11469e-06
3.42065e-06
3.61564e-06
-1.03674e-08
2.54935e-06
-1.93117e-06
1.36225e-06
-2.69003e-06
3.35754e-07
-2.72753e-06
-4.27621e-07
-2.11477e-06
-8.93094e-07
-1.22452e-06
-1.04778e-06
-3.76773e-07
-8.95819e-07
3.66268e-07
-4.51344e-07
1.02176e-06
1.66529e-06
2.8425e-07
4.37021e-06
4.60201e-06
5.57095e-06
2.21786e-06
5.3621e-06
1.96109e-07
4.28771e-06
-8.57964e-07
2.94804e-06
-1.35224e-06
1.70555e-06
-1.48635e-06
7.59921e-07
-1.17139e-06
1.97918e-07
-6.63899e-07
1.98028e-08
-2.00666e-07
1.96399e-07
1.90297e-07
6.93907e-07
5.24541e-07
8.51572e-07
1.50693e-06
4.60157e-06
6.81893e-06
7.01481e-06
6.15647e-06
4.804e-06
3.31717e-06
2.1455e-06
1.48109e-06
1.28057e-06
1.47095e-06
1.99533e-06
2.84678e-06
-2.16834e-05
4.83517e-06
-2.25773e-05
6.71883e-06
-2.35573e-05
8.58738e-06
-2.45286e-05
1.02921e-05
-2.53351e-05
1.15792e-05
-2.57824e-05
1.21118e-05
-2.56489e-05
1.15661e-05
-2.469e-05
9.67411e-06
-2.26257e-05
6.28572e-06
-1.90478e-05
1.40874e-06
-1.28675e-05
-5.42902e-06
-1.58276e-05
-1.81e-05
5.4256e-06
-1.87649e-05
7.38351e-06
-1.94465e-05
9.26889e-06
-2.00533e-05
1.08985e-05
-2.04435e-05
1.19688e-05
-2.04356e-05
1.21032e-05
-1.9808e-05
1.0938e-05
-1.82891e-05
8.15481e-06
-1.55284e-05
3.52482e-06
-1.09878e-05
-3.13198e-06
-4.79216e-06
-1.16249e-05
-2.06201e-05
-1.47038e-05
5.80683e-06
-1.50876e-05
7.76712e-06
-1.54241e-05
9.60509e-06
-1.56352e-05
1.11092e-05
-1.56058e-05
1.19388e-05
-1.51873e-05
1.16842e-05
-1.41972e-05
9.94744e-06
-1.242e-05
6.37728e-06
-9.67199e-06
7.76663e-07
-5.96621e-06
-6.83786e-06
-2.11508e-06
-1.54762e-05
-2.27348e-05
-1.15449e-05
5.9516e-06
-1.16293e-05
7.85135e-06
-1.16135e-05
9.589e-06
-1.14407e-05
1.09361e-05
-1.10345e-05
1.15321e-05
-1.03008e-05
1.09501e-05
-9.13431e-06
8.78045e-06
-7.43835e-06
4.68099e-06
-5.25234e-06
-1.40959e-06
-2.88948e-06
-9.20095e-06
-9.2028e-07
-1.74456e-05
-2.36555e-05
-8.66369e-06
5.8535e-06
-8.45302e-06
7.64053e-06
-8.1028e-06
9.23865e-06
-7.58258e-06
1.04154e-05
-6.8616e-06
1.08106e-05
-5.91293e-06
1.00008e-05
-4.72214e-06
7.58919e-06
-3.30771e-06
3.26616e-06
-1.83016e-06
-2.88734e-06
-5.66424e-07
-1.04648e-05
2.72131e-07
-1.82845e-05
-2.33833e-05
-6.08492e-06
5.52157e-06
-5.59718e-06
7.15264e-06
-4.94264e-06
8.58382e-06
-4.11889e-06
9.59147e-06
-3.14169e-06
9.83301e-06
-2.05135e-06
8.91007e-06
-9.16504e-07
6.454e-06
1.66609e-07
2.18279e-06
9.94122e-07
-3.71505e-06
1.38837e-06
-1.08593e-05
1.27328e-06
-1.81697e-05
-2.21106e-05
-3.8158e-06
4.97539e-06
-3.07689e-06
6.4136e-06
-2.15144e-06
7.65837e-06
-1.06459e-06
8.50425e-06
1.25891e-07
8.64215e-06
1.31991e-06
7.71561e-06
2.38239e-06
5.39107e-06
3.17254e-06
1.39232e-06
3.46398e-06
-4.00675e-06
3.13939e-06
-1.0535e-05
2.20992e-06
-1.72406e-05
-1.99009e-05
-1.84678e-06
4.24041e-06
-8.8625e-07
5.45301e-06
2.77844e-07
6.49407e-06
1.59562e-06
7.18634e-06
2.97417e-06
7.26335e-06
4.26374e-06
6.4257e-06
5.27689e-06
4.3777e-06
5.84598e-06
8.22945e-07
5.709e-06
-3.86994e-06
4.74804e-06
-9.57423e-06
3.00694e-06
-1.55e-05
-1.68944e-05
-1.52291e-07
3.34438e-06
9.99835e-07
4.30079e-06
2.37399e-06
5.1199e-06
3.89935e-06
5.66047e-06
5.45581e-06
5.70688e-06
6.85224e-06
5.02932e-06
7.85691e-06
3.37243e-06
8.28228e-06
3.97618e-07
7.80245e-06
-3.39053e-06
6.24506e-06
-8.01778e-06
3.67954e-06
-1.29345e-05
-1.32154e-05
1.31315e-06
2.31526e-06
2.62881e-06
2.98507e-06
4.18897e-06
3.5594e-06
5.90706e-06
3.94196e-06
7.64204e-06
3.97205e-06
9.16708e-06
3.50425e-06
1.02051e-05
2.33415e-06
1.05548e-05
4.7678e-08
9.78472e-06
-2.62104e-06
7.64083e-06
-5.87464e-06
4.19927e-06
-9.49346e-06
-9.01656e-06
2.6407e-06
1.18097e-06
4.09334e-06
1.5321e-06
5.81863e-06
1.83344e-06
7.71995e-06
2.03998e-06
9.63626e-06
2.05589e-06
1.13186e-05
1.82196e-06
1.24214e-05
1.2309e-06
1.27241e-05
-2.555e-07
1.16459e-05
-1.54357e-06
8.90442e-06
-3.13432e-06
4.60886e-06
-5.19862e-06
-4.40897e-06
4.02768e-06
5.55966e-06
7.39294e-06
9.43296e-06
1.14889e-05
1.33107e-05
1.45416e-05
1.42859e-05
1.27422e-05
9.60776e-06
4.40897e-06
-1.20165e-05
-2.43063e-06
-1.40758e-05
-6.80978e-06
-1.4683e-05
-8.979e-06
-1.51206e-05
-1.01038e-05
-1.56525e-05
-1.01601e-05
-1.63793e-05
-9.34526e-06
-1.7264e-05
-7.83731e-06
-1.81994e-05
-5.80359e-06
-1.9069e-05
-3.46454e-06
-1.97788e-05
-1.03449e-06
-2.0384e-05
1.12582e-06
3.13815e-06
-2.09397e-05
-7.5752e-06
5.14243e-06
-1.04483e-05
-3.93721e-06
-1.1567e-05
-7.86073e-06
-1.22908e-05
-9.38037e-06
-1.29301e-05
-9.52119e-06
-1.36421e-05
-8.63362e-06
-1.44304e-05
-7.04937e-06
-1.52246e-05
-5.00975e-06
-1.59426e-05
-2.74706e-06
-1.65284e-05
-4.49149e-07
-1.70343e-05
1.63111e-06
3.61333e-06
-1.75099e-05
-5.09406e-06
1.02344e-05
-7.65065e-06
-1.38121e-06
-8.95898e-06
-6.5528e-06
-9.8221e-06
-8.51758e-06
-1.05191e-05
-8.8245e-06
-1.12003e-05
-7.95267e-06
-1.18965e-05
-6.3534e-06
-1.25644e-05
-4.34219e-06
-1.31452e-05
-2.16665e-06
-1.36041e-05
9.2287e-09
-1.39843e-05
2.01091e-06
3.95152e-06
-1.4323e-05
-3.39883e-06
1.36313e-05
-5.45016e-06
6.69631e-07
-6.7439e-06
-5.25944e-06
-7.64831e-06
-7.61353e-06
-8.36912e-06
-8.10397e-06
-9.01892e-06
-7.30315e-06
-9.63804e-06
-5.73456e-06
-1.02001e-05
-3.78044e-06
-1.06606e-05
-1.70649e-06
-1.09942e-05
3.42345e-07
-1.12325e-05
2.24882e-06
4.11942e-06
-1.14009e-05
-2.04601e-06
1.56769e-05
-3.60423e-06
2.22747e-06
-4.80234e-06
-4.06162e-06
-5.70254e-06
-6.71355e-06
-6.43679e-06
-7.36994e-06
-7.06756e-06
-6.67255e-06
-7.63126e-06
-5.17108e-06
-8.11075e-06
-3.30118e-06
-8.46943e-06
-1.34813e-06
-8.68504e-06
5.57588e-07
-8.77793e-06
2.34134e-06
4.10402e-06
-8.76292e-06
-8.55849e-07
1.65313e-05
-1.95608e-06
3.32725e-06
-3.03419e-06
-2.98383e-06
-3.92339e-06
-5.82468e-06
-4.68172e-06
-6.61185e-06
-5.3168e-06
-6.03773e-06
-5.85194e-06
-4.63614e-06
-6.27383e-06
-2.87957e-06
-6.55028e-06
-1.07196e-06
-6.65997e-06
6.66906e-07
-6.61371e-06
2.29477e-06
3.90828e-06
-6.41836e-06
2.70795e-07
1.62599e-05
-4.03058e-07
4.00086e-06
-1.36014e-06
-2.02715e-06
-2.25609e-06
-4.92881e-06
-3.06532e-06
-5.80293e-06
-3.73677e-06
-5.36634e-06
-4.27425e-06
-4.09897e-06
-4.66497e-06
-2.48895e-06
-4.87978e-06
-8.57614e-07
-4.89853e-06
6.85441e-07
-4.72604e-06
2.12199e-06
3.54588e-06
-4.3639e-06
1.36732e-06
1.48915e-05
1.1125e-06
4.25489e-06
2.80743e-07
-1.19571e-06
-6.52035e-07
-3.9965e-06
-1.54989e-06
-4.90528e-06
-2.29594e-06
-4.62066e-06
-2.86962e-06
-3.52546e-06
-3.25659e-06
-2.10236e-06
-3.43073e-06
-6.83785e-07
-3.37542e-06
6.29684e-07
-3.09347e-06
1.83982e-06
3.03619e-06
-2.58419e-06
2.42851e-06
1.24597e-05
2.61894e-06
4.06482e-06
1.93006e-06
-5.08336e-07
9.32989e-07
-2.99869e-06
-9.43766e-08
-3.87922e-06
-9.57722e-07
-3.75667e-06
-1.60471e-06
-2.87972e-06
-2.0156e-06
-1.69084e-06
-2.1699e-06
-5.30975e-07
-2.05776e-06
5.18275e-07
-1.68511e-06
1.46692e-06
2.40213e-06
-1.05107e-06
3.47525e-06
8.98108e-06
4.11554e-06
3.42294e-06
3.61621e-06
-1.02056e-08
2.54944e-06
-1.93256e-06
1.36165e-06
-2.69236e-06
3.3442e-07
-2.72999e-06
-4.29584e-07
-2.11654e-06
-8.95592e-07
-1.22541e-06
-1.05065e-06
-3.76976e-07
-8.98858e-07
3.6655e-07
-4.54324e-07
1.02276e-06
1.66593e-06
2.80856e-07
4.37169e-06
4.60402e-06
5.57263e-06
2.21926e-06
5.36356e-06
1.95973e-07
4.28852e-06
-8.5894e-07
2.94787e-06
-1.3537e-06
1.70432e-06
-1.48788e-06
7.57834e-07
-1.17243e-06
1.95151e-07
-6.6456e-07
1.65614e-08
-2.01107e-07
1.93053e-07
1.90223e-07
6.90746e-07
5.25267e-07
8.51386e-07
1.50325e-06
4.60342e-06
6.82206e-06
7.01775e-06
6.15841e-06
4.80447e-06
3.31608e-06
2.14327e-06
1.47803e-06
1.27695e-06
1.46725e-06
1.99208e-06
2.84297e-06
-2.16836e-05
4.83737e-06
-2.2577e-05
6.72068e-06
-2.35563e-05
8.58882e-06
-2.45269e-05
1.02927e-05
-2.53328e-05
1.15788e-05
-2.57796e-05
1.21105e-05
-2.5646e-05
1.15643e-05
-2.46876e-05
9.67238e-06
-2.26242e-05
6.28469e-06
-1.90475e-05
1.40924e-06
-1.28686e-05
-5.42646e-06
-1.58251e-05
-1.81001e-05
5.42705e-06
-1.87646e-05
7.38451e-06
-1.94456e-05
9.2693e-06
-2.00518e-05
1.08982e-05
-2.04414e-05
1.19678e-05
-2.04331e-05
1.21017e-05
-1.98056e-05
1.09364e-05
-1.82872e-05
8.15365e-06
-1.55274e-05
3.52473e-06
-1.09878e-05
-3.13017e-06
-4.79246e-06
-1.16214e-05
-2.06171e-05
-1.47041e-05
5.80762e-06
-1.50875e-05
7.76732e-06
-1.54236e-05
9.60479e-06
-1.56342e-05
1.11082e-05
-1.56043e-05
1.19374e-05
-1.51857e-05
1.16825e-05
-1.41957e-05
9.94595e-06
-1.24191e-05
6.37675e-06
-9.67175e-06
7.7739e-07
-5.96641e-06
-6.8353e-06
-2.11513e-06
-1.54721e-05
-2.27313e-05
-1.15456e-05
5.95187e-06
-1.16297e-05
7.85093e-06
-1.16136e-05
9.58813e-06
-1.14405e-05
1.09346e-05
-1.10339e-05
1.15304e-05
-1.03003e-05
1.09484e-05
-9.1339e-06
8.77927e-06
-7.4384e-06
4.68099e-06
-5.25274e-06
-1.40837e-06
-2.88974e-06
-9.1982e-06
-9.20068e-07
-1.74416e-05
-2.36514e-05
-8.66488e-06
5.85337e-06
-8.45401e-06
7.63956e-06
-8.10366e-06
9.23723e-06
-7.58321e-06
1.04136e-05
-6.86215e-06
1.08088e-05
-5.91348e-06
9.99929e-06
-4.72284e-06
7.58816e-06
-3.30864e-06
3.26658e-06
-1.83105e-06
-2.88605e-06
-5.66808e-07
-1.04624e-05
2.72337e-07
-1.82805e-05
-2.33788e-05
-6.08665e-06
5.52133e-06
-5.59883e-06
7.15135e-06
-4.94427e-06
8.58231e-06
-4.12042e-06
9.58939e-06
-3.14325e-06
9.8313e-06
-2.05297e-06
8.90874e-06
-9.18142e-07
6.45315e-06
1.6492e-07
2.18339e-06
9.92774e-07
-3.71394e-06
1.3878e-06
-1.08574e-05
1.27334e-06
-1.81661e-05
-2.21057e-05
-3.81809e-06
4.97504e-06
-3.07915e-06
6.41219e-06
-2.15385e-06
7.65652e-06
-1.06693e-06
8.50214e-06
1.23413e-07
8.64055e-06
1.31738e-06
7.71441e-06
2.37995e-06
5.39031e-06
3.17019e-06
1.39291e-06
3.46215e-06
-4.006e-06
3.13849e-06
-1.05337e-05
2.20974e-06
-1.72375e-05
-1.98959e-05
-1.84962e-06
4.24037e-06
-8.89133e-07
5.45137e-06
2.74772e-07
6.49244e-06
1.59258e-06
7.18403e-06
2.97092e-06
7.26198e-06
4.26045e-06
6.42474e-06
5.27376e-06
4.37682e-06
5.84304e-06
8.23618e-07
5.70666e-06
-3.86961e-06
4.74669e-06
-9.57372e-06
3.00639e-06
-1.54971e-05
-1.68899e-05
-1.55794e-07
3.34371e-06
9.96481e-07
4.30003e-06
2.37024e-06
5.1178e-06
3.89579e-06
5.65891e-06
5.45196e-06
5.70569e-06
6.84827e-06
5.02817e-06
7.85328e-06
3.37211e-06
8.27875e-06
3.97725e-07
7.79953e-06
-3.39046e-06
6.24328e-06
-8.01728e-06
3.6784e-06
-1.2933e-05
-1.32108e-05
1.30918e-06
2.31456e-06
2.62486e-06
2.98459e-06
4.18477e-06
3.55781e-06
5.90301e-06
3.94102e-06
7.63767e-06
3.97121e-06
9.16262e-06
3.50339e-06
1.02009e-05
2.33394e-06
1.05508e-05
4.77197e-08
9.78126e-06
-2.62097e-06
7.63838e-06
-5.87445e-06
4.19771e-06
-9.49237e-06
-9.01308e-06
2.63623e-06
1.17962e-06
4.08892e-06
1.53229e-06
5.81396e-06
1.83274e-06
7.71549e-06
2.04025e-06
9.63153e-06
2.05568e-06
1.13137e-05
1.82157e-06
1.24169e-05
1.23111e-06
1.27197e-05
-2.55291e-07
1.16419e-05
-1.54322e-06
8.90132e-06
-3.13383e-06
4.6065e-06
-5.19775e-06
-4.40656e-06
4.02269e-06
5.55496e-06
7.38787e-06
9.42822e-06
1.1484e-05
1.33056e-05
1.45367e-05
1.42814e-05
1.27382e-05
9.60431e-06
4.40656e-06
-1.20202e-05
-2.42348e-06
-1.40807e-05
-6.80362e-06
-1.46886e-05
-8.97322e-06
-1.51267e-05
-1.00978e-05
-1.56589e-05
-1.01538e-05
-1.63857e-05
-9.33887e-06
-1.72702e-05
-7.8313e-06
-1.82049e-05
-5.79824e-06
-1.90738e-05
-3.46013e-06
-1.97826e-05
-1.03111e-06
-2.03869e-05
1.12799e-06
3.13961e-06
-2.09416e-05
-7.57773e-06
5.15272e-06
-1.04519e-05
-3.92987e-06
-1.15711e-05
-7.8544e-06
-1.22953e-05
-9.37404e-06
-1.29347e-05
-9.51474e-06
-1.36466e-05
-8.62738e-06
-1.44345e-05
-7.04375e-06
-1.52281e-05
-5.00502e-06
-1.59452e-05
-2.74334e-06
-1.65302e-05
-4.46607e-07
-1.70353e-05
1.6327e-06
3.61405e-06
-1.75099e-05
-5.09556e-06
1.02467e-05
-7.65295e-06
-1.37299e-06
-8.96159e-06
-6.54614e-06
-9.82486e-06
-8.5111e-06
-1.05218e-05
-8.81808e-06
-1.12028e-05
-7.94669e-06
-1.18986e-05
-6.34826e-06
-1.25658e-05
-4.3381e-06
-1.31459e-05
-2.16365e-06
-1.36039e-05
1.11564e-08
-1.39834e-05
2.01182e-06
3.95171e-06
-1.43213e-05
-3.39966e-06
1.36448e-05
-5.45117e-06
6.78114e-07
-6.745e-06
-5.25269e-06
-7.64938e-06
-7.60709e-06
-8.37008e-06
-8.09771e-06
-9.01956e-06
-7.29752e-06
-9.63816e-06
-5.72997e-06
-1.01996e-05
-3.77702e-06
-1.06594e-05
-1.70419e-06
-1.09922e-05
3.43605e-07
-1.12299e-05
2.24922e-06
4.11913e-06
-1.13976e-05
-2.04587e-06
1.56906e-05
-3.60397e-06
2.2359e-06
-4.80199e-06
-4.05497e-06
-5.702e-06
-6.70733e-06
-6.43601e-06
-7.36397e-06
-7.06638e-06
-6.66737e-06
-7.62952e-06
-5.16711e-06
-8.10834e-06
-3.29844e-06
-8.46633e-06
-1.34649e-06
-8.6813e-06
5.58296e-07
-8.77367e-06
2.34124e-06
4.10332e-06
-8.75812e-06
-8.5481e-07
1.65443e-05
-1.95463e-06
3.33531e-06
-3.03245e-06
-2.97748e-06
-3.9213e-06
-5.81886e-06
-4.67929e-06
-6.60627e-06
-5.31391e-06
-6.03307e-06
-5.84846e-06
-4.63282e-06
-6.26969e-06
-2.87753e-06
-6.5455e-06
-1.07095e-06
-6.65463e-06
6.67075e-07
-6.60796e-06
2.29424e-06
3.90728e-06
-6.41219e-06
2.72607e-07
1.62714e-05
-4.00507e-07
4.00826e-06
-1.3571e-06
-2.02129e-06
-2.25254e-06
-4.92354e-06
-3.06133e-06
-5.79785e-06
-3.73228e-06
-5.36224e-06
-4.26915e-06
-4.09633e-06
-4.65923e-06
-2.48756e-06
-4.87345e-06
-8.57146e-07
-4.89173e-06
6.8521e-07
-4.71894e-06
2.12106e-06
3.54454e-06
-4.35651e-06
1.36973e-06
1.4901e-05
1.11603e-06
4.26127e-06
2.85011e-07
-1.19058e-06
-6.47105e-07
-3.99192e-06
-1.54445e-06
-4.90075e-06
-2.28996e-06
-4.61715e-06
-2.86302e-06
-3.52348e-06
-3.2494e-06
-2.10159e-06
-3.42301e-06
-6.83747e-07
-3.36734e-06
6.29108e-07
-3.08522e-06
1.83863e-06
3.03475e-06
-2.57571e-06
2.43132e-06
1.24668e-05
2.62329e-06
4.06978e-06
1.93543e-06
-5.04217e-07
9.39175e-07
-2.99491e-06
-8.75888e-08
-3.87541e-06
-9.50355e-07
-3.7537e-06
-1.59675e-06
-2.87842e-06
-2.00708e-06
-1.69053e-06
-2.16096e-06
-5.31316e-07
-2.04857e-06
5.17551e-07
-1.67588e-06
1.46556e-06
2.40033e-06
-1.04175e-06
3.47833e-06
8.98579e-06
4.12049e-06
3.42627e-06
3.62246e-06
-7.30693e-09
2.55666e-06
-1.92976e-06
1.36964e-06
-2.68938e-06
3.43052e-07
-2.7277e-06
-4.20389e-07
-2.11585e-06
-8.85934e-07
-1.22548e-06
-1.04066e-06
-3.77431e-07
-8.88756e-07
3.65898e-07
-4.44388e-07
1.02132e-06
1.66461e-06
2.90974e-07
4.37467e-06
4.60673e-06
5.57786e-06
2.22073e-06
5.37025e-06
1.97615e-07
4.29638e-06
-8.57284e-07
2.9568e-06
-1.3519e-06
1.71412e-06
-1.48651e-06
7.68132e-07
-1.17229e-06
2.05766e-07
-6.64639e-07
2.74005e-08
-2.01178e-07
2.03827e-07
1.90023e-07
7.01125e-07
5.2427e-07
8.51209e-07
1.51383e-06
4.60622e-06
6.82638e-06
7.02372e-06
6.16602e-06
4.81385e-06
3.32682e-06
2.15422e-06
1.48904e-06
1.28799e-06
1.47808e-06
2.00219e-06
2.85328e-06
-2.16843e-05
4.83809e-06
-2.25764e-05
6.72075e-06
-2.35545e-05
8.58789e-06
-2.45235e-05
1.02905e-05
-2.53277e-05
1.15747e-05
-2.57728e-05
1.21042e-05
-2.56373e-05
1.15557e-05
-2.46774e-05
9.66199e-06
-2.26132e-05
6.27383e-06
-1.90371e-05
1.3994e-06
-1.28605e-05
-5.43342e-06
-1.58252e-05
-1.80991e-05
5.42712e-06
-1.87624e-05
7.38383e-06
-1.94422e-05
9.26759e-06
-2.00471e-05
1.0895e-05
-2.04354e-05
1.19625e-05
-2.04258e-05
1.2094e-05
-1.97971e-05
1.09265e-05
-1.82782e-05
8.14265e-06
-1.55188e-05
3.51434e-06
-1.09815e-05
-3.13802e-06
-4.78993e-06
-1.16251e-05
-2.06154e-05
-1.47015e-05
5.80711e-06
-1.50839e-05
7.76607e-06
-1.54189e-05
9.60233e-06
-1.56286e-05
1.11042e-05
-1.55978e-05
1.19311e-05
-1.51784e-05
1.1674e-05
-1.4188e-05
9.9357e-06
-1.24116e-05
6.3659e-06
-9.66558e-06
7.68207e-07
-5.96267e-06
-6.84098e-06
-2.11403e-06
-1.54738e-05
-2.27289e-05
-1.15415e-05
5.9509e-06
-1.16249e-05
7.84923e-06
-1.1608e-05
9.58516e-06
-1.14342e-05
1.09301e-05
-1.10273e-05
1.15237e-05
-1.02934e-05
1.09396e-05
-9.12726e-06
8.76912e-06
-7.43252e-06
4.67085e-06
-5.24841e-06
-1.41612e-06
-2.88737e-06
-9.20219e-06
-9.19348e-07
-1.74419e-05
-2.36486e-05
-8.6595e-06
5.85212e-06
-8.44812e-06
7.63773e-06
-8.09724e-06
9.23418e-06
-7.57657e-06
1.0409e-05
-6.85545e-06
1.0802e-05
-5.90709e-06
9.99067e-06
-4.71714e-06
7.57872e-06
-3.30404e-06
3.25737e-06
-1.82795e-06
-2.89237e-06
-5.65233e-07
-1.0465e-05
2.72767e-07
-1.82802e-05
-2.33757e-05
-6.08006e-06
5.5198e-06
-5.59198e-06
7.1495e-06
-4.93721e-06
8.57911e-06
-4.11345e-06
9.58507e-06
-3.1366e-06
9.82487e-06
-2.047e-06
8.90074e-06
-9.13251e-07
6.44464e-06
1.68604e-07
2.17527e-06
9.95057e-07
-3.71899e-06
1.38881e-06
-1.08589e-05
1.27358e-06
-1.81652e-05
-2.21026e-05
-3.81042e-06
4.97351e-06
-3.0715e-06
6.41047e-06
-2.14619e-06
7.65382e-06
-1.05974e-06
8.49826e-06
1.30011e-07
8.63475e-06
1.32298e-06
7.70735e-06
2.38422e-06
5.38296e-06
3.17321e-06
1.38599e-06
3.46387e-06
-4.00988e-06
3.13909e-06
-1.05344e-05
2.20976e-06
-1.72362e-05
-1.98929e-05
-1.84099e-06
4.23863e-06
-8.80731e-07
5.45017e-06
2.82897e-07
6.49e-06
1.59995e-06
7.18109e-06
2.97746e-06
7.25702e-06
4.26576e-06
6.41873e-06
5.27757e-06
4.37096e-06
5.84556e-06
8.1775e-07
5.70794e-06
-3.87238e-06
4.74697e-06
-9.57357e-06
3.0063e-06
-1.54959e-05
-1.6887e-05
-1.46192e-07
3.3429e-06
1.00543e-06
4.29846e-06
2.37886e-06
5.11657e-06
3.90324e-06
5.65625e-06
5.45843e-06
5.70182e-06
6.85341e-06
5.02386e-06
7.85664e-06
3.36712e-06
8.2809e-06
3.93585e-07
7.80045e-06
-3.39233e-06
6.24317e-06
-8.01716e-06
3.67838e-06
-1.2931e-05
-1.3209e-05
1.31946e-06
2.3142e-06
2.63445e-06
2.98342e-06
4.19368e-06
3.55704e-06
5.91059e-06
3.93898e-06
7.64408e-06
3.96851e-06
9.16751e-06
3.50047e-06
1.0204e-05
2.33042e-06
1.05525e-05
4.48889e-08
9.78177e-06
-2.62212e-06
7.63805e-06
-5.87409e-06
4.19754e-06
-9.4909e-06
-9.01181e-06
2.64709e-06
1.18043e-06
4.09894e-06
1.53126e-06
5.82315e-06
1.83227e-06
7.72311e-06
2.0385e-06
9.63778e-06
2.0541e-06
1.13183e-05
1.82009e-06
1.24195e-05
1.2289e-06
1.27209e-05
-2.56824e-07
1.16419e-05
-1.54386e-06
8.90073e-06
-3.13386e-06
4.60646e-06
-5.19718e-06
-4.4063e-06
4.03365e-06
5.5648e-06
7.39695e-06
9.43551e-06
1.14896e-05
1.33097e-05
1.45385e-05
1.42816e-05
1.27375e-05
9.60361e-06
4.4063e-06
-1.20112e-05
-2.4301e-06
-1.40698e-05
-6.81203e-06
-1.46775e-05
-8.98076e-06
-1.5116e-05
-1.01036e-05
-1.56493e-05
-1.0158e-05
-1.63777e-05
-9.34174e-06
-1.72642e-05
-7.83321e-06
-1.82011e-05
-5.7997e-06
-1.90719e-05
-3.46158e-06
-1.97825e-05
-1.03312e-06
-2.0388e-05
1.12456e-06
3.13406e-06
-7.57088e-06
5.13882e-06
-1.04429e-05
-3.94046e-06
-1.15619e-05
-7.86214e-06
-1.22866e-05
-9.37935e-06
-1.29271e-05
-9.51779e-06
-1.36405e-05
-8.62862e-06
-1.44303e-05
-7.04376e-06
-1.52259e-05
-5.00449e-06
-1.59449e-05
-2.74301e-06
-1.65314e-05
-4.47078e-07
-1.70375e-05
1.63013e-06
3.60855e-06
-5.09049e-06
1.02275e-05
-7.64606e-06
-1.38542e-06
-8.9546e-06
-6.55397e-06
-9.81836e-06
-8.51588e-06
-1.05163e-05
-8.82012e-06
-1.11987e-05
-7.94647e-06
-1.18961e-05
-6.34655e-06
-1.25651e-05
-4.33582e-06
-1.31467e-05
-2.16172e-06
-1.36061e-05
1.18468e-08
-1.39865e-05
2.0101e-06
3.94633e-06
-3.39603e-06
1.36218e-05
-5.44655e-06
6.64663e-07
-6.74036e-06
-5.26049e-06
-7.64521e-06
-7.61135e-06
-8.36669e-06
-8.0989e-06
-9.01731e-06
-7.2961e-06
-9.63729e-06
-5.72682e-06
-1.02001e-05
-3.77327e-06
-1.06613e-05
-1.70095e-06
-1.09952e-05
3.45325e-07
-1.12337e-05
2.24815e-06
4.11393e-06
-2.04404e-06
1.56656e-05
-3.60169e-06
2.22201e-06
-4.79978e-06
-4.06265e-06
-5.70021e-06
-6.7111e-06
-6.43481e-06
-7.36448e-06
-7.06604e-06
-6.66501e-06
-7.63022e-06
-5.16281e-06
-8.11015e-06
-3.29354e-06
-8.46916e-06
-1.34224e-06
-8.68498e-06
5.60726e-07
-8.77798e-06
2.34069e-06
4.09844e-06
-8.54732e-07
1.6519e-05
-1.95468e-06
3.32157e-06
-3.0327e-06
-2.98491e-06
-3.92193e-06
-5.82216e-06
-4.68029e-06
-6.60632e-06
-5.31544e-06
-6.03007e-06
-5.85068e-06
-4.62774e-06
-6.27265e-06
-2.87182e-06
-6.54917e-06
-1.06601e-06
-6.6589e-06
6.7002e-07
-6.61269e-06
2.29408e-06
3.90274e-06
2.71031e-07
1.62476e-05
-4.02821e-07
3.99527e-06
-1.35978e-06
-2.02828e-06
-2.25557e-06
-4.92642e-06
-3.06451e-06
-5.79763e-06
-3.73564e-06
-5.35897e-06
-4.27281e-06
-4.09082e-06
-4.66326e-06
-2.48144e-06
-4.87786e-06
-8.51898e-07
-4.89652e-06
6.88369e-07
-4.72407e-06
2.12119e-06
3.54075e-06
1.36666e-06
1.488e-05
1.11159e-06
4.24965e-06
2.79945e-07
-1.1969e-06
-6.52486e-07
-3.9944e-06
-1.54973e-06
-4.90054e-06
-2.29506e-06
-4.61394e-06
-2.86802e-06
-3.51799e-06
-3.25436e-06
-2.09545e-06
-3.42804e-06
-6.78595e-07
-3.37255e-06
6.32291e-07
-3.09067e-06
1.839e-06
3.03156e-06
2.42697e-06
1.24501e-05
2.61691e-06
4.06016e-06
1.92813e-06
-5.09507e-07
9.3155e-07
-2.99706e-06
-9.48739e-08
-3.87531e-06
-9.57111e-07
-3.75104e-06
-1.60293e-06
-2.87332e-06
-2.01284e-06
-1.68496e-06
-2.16643e-06
-5.26501e-07
-2.05407e-06
5.20491e-07
-1.68163e-06
1.46628e-06
2.39789e-06
3.47283e-06
8.97425e-06
4.11244e-06
3.41917e-06
3.61313e-06
-1.12624e-08
2.54699e-06
-1.93143e-06
1.36044e-06
-2.68955e-06
3.34755e-07
-2.7258e-06
-4.2761e-07
-2.11168e-06
-8.92219e-07
-1.2209e-06
-1.04633e-06
-3.73584e-07
-8.94286e-07
3.68365e-07
-4.50403e-07
1.02208e-06
1.66242e-06
4.36872e-06
4.60072e-06
5.56845e-06
2.21701e-06
5.35926e-06
1.95377e-07
4.28489e-06
-8.58233e-07
2.94574e-06
-1.3521e-06
1.70422e-06
-1.48544e-06
7.59955e-07
-1.16951e-06
1.99172e-07
-6.61929e-07
2.18517e-08
-1.99294e-07
1.98594e-07
1.91055e-07
6.95079e-07
5.23763e-07
8.48152e-07
4.60019e-06
6.81666e-06
7.01181e-06
6.15324e-06
4.80093e-06
3.31505e-06
2.14518e-06
1.48251e-06
1.28308e-06
1.47379e-06
1.99663e-06
)
;

boundaryField
{
    rotor
    {
        type            calculated;
        value           uniform 0;
    }
    stator
    {
        type            calculated;
        value           uniform 0;
    }
    front
    {
        type            empty;
        value           nonuniform 0();
    }
    back
    {
        type            empty;
        value           nonuniform 0();
    }
}


// ************************************************************************* //
