/*--------------------------------*- C++ -*----------------------------------*\
| =========                 |                                                 |
| \\      /  F ield         | OpenFOAM: The Open Source CFD Toolbox           |
|  \\    /   O peration     | Version:  v1912                                 |
|   \\  /    A nd           | Website:  www.openfoam.com                      |
|    \\/     M anipulation  |                                                 |
\*---------------------------------------------------------------------------*/
FoamFile
{
    version     2.0;
    format      ascii;
    class       volVectorField;
    location    "300";
    object      U;
}
// * * * * * * * * * * * * * * * * * * * * * * * * * * * * * * * * * * * * * //

dimensions      [0 1 -1 0 0 0 0];


internalField   nonuniform List<vector> 
3072
(
(0.225919 2.22443 0)
(0.251341 1.93292 0)
(0.336809 1.755 1.38104e-19)
(0.447727 1.66084 8.45435e-19)
(0.56968 1.58689 -1.58578e-18)
(0.675483 1.66039 9.16012e-19)
(1.00084 1.80514 4.51441e-19)
(1.87299 1.55697 4.92706e-19)
(2.77048 1.7795 -2.59708e-19)
(3.04028 2.2311 8.48643e-19)
(3.33091 2.38001 5.86163e-19)
(3.60131 2.52936 5.98573e-19)
(-0.427231 2.75583 -2.49304e-19)
(-0.234789 2.37401 -5.08735e-19)
(0.0355293 2.38215 5.28453e-19)
(0.379024 2.45961 0)
(0.893634 2.46372 8.47879e-19)
(1.74038 2.57775 -9.44559e-19)
(2.47388 2.9015 0)
(2.86677 2.93112 0)
(3.03239 2.99389 0)
(3.06939 3.01587 7.1876e-19)
(3.17237 3.01733 -2.51788e-18)
(3.28996 2.99544 4.26942e-19)
(-0.358847 3.03774 1.67799e-19)
(0.00263197 2.75881 0)
(0.537223 2.83489 0)
(1.20972 2.94312 -3.00099e-18)
(1.93809 3.11674 9.8088e-19)
(2.47072 3.1678 -1.91045e-18)
(2.81663 3.17053 1.94589e-18)
(3.01837 3.0565 0)
(3.13407 2.95931 0)
(3.20152 2.87766 -1.01683e-18)
(3.28757 2.79934 -1.02018e-18)
(3.37108 2.71816 3.45898e-18)
(-0.208061 3.32547 -1.41893e-18)
(0.290754 3.20084 -2.42374e-18)
(0.941955 3.33119 1.6345e-18)
(1.62118 3.4119 -1.51763e-18)
(2.19425 3.42497 3.54406e-18)
(2.57087 3.33715 -3.8105e-18)
(2.79716 3.22489 -2.39074e-18)
(2.95428 3.08086 -5.75317e-18)
(3.04337 2.96282 -2.07732e-19)
(3.10669 2.86048 3.01597e-18)
(3.17489 2.76359 3.33181e-18)
(3.23877 2.66891 -2.74227e-18)
(0.0423169 3.51034 0)
(0.568822 3.52003 1.10154e-18)
(1.18888 3.61529 -2.22452e-18)
(1.7935 3.61325 3.14845e-18)
(2.2498 3.52544 5.55405e-19)
(2.53384 3.38305 2.36762e-18)
(2.71703 3.23154 2.08961e-18)
(2.83193 3.07701 2.00105e-18)
(2.91317 2.93684 -4.10233e-18)
(2.98019 2.81219 3.55519e-18)
(3.04678 2.69687 -4.83482e-18)
(3.11221 2.58836 6.46544e-18)
(0.268979 3.66505 -3.30069e-18)
(0.781556 3.7586 1.48183e-18)
(1.33462 3.80044 4.24927e-18)
(1.84455 3.73168 0)
(2.20996 3.58786 -6.58627e-18)
(2.44131 3.41264 6.58229e-18)
(2.59482 3.23559 0)
(2.70386 3.06402 -4.87277e-18)
(2.78728 2.90767 4.196e-18)
(2.85867 2.76715 0)
(2.92654 2.63875 2.41273e-19)
(2.99248 2.52026 3.8604e-18)
(0.452861 3.82449 0)
(0.928032 3.98125 -3.47644e-18)
(1.40298 3.9635 3.19442e-18)
(1.82227 3.84683 0)
(2.12176 3.66234 -3.92075e-18)
(2.3218 3.45716 5.98294e-19)
(2.46374 3.25484 5.60403e-18)
(2.57172 3.06422 5.13268e-18)
(2.65947 2.89043 -4.52301e-18)
(2.73621 2.73373 4.45695e-18)
(2.80763 2.59163 -3.86297e-18)
(2.87579 2.462 -1.08172e-17)
(0.611009 4.0105 0)
(1.02173 4.21395 3.1167e-18)
(1.41154 4.13652 -4.77585e-18)
(1.74995 3.97908 4.7758e-18)
(2.00175 3.75812 0)
(2.18508 3.52194 -6.15402e-18)
(2.32504 3.29256 5.95915e-18)
(2.43745 3.07903 1.01019e-19)
(2.53185 2.88494 -9.74347e-18)
(2.61476 2.71033 -4.52372e-18)
(2.69038 2.55316 -2.41962e-19)
(2.76099 2.4112 8.05383e-18)
(0.713181 4.19006 0)
(1.07468 4.45593 -3.9759e-18)
(1.37276 4.31135 -5.56582e-18)
(1.638 4.11128 -3.98379e-18)
(1.8551 3.85632 7.89023e-18)
(2.03111 3.59003 0)
(2.17547 3.33398 0)
(2.29626 3.097 0)
(2.39937 2.88222 0)
(2.48944 2.68959 4.66225e-18)
(2.56984 2.51726 -4.64014e-18)
(2.64305 2.3628 4.41767e-18)
(0.81169 4.47685 0)
(1.05458 4.69272 2.92082e-18)
(1.25437 4.44186 -6.3628e-19)
(1.47276 4.1808 4.59551e-18)
(1.67169 3.89481 4.49821e-18)
(1.84742 3.60657 -7.15449e-18)
(2.00085 3.33381 0)
(2.13367 3.08253 -2.12121e-19)
(2.24839 2.85481 -1.72483e-17)
(2.34802 2.65052 0)
(2.43514 2.46802 1.05207e-17)
(2.51241 2.30485 -4.88898e-18)
(0.966114 4.56893 0)
(0.948524 4.68767 3.30542e-18)
(1.04096 4.35742 9.59622e-18)
(1.23087 4.04361 -8.14064e-18)
(1.42597 3.75689 -1.13979e-17)
(1.61193 3.47905 1.79434e-17)
(1.78162 3.21928 -2.02872e-19)
(1.93206 2.97932 -6.96134e-18)
(2.06312 2.75977 5.65517e-18)
(2.17659 2.56069 -1.19105e-17)
(2.27414 2.38127 -1.63685e-17)
(2.35867 2.21959 1.64028e-17)
(0.386758 4.16913 -1.87112e-18)
(0.566841 4.10415 -1.24388e-17)
(0.700733 3.79629 2.37856e-18)
(0.903112 3.53574 0)
(1.12081 3.33024 0)
(1.33019 3.12785 3.57792e-19)
(1.52174 2.93128 1.88651e-17)
(1.69287 2.74172 1.1632e-17)
(1.84271 2.56121 0)
(1.9727 2.39192 1.08712e-17)
(2.08341 2.23512 0)
(2.1781 2.09033 4.85011e-19)
(3.87436 2.47065 6.8396e-19)
(4.07917 2.4193 -5.76093e-19)
(4.22659 2.26615 -1.58916e-19)
(4.30178 2.11689 -5.19588e-19)
(4.31054 1.91969 -2.45718e-19)
(4.25088 1.72079 0)
(4.11249 1.50449 0)
(3.89535 1.29419 7.78847e-19)
(3.59868 1.07437 -9.15144e-19)
(3.19061 0.82636 0)
(2.73959 0.420852 0)
(2.61842 -0.0996144 -4.85219e-20)
(3.4018 2.9614 1.45298e-18)
(3.51368 2.88892 0)
(3.62579 2.77971 -8.9619e-19)
(3.72706 2.63586 4.0525e-19)
(3.80492 2.46797 2.54039e-19)
(3.84144 2.29601 2.55178e-18)
(3.8287 2.1269 -4.12867e-18)
(3.76206 1.97501 6.5549e-19)
(3.63895 1.85709 0)
(3.36255 1.74502 0)
(3.08625 1.6181 0)
(3.2057 1.16971 6.89884e-19)
(3.45658 2.6327 1.37657e-18)
(3.54003 2.53979 -3.74679e-18)
(3.61945 2.43763 1.02864e-18)
(3.68409 2.33211 2.49448e-18)
(3.727 2.22637 -2.56809e-18)
(3.74083 2.12757 0)
(3.72222 2.04605 0)
(3.67065 1.99064 -2.11895e-19)
(3.59319 1.96759 1.05746e-18)
(3.44436 1.9624 0)
(3.20847 1.95821 0)
(3.40495 1.85664 -4.49631e-19)
(3.30438 2.57603 3.09224e-19)
(3.3721 2.48255 3.7496e-18)
(3.43728 2.38693 2.63165e-18)
(3.49313 2.29263 -2.62618e-18)
(3.53502 2.20486 0)
(3.55956 2.12997 1.55884e-18)
(3.56372 2.07571 0)
(3.55102 2.04969 2.46648e-18)
(3.5193 2.05758 -7.31948e-19)
(3.44734 2.12028 0)
(3.26056 2.21401 -5.24213e-19)
(3.55289 2.2969 6.14986e-19)
(3.17838 2.4852 -2.65258e-18)
(3.24375 2.38602 0)
(3.30538 2.2911 0)
(3.36009 2.20334 0)
(3.40591 2.12694 0)
(3.44195 2.06705 -2.79159e-18)
(3.46662 2.03282 -1.25435e-19)
(3.48088 2.02827 -1.29342e-18)
(3.49109 2.06535 0)
(3.47862 2.15833 -1.01258e-18)
(3.35918 2.31447 4.73439e-19)
(3.76518 2.53319 -1.57977e-19)
(3.05773 2.41001 -2.13399e-19)
(3.12158 2.307 -6.40692e-18)
(3.18268 2.21172 3.0325e-18)
(3.23976 2.1264 4.49279e-22)
(3.29236 2.05449 1.9869e-19)
(3.34069 2.00058 4.41683e-18)
(3.38624 1.97084 -1.41162e-19)
(3.4312 1.97196 -4.99607e-18)
(3.47776 2.01542 -2.0177e-18)
(3.52911 2.11731 1.02261e-18)
(3.47461 2.31605 -1.27127e-18)
(3.93325 2.65563 -5.10705e-19)
(2.94188 2.34313 1.03327e-17)
(3.00609 2.23405 3.38073e-18)
(3.06833 2.13499 0)
(3.12876 2.04746 0)
(3.18827 1.97409 1.89815e-19)
(3.24857 1.91858 -3.22937e-18)
(3.31248 1.88599 5.08853e-18)
(3.38383 1.88256 -1.19866e-19)
(3.46633 1.91899 1.74035e-18)
(3.56717 2.01395 0)
(3.59061 2.21048 -2.31931e-19)
(4.08635 2.631 -7.79984e-20)
(2.82805 2.28248 -3.85227e-18)
(2.89257 2.16567 -3.54246e-18)
(2.95551 2.06045 3.79907e-18)
(3.01818 1.96753 -3.56765e-18)
(3.08265 1.88858 1.15223e-21)
(3.15193 1.82621 7.14463e-18)
(3.2304 1.78406 -3.30111e-18)
(3.32395 1.76753 1.875e-18)
(3.43872 1.78611 0)
(3.58775 1.85944 1.1459e-18)
(3.69193 2.04058 5.82815e-19)
(4.19198 2.50228 -8.86443e-19)
(2.71086 2.2239 4.25942e-18)
(2.77505 2.09858 -4.12069e-18)
(2.83747 1.98585 -3.85026e-18)
(2.90033 1.88558 -8.02494e-18)
(2.96666 1.79841 7.74926e-18)
(3.04049 1.72562 -7.46842e-18)
(3.12773 1.66908 0)
(3.23662 1.63251 -1.79912e-18)
(3.37653 1.62266 0)
(3.56773 1.65783 0)
(3.7544 1.80041 0)
(4.24605 2.22711 4.23756e-19)
(2.58178 2.15865 4.71341e-18)
(2.64573 2.02672 -9.42514e-18)
(2.70677 1.90755 9.17363e-18)
(2.76775 1.80017 8.80964e-18)
(2.83243 1.70421 4.26788e-18)
(2.90561 1.61969 0)
(2.99441 1.54625 0)
(3.10908 1.48502 4.21546e-18)
(3.26307 1.43831 0)
(3.48714 1.42111 -1.20035e-18)
(3.73815 1.48654 7.82132e-19)
(4.22924 1.79768 -1.24114e-18)
(2.43189 2.07401 -1.06724e-17)
(2.49687 1.94127 9.79726e-18)
(2.55658 1.81991 -9.53109e-18)
(2.61421 1.70848 -2.3903e-17)
(2.67374 1.60585 -2.32713e-19)
(2.74051 1.51097 1.28734e-19)
(2.82291 1.4211 -4.63311e-18)
(2.9314 1.33406 -4.26498e-18)
(3.08366 1.24556 0)
(3.31966 1.16467 3.65639e-18)
(3.6073 1.09936 8.98859e-19)
(4.09087 1.07415 -1.7467e-18)
(2.25725 1.95765 -4.79448e-19)
(2.32435 1.83333 0)
(2.38253 1.71699 0)
(2.43502 1.60701 4.66905e-18)
(2.48604 1.50221 1.42582e-17)
(2.54061 1.40106 -4.67007e-18)
(2.6086 1.29896 -2.11006e-19)
(2.69822 1.19073 -2.43734e-18)
(2.82989 1.06393 -2.28081e-18)
(3.0325 0.917128 -2.30291e-18)
(3.33161 0.69054 0)
(3.67824 -0.0208252 2.28983e-18)
(2.2239 -0.227224 3.17732e-22)
(1.93155 -0.252573 0)
(1.75379 -0.3372 -1.37829e-19)
(1.66 -0.448034 0)
(1.58601 -0.569654 -7.87627e-19)
(1.65879 -0.675302 9.1462e-19)
(1.80478 -0.998962 0)
(1.55732 -1.8679 3.22095e-19)
(1.77582 -2.76848 -2.57246e-19)
(2.22929 -3.04014 6.40229e-20)
(2.37813 -3.32972 -6.94791e-19)
(2.5282 -3.60082 -5.99278e-19)
(2.75587 0.426647 -2.86226e-19)
(2.37379 0.234654 -1.34911e-19)
(2.38134 -0.0353428 5.55811e-19)
(2.45862 -0.378128 0)
(2.46344 -0.890746 -8.49877e-19)
(2.57562 -1.73728 4.02817e-19)
(2.89962 -2.47209 0)
(2.93024 -2.86664 8.05343e-19)
(2.99251 -3.03296 -3.55434e-18)
(3.01485 -3.06999 1.88241e-18)
(3.01623 -3.17251 1.31034e-18)
(2.99453 -3.2901 -3.5315e-18)
(3.03758 0.359306 -1.6782e-19)
(2.75837 -0.00145554 0)
(2.83404 -0.535463 -1.73604e-18)
(2.94159 -1.20743 0)
(3.11557 -1.93664 0)
(3.16685 -2.47012 -8.04757e-19)
(3.16992 -2.81673 4.30745e-18)
(3.05617 -3.01859 -3.05423e-18)
(2.95867 -3.13458 9.22039e-19)
(2.87704 -3.20195 0)
(2.79868 -3.28781 2.54824e-18)
(2.71752 -3.37125 -1.46824e-18)
(3.32565 0.20898 9.02949e-19)
(3.20041 -0.289362 1.37971e-18)
(3.33063 -0.940446 1.20293e-18)
(3.41138 -1.61997 2.28041e-18)
(3.42479 -2.19375 -1.64456e-18)
(3.33702 -2.57089 -1.34716e-18)
(3.22479 -2.79751 0)
(3.08067 -2.95471 0)
(2.96245 -3.04391 1.94434e-18)
(2.86005 -3.10713 0)
(2.76312 -3.17522 4.08192e-19)
(2.66843 -3.23904 1.18714e-18)
(3.51073 -0.0410856 1.68478e-18)
(3.51994 -0.567409 -8.85831e-19)
(3.61533 -1.18767 -2.22728e-18)
(3.61344 -1.79278 0)
(3.52574 -2.24966 0)
(3.38327 -2.53402 3.19996e-18)
(3.23164 -2.71742 0)
(3.07701 -2.83235 -4.71405e-18)
(2.93669 -2.91362 -1.94548e-18)
(2.81193 -2.98056 3.55875e-18)
(2.69656 -3.04708 -4.83956e-18)
(2.588 -3.11243 3.07775e-18)
(3.66554 -0.267766 -1.83427e-18)
(3.75876 -0.780355 -1.29496e-18)
(3.80084 -1.33371 1.84545e-18)
(3.73218 -1.8441 3.03172e-19)
(3.58837 -2.20992 3.31532e-18)
(3.41303 -2.44149 -6.33484e-18)
(3.23584 -2.59512 5.6218e-18)
(3.06413 -2.70419 5.23961e-19)
(2.90764 -2.78762 0)
(2.76701 -2.85898 0)
(2.63853 -2.9268 7.47379e-18)
(2.52 -2.99269 3.94681e-20)
(3.82503 -0.45188 -4.61126e-20)
(3.98157 -0.927093 -1.92629e-18)
(3.96408 -1.40232 0)
(3.84749 -1.82196 -3.93871e-18)
(3.66294 -2.12173 4.15917e-18)
(3.45763 -2.32193 1.00953e-17)
(3.25517 -2.46395 6.15274e-18)
(3.06442 -2.57197 7.40224e-19)
(2.89049 -2.65974 -9.49897e-18)
(2.73369 -2.73646 4.16431e-18)
(2.59151 -2.80786 4.41824e-18)
(2.46182 -2.87598 2.28401e-19)
(4.01101 -0.610327 1.9866e-19)
(4.21437 -1.02105 3.11905e-18)
(4.13718 -1.41106 0)
(3.97979 -1.7497 -4.77818e-18)
(3.75877 -2.0017 -3.50498e-18)
(3.52248 -2.18515 5.74453e-19)
(3.29295 -2.32517 -1.13145e-17)
(3.0793 -2.43763 3.74832e-19)
(2.88507 -2.53206 -2.48733e-19)
(2.71036 -2.61497 4.7554e-18)
(2.55311 -2.69058 -3.82628e-18)
(2.41108 -2.76118 2.00241e-19)
(4.19049 -0.712955 -3.53507e-18)
(4.45639 -1.0743 1.60225e-18)
(4.31196 -1.37242 -8.10449e-18)
(4.11195 -1.63778 3.98453e-18)
(3.85695 -1.855 0)
(3.59056 -2.03109 0)
(3.3344 -2.17553 6.36086e-18)
(3.09731 -2.29637 1.14609e-17)
(2.88241 -2.39952 -5.18072e-18)
(2.68968 -2.48962 -4.66476e-18)
(2.51727 -2.57003 -4.42743e-18)
(2.36275 -2.64324 0)
(4.47721 -0.81172 7.08261e-20)
(4.69301 -1.05419 4.42772e-18)
(4.4423 -1.25407 9.86179e-18)
(4.18132 -1.47253 0)
(3.89532 -1.67152 7.88748e-18)
(3.60703 -1.84733 0)
(3.33419 -2.00083 3.19338e-19)
(3.08282 -2.13371 -5.66348e-18)
(2.85501 -2.24848 6.0333e-18)
(2.65063 -2.34816 0)
(2.46807 -2.43531 0)
(2.30484 -2.5126 -1.00923e-17)
(4.56896 -0.9663 -6.73969e-18)
(4.68773 -0.948421 3.30023e-18)
(4.35759 -1.04073 5.38184e-19)
(4.04386 -1.23062 -8.95951e-18)
(3.75716 -1.42574 -3.53482e-18)
(3.47932 -1.61175 -3.58927e-18)
(3.21952 -1.78151 -6.94952e-18)
(2.97952 -1.93202 -1.94841e-17)
(2.75992 -2.06315 -5.65664e-18)
(2.56079 -2.17669 -1.1914e-17)
(2.38132 -2.27429 1.14411e-17)
(2.21959 -2.35885 1.04233e-17)
(4.1691 -0.386849 3.57932e-18)
(4.10398 -0.566681 -1.42925e-18)
(3.79615 -0.700479 3.51181e-19)
(3.5357 -0.902827 7.49455e-18)
(3.33026 -1.12054 0)
(3.12792 -1.32997 -6.78092e-18)
(2.93137 -1.52158 6.08004e-18)
(2.74181 -1.69279 5.40676e-18)
(2.56129 -1.84271 -1.75085e-17)
(2.39198 -1.97278 1.08723e-17)
(2.23515 -2.08355 -1.05896e-17)
(2.09034 -2.17828 0)
(2.46949 -3.8735 -6.28109e-19)
(2.41852 -4.0787 1.53817e-18)
(2.26536 -4.22599 -1.07533e-18)
(2.11637 -4.30141 -4.73598e-19)
(1.91921 -4.31005 1.03459e-19)
(1.72051 -4.25058 4.86447e-20)
(1.50424 -4.11213 -1.13527e-19)
(1.29405 -3.89512 -2.78083e-19)
(1.07427 -3.59842 -9.15395e-19)
(0.82632 -3.19044 0)
(0.420805 -2.73946 0)
(-0.0998629 -2.61827 -4.85509e-20)
(2.96061 -3.40171 -3.70251e-20)
(2.8883 -3.51356 1.98957e-18)
(2.77919 -3.62559 -8.96188e-19)
(2.63543 -3.72684 0)
(2.46761 -3.8047 1.59501e-18)
(2.29571 -3.84124 0)
(2.12666 -3.8285 1.22785e-18)
(1.97482 -3.7619 2.17361e-18)
(1.85695 -3.63882 -1.86424e-18)
(1.74492 -3.36247 0)
(1.61799 -3.08619 0)
(1.16944 -3.20572 -1.9673e-20)
(2.63208 -3.45664 9.77518e-19)
(2.53923 -3.54004 -9.20602e-19)
(2.43712 -3.6194 1.02982e-18)
(2.33167 -3.68401 0)
(2.226 -3.72689 -1.13246e-18)
(2.12726 -3.74072 2.92552e-18)
(2.04579 -3.7221 -4.22237e-18)
(1.99044 -3.67055 -4.86715e-18)
(1.96743 -3.59311 2.97912e-18)
(1.96227 -3.44431 0)
(1.95808 -3.20844 5.78571e-19)
(1.8565 -3.40501 1.47436e-19)
(2.57556 -3.30455 1.15734e-18)
(2.4821 -3.37217 -2.60857e-18)
(2.38652 -3.43729 2.63399e-18)
(2.29226 -3.49309 -2.62837e-18)
(2.20453 -3.53496 0)
(2.12968 -3.55948 1.55978e-18)
(2.07546 -3.56364 1.13619e-18)
(2.04948 -3.55095 6.84015e-19)
(2.0574 -3.51925 -1.48526e-18)
(2.12014 -3.44731 0)
(2.21386 -3.26053 -3.40912e-19)
(2.2967 -3.55291 5.57726e-19)
(2.48484 -3.17852 2.96796e-18)
(2.38566 -3.24383 -1.55227e-18)
(2.29076 -3.30542 0)
(2.20302 -3.3601 0)
(2.12665 -3.40589 1.52479e-18)
(2.06677 -3.44192 -1.27802e-18)
(2.03258 -3.46658 -2.27387e-19)
(2.02806 -3.48085 0)
(2.06517 -3.49106 -7.72211e-19)
(2.15818 -3.47861 1.01292e-18)
(2.31433 -3.35917 -1.03474e-18)
(2.53303 -3.76524 -2.54626e-19)
(2.40973 -3.05788 -6.42887e-18)
(2.30671 -3.12169 3.09454e-18)
(2.21144 -3.18275 6.27159e-18)
(2.12612 -3.23981 4.46662e-22)
(2.05422 -3.29239 -7.57234e-18)
(2.00034 -3.3407 -3.23499e-18)
(1.97061 -3.38625 -2.22593e-19)
(1.97176 -3.4312 0)
(2.01523 -3.47776 0)
(2.11715 -3.52913 -1.02288e-18)
(2.3159 -3.47461 -7.40142e-19)
(2.65548 -3.93329 2.23376e-19)
(2.34292 -2.94204 3.52889e-18)
(2.23382 -3.00622 -6.97546e-18)
(2.13475 -3.06843 -3.10956e-18)
(2.04723 -3.12884 -1.79334e-19)
(1.97386 -3.18833 3.0238e-18)
(1.91836 -3.24862 3.01401e-18)
(1.88578 -3.31252 1.71619e-18)
(1.88236 -3.38386 1.68785e-18)
(1.91881 -3.46636 -1.88792e-18)
(2.01379 -3.5672 0)
(2.21035 -3.59062 1.19302e-18)
(2.6309 -4.08641 -3.4456e-19)
(2.28233 -2.82822 0)
(2.16549 -2.89272 3.54463e-18)
(2.06025 -2.95564 0)
(1.96733 -3.01829 -1.79399e-19)
(1.88838 -3.08274 1.15755e-21)
(1.826 -3.15201 7.14846e-18)
(1.78387 -3.23047 -1.56021e-18)
(1.76735 -3.324 -3.65993e-18)
(1.78594 -3.43876 -2.02484e-18)
(1.85929 -3.58779 1.14627e-18)
(2.04046 -3.69197 -2.23296e-18)
(2.5022 -4.19202 1.12767e-18)
(2.22381 -2.71104 4.26177e-18)
(2.09845 -2.77523 -4.12295e-18)
(1.9857 -2.83763 -4.17063e-18)
(1.88541 -2.90047 4.08673e-18)
(1.79824 -2.96678 3.87971e-18)
(1.72544 -3.0406 -1.14424e-17)
(1.6689 -3.12782 0)
(1.63234 -3.23669 1.7999e-18)
(1.6225 -3.37658 1.8722e-18)
(1.6577 -3.56778 0)
(1.8003 -3.75444 2.74727e-18)
(2.22706 -4.24608 -2.02095e-18)
(2.15859 -2.58197 0)
(2.02663 -2.64591 -9.42963e-18)
(1.90744 -2.70694 -4.88386e-18)
(1.80004 -2.76791 -8.55457e-18)
(1.70407 -2.83258 4.26983e-18)
(1.61954 -2.90573 4.05076e-18)
(1.5461 -2.99451 0)
(1.48487 -3.10916 0)
(1.43816 -3.26313 0)
(1.42097 -3.48719 0)
(1.48644 -3.73819 -7.83426e-19)
(1.79764 -4.22927 -1.01334e-19)
(2.07398 -2.43208 5.20283e-18)
(1.94121 -2.49707 4.74917e-18)
(1.81982 -2.55677 1.96141e-17)
(1.70838 -2.61438 5.02797e-18)
(1.60574 -2.67389 1.89983e-17)
(1.51085 -2.74064 -4.5994e-18)
(1.42097 -2.82301 -4.63476e-18)
(1.33393 -2.93148 0)
(1.24542 -3.08371 -4.48642e-18)
(1.16454 -3.31971 -2.43009e-18)
(1.09926 -3.60733 -1.83066e-18)
(1.07411 -4.09086 -1.08806e-25)
(1.95764 -2.25745 0)
(1.83329 -2.32456 0)
(1.71693 -2.38272 -1.9987e-17)
(1.60693 -2.4352 -1.45199e-17)
(1.50212 -2.48619 -4.60217e-18)
(1.40096 -2.54074 0)
(1.29885 -2.6087 4.65819e-18)
(1.19061 -2.69828 0)
(1.06381 -2.82993 -1.9329e-19)
(0.917006 -3.03252 2.30336e-18)
(0.690445 -3.33161 6.63667e-19)
(-0.0208674 -3.67824 4.53573e-18)
(-0.227465 -2.22391 1.07526e-19)
(-0.252805 -1.93162 2.04781e-19)
(-0.337607 -1.75415 -1.9525e-19)
(-0.448232 -1.66038 4.61069e-20)
(-0.570251 -1.58667 0)
(-0.675927 -1.66043 9.28051e-20)
(-1.00141 -1.80503 0)
(-1.87383 -1.55685 4.48808e-19)
(-2.77045 -1.78005 1.0704e-18)
(-3.03985 -2.23111 -1.84685e-20)
(-3.33067 -2.38005 -1.97352e-20)
(-3.60085 -2.52918 9.43934e-19)
(0.426307 -2.75596 4.19793e-19)
(0.234136 -2.37404 -5.10911e-19)
(-0.0358862 -2.38211 5.43412e-19)
(-0.37927 -2.45974 -8.6597e-20)
(-0.893858 -2.46357 -8.51153e-19)
(-1.7407 -2.5778 -1.76355e-19)
(-2.47389 -2.90153 -8.85778e-19)
(-2.86635 -2.93088 -1.48529e-18)
(-3.03184 -2.99379 3.45493e-18)
(-3.06886 -3.01566 -6.82265e-19)
(-3.17197 -3.01714 7.83468e-19)
(-3.28954 -2.99518 4.80765e-19)
(0.358551 -3.03772 -3.3604e-19)
(-0.0030291 -2.75872 0)
(-0.537571 -2.83472 0)
(-1.21009 -2.94307 -1.27083e-18)
(-1.93835 -3.1167 0)
(-2.47065 -3.16765 -1.10592e-18)
(-2.81632 -3.17034 7.14872e-19)
(-3.01797 -3.05626 2.54029e-18)
(-3.13358 -2.95915 -1.13584e-18)
(-3.20106 -2.87749 -1.85506e-18)
(-3.28715 -2.79917 -3.56909e-18)
(-3.37068 -2.71798 3.45939e-18)
(0.207698 -3.32536 -1.80894e-18)
(-0.291243 -3.20074 -1.37964e-18)
(-0.942423 -3.33111 2.12023e-18)
(-1.62149 -3.41182 7.61942e-19)
(-2.19427 -3.42481 0)
(-2.57064 -3.33695 -4.57461e-18)
(-2.79682 -3.22468 3.80094e-18)
(-2.95386 -3.08066 0)
(-3.04293 -2.96266 2.92792e-18)
(-3.10629 -2.86033 -4.32245e-18)
(-3.17453 -2.76343 2.92374e-18)
(-3.23845 -2.66874 3.94733e-19)
(-0.0424741 -3.51036 2.51997e-18)
(-0.569189 -3.51999 2.67466e-18)
(-1.18922 -3.61524 6.94313e-19)
(-1.79363 -3.61313 0)
(-2.24968 -3.52528 -2.84615e-18)
(-2.53358 -3.38287 5.04639e-18)
(-2.71667 -3.23138 0)
(-2.83157 -3.07687 -2.56117e-18)
(-2.91282 -2.93673 -2.32765e-18)
(-2.97988 -2.81207 3.55444e-18)
(-3.04651 -2.69675 0)
(-3.11198 -2.58823 -2.78e-18)
(-0.269152 -3.66505 1.47157e-18)
(-0.781836 -3.75859 5.8109e-19)
(-1.33482 -3.80038 -1.84355e-18)
(-1.84455 -3.73157 -8.0108e-18)
(-2.20978 -3.58773 -2.49966e-19)
(-2.44103 -3.41252 6.58106e-18)
(-2.59452 -3.23549 0)
(-2.70357 -3.06393 7.37421e-18)
(-2.78701 -2.9076 -4.31966e-18)
(-2.85844 -2.76708 3.82825e-18)
(-2.92635 -2.63867 2.41162e-19)
(-2.99232 -2.52017 -3.93977e-20)
(-0.453017 -3.82451 -1.52465e-18)
(-0.928228 -3.98124 -1.27528e-18)
(-1.40308 -3.96343 0)
(-1.8222 -3.84673 8.45163e-18)
(-2.12155 -3.66224 -1.1773e-17)
(-2.32155 -3.45709 -1.90945e-19)
(-2.4635 -3.25479 -1.17472e-17)
(-2.57149 -3.06419 4.47453e-19)
(-2.65927 -2.8904 -4.5216e-18)
(-2.73605 -2.73371 -4.4556e-18)
(-2.8075 -2.59159 4.41355e-18)
(-2.87569 -2.46195 -3.66815e-18)
(-0.611118 -4.01051 -1.38459e-19)
(-1.02185 -4.2139 -1.66585e-18)
(-1.41156 -4.13643 0)
(-1.74984 -3.97898 4.77349e-18)
(-2.00157 -3.75805 3.30322e-18)
(-2.18487 -3.5219 2.90445e-18)
(-2.32483 -3.29254 -4.57179e-19)
(-2.43727 -3.07903 -1.00988e-19)
(-2.53171 -2.88494 -5.2006e-18)
(-2.61465 -2.71032 -5.26051e-19)
(-2.6903 -2.55315 2.12412e-19)
(-2.76094 -2.41117 0)
(-0.713295 -4.19005 2.19614e-18)
(-1.07474 -4.45585 0)
(-1.37273 -4.31125 0)
(-1.63789 -4.11117 -3.98252e-18)
(-1.85494 -3.85625 3.47598e-18)
(-2.03092 -3.58999 -7.01091e-18)
(-2.1753 -3.33397 0)
(-2.29611 -3.09701 5.60936e-18)
(-2.39926 -2.88223 -2.29306e-19)
(-2.48937 -2.68959 4.66099e-18)
(-2.5698 -2.51726 -4.81659e-18)
(-2.64303 -2.36279 9.18833e-18)
(-0.811715 -4.47681 4.60874e-18)
(-1.0546 -4.69263 -1.51553e-18)
(-1.25432 -4.44175 -5.24916e-18)
(-1.47265 -4.18069 -8.83329e-18)
(-1.67153 -3.89472 0)
(-1.84726 -3.60652 6.49774e-18)
(-2.0007 -3.33379 -1.29825e-17)
(-2.13354 -3.08252 5.71941e-18)
(-2.2483 -2.85482 6.02945e-18)
(-2.34797 -2.65052 0)
(-2.43512 -2.46802 -5.61712e-18)
(-2.51241 -2.30484 -9.41481e-18)
(-0.966158 -4.56891 -6.69221e-18)
(-0.9485 -4.68757 1.50247e-18)
(-1.04088 -4.35731 4.52873e-18)
(-1.23075 -4.04349 3.81363e-18)
(-1.42582 -3.75679 -4.75815e-20)
(-1.61177 -3.47898 -1.10809e-17)
(-1.78148 -3.21924 1.32091e-17)
(-1.93196 -2.9793 2.56203e-17)
(-2.06305 -2.75977 -1.77812e-17)
(-2.17656 -2.56069 -1.19082e-17)
(-2.27415 -2.38127 1.07951e-17)
(-2.3587 -2.21959 0)
(-0.386754 -4.16913 5.53558e-18)
(-0.566746 -4.10406 1.88249e-18)
(-0.700626 -3.79617 2.02728e-18)
(-0.902984 -3.53564 8.04486e-18)
(-1.12068 -3.33015 0)
(-1.33007 -3.12779 6.42286e-18)
(-1.52163 -2.93125 -1.27842e-17)
(-1.6928 -2.74171 -5.65831e-18)
(-1.84268 -2.56122 -5.76521e-18)
(-1.97271 -2.39194 1.08705e-17)
(-2.08345 -2.23513 5.65288e-18)
(-2.17817 -2.09034 1.61417e-17)
(-3.87398 -2.47051 2.00976e-19)
(-4.07868 -2.41906 5.1926e-19)
(-4.22616 -2.26596 4.28456e-19)
(-4.3013 -2.11664 -1.07e-18)
(-4.31013 -1.9195 3.49213e-19)
(-4.25046 -1.72058 0)
(-4.11214 -1.50434 -4.72101e-19)
(-3.89501 -1.29403 3.53893e-19)
(-3.59843 -1.07425 0)
(-3.19041 -0.826241 1.08473e-19)
(-2.7395 -0.420751 0)
(-2.61832 0.0997346 -2.88522e-19)
(-3.40145 -2.9611 -3.9085e-18)
(-3.51332 -2.8886 2.86645e-18)
(-3.62545 -2.77939 2.11596e-18)
(-3.72672 -2.63555 -8.69677e-19)
(-3.80459 -2.46768 0)
(-3.84112 -2.29575 0)
(-3.82841 -2.12666 1.42218e-18)
(-3.76181 -1.9748 -1.54436e-18)
(-3.63875 -1.85689 0)
(-3.36241 -1.74483 5.79628e-19)
(-3.08617 -1.61792 -6.10236e-20)
(-3.20566 -1.16956 -1.05522e-18)
(-3.45621 -2.6325 1.43898e-18)
(-3.53969 -2.53959 -2.43169e-18)
(-3.61913 -2.43742 0)
(-3.68379 -2.33189 -2.52066e-18)
(-3.72673 -2.22615 -2.64421e-18)
(-3.74059 -2.12735 5.76724e-18)
(-3.72202 -2.04583 -5.156e-18)
(-3.67048 -1.99042 0)
(-3.59305 -1.96736 0)
(-3.44427 -1.96217 0)
(-3.20843 -1.95798 -5.17483e-19)
(-3.40489 -1.85642 1.54852e-19)
(-3.30411 -2.57585 -1.15629e-18)
(-3.37185 -2.48235 -3.51372e-19)
(-3.43706 -2.38672 0)
(-3.49293 -2.2924 -3.28926e-19)
(-3.53484 -2.20463 0)
(-3.5594 -2.12973 0)
(-3.56359 -2.07547 1.28553e-18)
(-3.55091 -2.04945 -1.57178e-18)
(-3.51922 -2.05732 1.62888e-18)
(-3.44728 -2.12003 0)
(-3.26054 -2.21375 -5.24344e-19)
(-3.55284 -2.29664 -6.15222e-19)
(-3.17818 -2.48506 6.17972e-18)
(-3.24358 -2.38586 -1.5507e-18)
(-3.30523 -2.29093 2.80171e-18)
(-3.35996 -2.20315 1.26916e-18)
(-3.40579 -2.12674 -4.33412e-18)
(-3.44185 -2.06683 0)
(-3.46653 -2.03259 -1.48073e-18)
(-3.48081 -2.02802 0)
(-3.49103 -2.06509 0)
(-3.47858 -2.15807 1.01261e-18)
(-3.35919 -2.3142 3.47469e-20)
(-3.76512 -2.53291 6.97258e-19)
(-3.0576 -2.40991 -2.9895e-18)
(-3.12147 -2.30688 -2.22336e-19)
(-3.18259 -2.21159 0)
(-3.23969 -2.12624 0)
(-3.2923 -2.05431 -4.78719e-18)
(-3.34063 -2.00038 3.03392e-18)
(-3.3862 -1.97062 3.11746e-18)
(-3.43116 -1.97172 1.63807e-18)
(-3.47773 -2.01516 -3.91401e-18)
(-3.52909 -2.11704 -1.02269e-18)
(-3.47462 -2.31577 0)
(-3.9332 -2.65535 7.983e-19)
(-2.94181 -2.34306 -7.2402e-18)
(-3.00604 -2.23397 2.99193e-18)
(-3.06829 -2.13489 3.30888e-18)
(-3.12873 -2.04734 1.78506e-19)
(-3.18824 -1.97394 -3.72648e-19)
(-3.24855 -1.91841 -3.40564e-18)
(-3.31247 -1.88579 -4.99355e-18)
(-3.38382 -1.88232 -1.80886e-18)
(-3.46633 -1.91873 1.74004e-18)
(-3.56717 -2.01367 0)
(-3.59063 -2.21021 2.01838e-18)
(-4.08631 -2.63073 -5.1204e-19)
(-2.82802 -2.28244 7.52418e-18)
(-2.89255 -2.16561 -4.0825e-18)
(-2.95551 -2.06037 -3.7979e-18)
(-3.01818 -1.96743 -6.95391e-18)
(-3.08266 -1.88846 6.85804e-18)
(-3.15194 -1.82606 -1.7803e-19)
(-3.23041 -1.78388 1.04517e-17)
(-3.32396 -1.76732 1.67807e-18)
(-3.43873 -1.78586 2.02352e-18)
(-3.58776 -1.85917 0)
(-3.69196 -2.04031 -1.38803e-18)
(-4.19196 -2.50201 -6.64642e-19)
(-2.71086 -2.22388 0)
(-2.77507 -2.09854 3.9482e-18)
(-2.8375 -1.9858 3.84903e-18)
(-2.90037 -1.88551 -3.93906e-18)
(-2.9667 -1.79832 -1.48848e-19)
(-3.04053 -1.7255 -3.96691e-18)
(-3.12776 -1.66892 -3.60319e-18)
(-3.23664 -1.63231 0)
(-3.37655 -1.62242 -1.87096e-18)
(-3.56774 -1.65757 -1.1718e-18)
(-3.75442 -1.80015 4.49091e-18)
(-4.24604 -2.22685 -9.66427e-19)
(-2.58181 -2.15864 0)
(-2.64577 -2.02669 0)
(-2.70682 -1.90751 0)
(-2.76781 -1.80012 -1.33183e-17)
(-2.8325 -1.70414 8.50901e-18)
(-2.90567 -1.6196 8.2412e-18)
(-2.99446 -1.54613 0)
(-3.10912 -1.48486 -4.21375e-18)
(-3.2631 -1.43809 0)
(-3.48716 -1.42086 -2.4472e-18)
(-3.73817 -1.48629 -7.83192e-19)
(-4.22923 -1.79743 -1.24133e-18)
(-2.43194 -2.074 0)
(-2.49694 -1.94126 0)
(-2.55666 -1.81988 1.0072e-17)
(-2.61429 -1.70844 1.40788e-17)
(-2.67382 -1.6058 3.84036e-19)
(-2.74059 -1.5109 4.7247e-18)
(-2.82297 -1.421 -2.27257e-18)
(-2.93147 -1.33392 6.45325e-18)
(-3.08372 -1.24537 4.4831e-18)
(-3.3197 -1.16444 2.2682e-18)
(-3.60731 -1.09912 -1.83005e-18)
(-4.09088 -1.07392 -1.91883e-18)
(-2.25733 -1.95766 0)
(-2.32445 -1.83333 0)
(-2.38262 -1.71698 -9.75926e-18)
(-2.43511 -1.60699 5.11961e-18)
(-2.48612 -1.50217 -4.60052e-18)
(-2.5407 -1.40101 -4.66923e-18)
(-2.60869 -1.29888 4.86734e-18)
(-2.69831 -1.19061 0)
(-2.82998 -1.06376 -4.48851e-18)
(-3.03258 -0.916931 -2.39131e-18)
(-3.33165 -0.690315 2.28809e-18)
(-3.67827 0.0210135 -4.54656e-18)
(-2.22388 0.22721 1.06358e-19)
(-1.93153 0.25255 0)
(-1.75374 0.337187 0)
(-1.65995 0.44803 6.77818e-19)
(-1.58595 0.569668 -8.27973e-19)
(-1.65877 0.6753 0)
(-1.80477 0.999056 0)
(-1.55724 1.86835 4.46686e-19)
(-1.77616 2.76888 1.00984e-18)
(-2.22956 3.0404 7.58854e-19)
(-2.37846 3.33011 -7.12702e-19)
(-2.52851 3.60117 7.79028e-19)
(-2.75588 -0.426686 -5.77567e-19)
(-2.37375 -0.234699 0)
(-2.38124 0.0353334 0)
(-2.45849 0.378141 -1.18489e-18)
(-2.4634 0.890763 1.71276e-18)
(-2.57564 1.73744 -1.60861e-18)
(-2.89972 2.47244 7.6399e-19)
(-2.93033 2.86696 6.95574e-19)
(-2.99268 3.03323 -5.13939e-19)
(-3.01506 3.07023 7.18263e-19)
(-3.01648 3.17276 0)
(-2.9948 3.29034 -1.48353e-18)
(-3.03758 -0.359425 3.35494e-19)
(-2.75829 0.00127866 0)
(-2.83392 0.535336 0)
(-2.94144 1.2074 -7.84768e-19)
(-3.11547 1.93686 5.13942e-19)
(-3.16683 2.47052 -1.42357e-18)
(-3.16996 2.81718 0)
(-3.05621 3.01899 -3.4136e-18)
(-2.95878 3.13491 3.4352e-18)
(-2.87718 3.20224 -1.01696e-18)
(-2.79885 3.28809 -2.50171e-18)
(-2.71771 3.3715 3.46134e-18)
(-3.32573 -0.209194 -9.02641e-19)
(-3.20032 0.289172 1.37964e-18)
(-3.33053 0.940413 0)
(-3.41131 1.62017 7.61647e-19)
(-3.42477 2.19419 -6.40025e-19)
(-3.33703 2.57139 1.34663e-18)
(-3.22481 2.79795 0)
(-3.08071 2.95511 -2.06984e-18)
(-2.96254 3.04423 -4.8751e-18)
(-2.86017 3.10741 3.01878e-18)
(-2.76327 3.17547 2.9268e-18)
(-2.6686 3.23925 -5.88359e-18)
(-3.51081 0.0408555 1.25542e-18)
(-3.5199 0.567254 -1.10223e-18)
(-3.6153 1.18774 2.22719e-18)
(-3.61343 1.79311 0)
(-3.52574 2.25015 -5.98004e-18)
(-3.38327 2.5345 5.8803e-18)
(-3.23165 2.71786 2.74398e-18)
(-3.07704 2.83271 2.00343e-18)
(-2.93675 2.91392 0)
(-2.81201 2.98081 0)
(-2.69666 3.04728 0)
(-2.58813 3.1126 -6.10648e-19)
(-3.66564 0.267528 3.67094e-18)
(-3.75875 0.780246 0)
(-3.80085 1.33383 -1.84538e-18)
(-3.73218 1.84446 4.15999e-18)
(-3.58834 2.2104 3.29133e-18)
(-3.41299 2.44195 -6.29342e-18)
(-3.23581 2.59551 2.88735e-18)
(-3.06411 2.70451 -1.00958e-17)
(-2.90765 2.78788 -1.25138e-19)
(-2.76704 2.85919 -3.49104e-19)
(-2.63859 2.92697 2.41502e-19)
(-2.52008 2.99281 1.0077e-17)
(-3.82513 0.45165 -5.42048e-18)
(-3.98158 0.927022 3.48093e-18)
(-3.96411 1.40248 -5.38896e-18)
(-3.84747 1.82232 -3.93855e-18)
(-3.66288 2.12217 -7.38829e-18)
(-3.45755 2.32234 -3.90213e-18)
(-3.25508 2.4643 -5.81755e-18)
(-3.06434 2.57225 9.68803e-18)
(-2.89044 2.65995 0)
(-2.73366 2.73662 8.37376e-18)
(-2.59151 2.80797 -1.17238e-17)
(-2.46185 2.87606 3.92031e-18)
(-4.01109 0.610157 -2.93678e-18)
(-4.2144 1.02101 -4.95253e-18)
(-4.13722 1.41123 7.33139e-18)
(-3.97977 1.75003 0)
(-3.75868 2.00208 -4.07439e-18)
(-3.52234 2.1855 6.15954e-18)
(-3.29281 2.32547 -2.93338e-19)
(-3.07916 2.43786 1.01151e-19)
(-2.88496 2.53223 -4.84241e-18)
(-2.71028 2.61509 -9.02971e-18)
(-2.55307 2.69065 4.01979e-18)
(-2.41107 2.76121 -4.03956e-18)
(-4.19058 0.712786 2.19733e-18)
(-4.45646 1.07431 0)
(-4.31202 1.37259 0)
(-4.11194 1.63805 0)
(-3.85686 1.85531 3.47904e-18)
(-3.59042 2.0314 0)
(-3.33423 2.17579 -3.78475e-19)
(-3.09714 2.29657 1.11631e-17)
(-2.88226 2.39966 2.52472e-19)
(-2.68956 2.48971 4.6653e-18)
(-2.51719 2.57007 -4.64311e-18)
(-2.36269 2.64323 1.36173e-17)
(-4.47732 0.811687 7.08389e-20)
(-4.6931 1.05422 8.03923e-18)
(-4.44238 1.25421 -2.41712e-18)
(-4.18135 1.47276 0)
(-3.89527 1.67179 0)
(-3.60693 1.8476 0)
(-3.33406 2.00107 0)
(-3.08267 2.1339 5.96899e-18)
(-2.85487 2.24861 -2.26497e-17)
(-2.65051 2.34824 -1.10399e-17)
(-2.46797 2.43534 1.05261e-17)
(-2.30477 2.51257 5.56198e-18)
(-4.56904 0.966256 -6.69173e-18)
(-4.68782 0.94846 -4.5706e-18)
(-4.3577 1.04087 -2.70006e-18)
(-4.04396 1.23083 0)
(-3.75721 1.426 0)
(-3.47932 1.61202 7.45039e-18)
(-3.21948 1.78175 -1.3696e-17)
(-2.97945 1.93223 2.58529e-17)
(-2.75984 2.0633 1.81202e-17)
(-2.56071 2.17678 1.12314e-17)
(-2.38125 2.27431 -1.0801e-17)
(-2.21954 2.35882 6.07743e-19)
(-4.16924 0.386925 -1.8711e-18)
(-4.10416 0.566807 0)
(-3.79637 0.700658 3.88598e-18)
(-3.53593 0.90307 -1.19619e-17)
(-3.33046 1.12083 1.08676e-17)
(-3.12807 1.33026 3.57766e-19)
(-2.93147 1.52186 6.08004e-18)
(-2.74187 1.69303 -5.65885e-18)
(-2.56131 1.84289 -2.8721e-17)
(-2.39198 1.97288 0)
(-2.23514 2.08359 0)
(-2.09032 2.17826 4.8505e-19)
(-2.46981 3.87391 -5.49825e-19)
(-2.41881 4.07908 -3.19511e-19)
(-2.26564 4.22638 9.27998e-20)
(-2.11662 4.30178 -9.46951e-19)
(-1.91943 4.31042 2.99424e-19)
(-1.72069 4.25091 4.85393e-20)
(-1.5044 4.11244 -4.71661e-19)
(-1.29418 3.89539 1.29629e-18)
(-1.07438 3.59866 -6.5012e-19)
(-0.82641 3.19061 -1.08453e-19)
(-0.420904 2.73957 0)
(0.0996449 2.6184 0)
(-2.96089 3.40197 3.42651e-18)
(-2.88858 3.51381 -1.68922e-18)
(-2.77946 3.62585 -8.96178e-19)
(-2.63568 3.7271 0)
(-2.46784 3.80495 -1.34047e-18)
(-2.29593 3.84147 0)
(-2.12686 3.82872 -6.27304e-19)
(-1.975 3.76208 1.54383e-18)
(-1.85712 3.63898 0)
(-1.74507 3.36256 1.40484e-18)
(-1.61816 3.08627 -1.90459e-18)
(-1.1697 3.20576 2.36515e-19)
(-2.63229 3.45689 1.37761e-18)
(-2.53945 3.54028 -3.75043e-18)
(-2.43734 3.61963 1.02968e-18)
(-2.33189 3.68422 0)
(-2.22622 3.72708 1.13233e-18)
(-2.12747 3.74088 2.92533e-18)
(-2.046 3.72225 -4.00666e-18)
(-1.99064 3.67066 1.90572e-18)
(-1.96763 3.5932 -8.63494e-19)
(-1.96247 3.44437 0)
(-1.9583 3.20847 0)
(-1.85674 3.40501 -1.47421e-19)
(-2.57575 3.30474 -2.738e-18)
(-2.4823 3.37234 2.27287e-18)
(-2.38673 3.43745 2.63383e-18)
(-2.29247 3.49323 -1.4423e-18)
(-2.20475 3.53508 -2.70874e-18)
(-2.1299 3.55959 0)
(-2.07568 3.56373 1.50204e-19)
(-2.0497 3.55102 3.18134e-18)
(-2.05762 3.5193 -2.36165e-18)
(-2.12036 3.44734 8.15187e-19)
(-2.2141 3.26055 -5.9807e-20)
(-2.29698 3.55293 -5.57651e-19)
(-2.48499 3.17867 2.96793e-18)
(-2.38583 3.24396 -1.55226e-18)
(-2.29093 3.30553 2.80434e-18)
(-2.2032 3.36018 -1.51573e-18)
(-2.12685 3.40596 0)
(-2.06698 3.44198 0)
(-2.0328 3.46663 -1.25408e-18)
(-2.02828 3.48088 -3.17003e-18)
(-2.0654 3.49108 1.70802e-18)
(-2.15841 3.47862 1.01284e-18)
(-2.31457 3.35916 -1.03469e-18)
(-2.5333 3.76524 0)
(-2.40983 3.05798 -2.13574e-19)
(-2.30684 3.12176 -6.4118e-18)
(-2.21158 3.1828 0)
(-2.12628 3.23984 2.99305e-18)
(-2.0544 3.29241 -2.99364e-18)
(-2.00053 3.34071 0)
(-1.97082 3.38625 -1.21565e-19)
(-1.97197 3.43119 -1.35786e-19)
(-2.01546 3.47775 0)
(-2.11738 3.52911 -2.23004e-18)
(-2.31614 3.47459 1.04079e-18)
(-2.65574 3.93328 -5.80084e-19)
(-2.34298 2.94208 -3.73811e-18)
(-2.23391 3.00624 1.01647e-17)
(-2.13487 3.06843 0)
(-2.04736 3.12882 -3.25298e-18)
(-1.97401 3.1883 3.2275e-18)
(-1.91853 3.24858 3.21618e-18)
(-1.88597 3.31248 -3.58518e-18)
(-1.88256 3.38381 -1.71184e-18)
(-1.91902 3.46632 0)
(-2.01401 3.56716 -1.4256e-18)
(-2.21058 3.59059 1.42486e-18)
(-2.63113 4.08639 0)
(-2.28235 2.82822 7.72243e-18)
(-2.16554 2.89269 -7.27384e-18)
(-2.06033 2.95559 7.44119e-18)
(-1.96743 3.01822 -7.13827e-18)
(-1.88851 3.08267 1.1577e-21)
(-1.82615 3.15193 3.49268e-18)
(-1.78404 3.23038 3.30275e-18)
(-1.76754 3.32392 0)
(-1.78614 3.43869 -2.02479e-18)
(-1.85949 3.58773 4.60971e-18)
(-2.04066 3.69191 -1.38798e-18)
(-2.5024 4.19199 0)
(-2.22379 2.711 4.26202e-18)
(-2.09846 2.77516 1.57163e-19)
(-1.98575 2.83754 -3.85248e-18)
(-1.88549 2.90036 0)
(-1.79834 2.96667 0)
(-1.72557 3.04048 0)
(-1.66905 3.1277 0)
(-1.6325 3.23658 -3.95119e-18)
(-1.62268 3.37648 1.87216e-18)
(-1.65788 3.56769 2.76089e-19)
(-1.80048 3.75437 0)
(-2.22721 4.24604 0)
(-2.15855 2.5819 -4.71582e-18)
(-2.02662 2.64582 -1.38402e-17)
(-1.90746 2.70682 0)
(-1.80009 2.76777 4.61593e-18)
(-1.70414 2.83243 8.67743e-18)
(-1.61964 2.90558 0)
(-1.54622 2.99436 0)
(-1.48501 3.10902 1.74387e-18)
(-1.43832 3.263 -6.35854e-18)
(-1.42113 3.48709 2.23017e-19)
(-1.48658 3.7381 0)
(-1.79774 4.22922 0)
(-2.07394 2.43201 -5.47356e-18)
(-1.94119 2.49695 -5.61417e-18)
(-1.81983 2.55663 1.00792e-17)
(-1.70841 2.61422 -1.4089e-17)
(-1.60579 2.67373 5.04884e-18)
(-1.51092 2.74047 9.32753e-18)
(-1.42107 2.82284 -2.36043e-18)
(-1.33405 2.93132 2.07453e-18)
(-1.24555 3.08357 4.21562e-18)
(-1.16467 3.31959 -4.69962e-18)
(-1.09937 3.60724 -1.83067e-18)
(-1.07415 4.09081 0)
(-1.95762 2.25737 -4.79496e-19)
(-1.83328 2.32444 9.94335e-18)
(-1.71694 2.38258 -9.76201e-18)
(-1.60696 2.43503 0)
(-1.50216 2.48601 -9.43111e-18)
(-1.40103 2.54055 -1.44411e-17)
(-1.29894 2.60852 -2.11024e-19)
(-1.19071 2.69811 0)
(-1.06392 2.82978 0)
(-0.917114 3.0324 1.14064e-18)
(-0.690528 3.33152 1.29035e-20)
(0.0208784 3.67818 2.28998e-18)
(0.135695 2.55103 5.68456e-19)
(0.228187 2.65646 2.27367e-18)
(0.429166 2.70869 1.19192e-19)
(0.644831 2.70838 0)
(0.866935 2.67117 5.65263e-18)
(1.07911 2.59755 -5.3216e-18)
(1.2754 2.49939 -1.58272e-17)
(1.45458 2.38702 -1.05305e-17)
(1.61469 2.26759 -1.2357e-20)
(1.75624 2.14704 -5.03478e-18)
(1.87743 2.0292 1.00904e-17)
(1.98138 1.91522 -9.63695e-18)
(0.166047 2.13446 0)
(0.300863 2.13071 0)
(0.440908 2.14545 -2.24067e-18)
(0.588174 2.14958 4.56118e-18)
(0.752222 2.143 -1.13508e-17)
(0.924236 2.11719 -6.85973e-18)
(1.09585 2.07294 8.96684e-18)
(1.26222 2.01472 2.26018e-17)
(1.41782 1.94626 -4.52908e-18)
(1.56045 1.87208 0)
(1.68418 1.79497 2.39888e-19)
(1.79147 1.71584 0)
(0.1354 1.88109 -4.47748e-19)
(0.255512 1.8559 4.61173e-19)
(0.388199 1.83911 3.77632e-18)
(0.523897 1.82097 2.94923e-20)
(0.669587 1.80292 3.87477e-18)
(0.822271 1.77997 -5.57868e-20)
(0.976904 1.75039 0)
(1.13008 1.71481 -3.97511e-18)
(1.27636 1.67364 -4.0758e-18)
(1.41241 1.6286 1.24552e-17)
(1.52898 1.57964 -1.2429e-17)
(1.6282 1.5274 8.54028e-18)
(0.105641 1.67058 -8.12686e-19)
(0.222759 1.65134 1.65873e-18)
(0.348197 1.63312 2.24157e-20)
(0.476402 1.61494 -3.43529e-18)
(0.613075 1.59749 -7.05288e-18)
(0.757495 1.57827 -3.92868e-20)
(0.906029 1.55538 -7.32013e-18)
(1.05475 1.52777 3.72203e-18)
(1.19706 1.4939 -3.77059e-18)
(1.32667 1.4538 -7.64057e-18)
(1.43071 1.40566 0)
(1.50692 1.35227 8.03952e-18)
(2.06519 1.80738 9.52738e-18)
(2.13253 1.70038 9.76801e-18)
(2.18627 1.59631 0)
(2.22939 1.49374 0)
(2.26709 1.39216 4.57189e-18)
(2.30418 1.29017 -4.48558e-18)
(2.35164 1.18255 2.13096e-18)
(2.41394 1.06288 6.54343e-18)
(2.51071 0.915254 0)
(2.62908 0.725335 0)
(2.83294 0.428518 5.96946e-19)
(2.69139 -0.24088 -1.53741e-18)
(1.87252 1.63754 -9.19024e-18)
(1.93185 1.55088 2.86863e-19)
(1.9725 1.46225 0)
(1.99787 1.37025 -4.3564e-18)
(2.01519 1.27578 -5.12098e-21)
(2.03008 1.17758 4.17634e-18)
(2.05532 1.07091 0)
(2.09297 0.94862 -4.09916e-18)
(2.16443 0.799685 0)
(2.23664 0.604225 -3.99395e-18)
(2.37728 0.36642 -1.91781e-18)
(2.2971 -0.0928764 -1.51157e-26)
(1.68849 1.47197 -2.49843e-19)
(1.72234 1.39865 -8.23475e-18)
(1.73464 1.32172 0)
(1.73113 1.23919 8.17667e-18)
(1.72238 1.15346 3.93652e-18)
(1.71546 1.0624 -1.29724e-22)
(1.72487 0.962054 -9.45978e-18)
(1.75029 0.842728 1.11106e-17)
(1.81347 0.699583 -1.81412e-18)
(1.87347 0.509536 8.11231e-18)
(1.98589 0.315101 2.55229e-18)
(1.97268 -0.00610709 -4.4418e-19)
(1.51163 1.29105 2.44494e-17)
(1.49088 1.21692 0)
(1.45756 1.146 0)
(1.41904 1.07484 -7.27603e-18)
(1.38816 1.00552 -7.23365e-18)
(1.37268 0.932609 7.0388e-18)
(1.38468 0.850712 1.36228e-17)
(1.42121 0.746529 -6.65192e-18)
(1.49596 0.618215 3.292e-18)
(1.57009 0.442717 -3.2691e-18)
(1.67304 0.265923 -1.5884e-18)
(1.70835 0.0257949 -3.97875e-19)
(2.55112 -0.13559 -1.13688e-18)
(2.6565 -0.228009 0)
(2.70867 -0.42895 1.19174e-19)
(2.70837 -0.644604 0)
(2.67117 -0.866714 0)
(2.59756 -1.07893 5.32121e-18)
(2.49942 -1.27527 0)
(2.38706 -1.45452 1.01866e-17)
(2.26763 -1.61471 1.00105e-17)
(2.14707 -1.75633 1.02008e-17)
(2.02922 -1.87758 -4.96984e-18)
(1.91523 -1.98157 -5.07603e-18)
(2.1346 -0.165918 -5.38237e-19)
(2.13082 -0.300659 -5.49553e-19)
(2.14553 -0.440674 -1.1141e-18)
(2.14965 -0.587945 0)
(2.14306 -0.752017 -2.27137e-18)
(2.11724 -0.924079 1.14072e-17)
(2.073 -1.09576 0)
(2.01478 -1.2622 4.52677e-18)
(1.94632 -1.41788 -4.52886e-18)
(1.87213 -1.56058 -8.93568e-18)
(1.79501 -1.68437 -9.18199e-18)
(1.71587 -1.7917 8.94064e-18)
(1.88119 -0.13526 -8.98308e-19)
(1.85599 -0.255294 1.37967e-18)
(1.8392 -0.387956 -2.82225e-18)
(1.82106 -0.52367 1.92027e-18)
(1.80301 -0.669399 0)
(1.78006 -0.822143 -1.57513e-17)
(1.75048 -0.976851 0)
(1.7149 -1.13011 8.09668e-18)
(1.67372 -1.27647 -4.1139e-18)
(1.62867 -1.41259 8.33344e-18)
(1.5797 -1.52922 4.09268e-18)
(1.52746 -1.62848 -8.54028e-18)
(1.67061 -0.105507 1.21633e-18)
(1.65135 -0.222546 1.65865e-18)
(1.63315 -0.347954 0)
(1.61499 -0.476177 0)
(1.59757 -0.612896 0)
(1.57837 -0.757384 1.43386e-17)
(1.55549 -0.906001 7.31949e-18)
(1.52789 -1.0548 -1.11288e-17)
(1.49402 -1.1972 1.13334e-17)
(1.45391 -1.3269 -7.64018e-18)
(1.40577 -1.43099 0)
(1.35237 -1.50725 7.78968e-18)
(1.80737 -2.06541 -9.89485e-18)
(1.70036 -2.13275 -9.76911e-18)
(1.59627 -2.18647 9.2618e-18)
(1.49369 -2.22957 -9.46855e-18)
(1.39209 -2.26724 0)
(1.2901 -2.30429 -9.13162e-18)
(1.18247 -2.35171 1.129e-17)
(1.06279 -2.41398 -2.19941e-18)
(0.91515 -2.51073 4.32388e-18)
(0.725222 -2.62907 -1.11301e-18)
(0.428422 -2.83293 1.13839e-18)
(-0.240929 -2.69138 -7.99372e-19)
(1.63756 -1.87277 8.90716e-18)
(1.55089 -1.93208 8.82477e-18)
(1.46224 -1.97272 0)
(1.37022 -1.99805 4.20612e-18)
(1.27574 -2.01533 8.53146e-18)
(1.17754 -2.03018 4.05452e-18)
(1.07085 -2.05537 -1.64444e-17)
(0.94855 -2.093 -4.09926e-18)
(0.799601 -2.16444 -4.03269e-18)
(0.60413 -2.23663 -9.99902e-19)
(0.366327 -2.37726 9.555e-19)
(-0.0929526 -2.29708 5.17095e-19)
(1.47202 -1.68876 0)
(1.39869 -1.72259 -1.26625e-17)
(1.32174 -1.73485 4.11346e-18)
(1.23919 -1.73129 4.14738e-18)
(1.15345 -1.72249 7.87696e-18)
(1.06238 -1.71553 -3.84676e-18)
(0.962016 -1.72492 9.3363e-18)
(0.842677 -1.75032 9.25419e-18)
(0.699518 -1.81348 1.81081e-18)
(0.509457 -1.87347 -1.79692e-18)
(0.315015 -1.98588 -4.27779e-19)
(-0.00618581 -1.97266 -4.84747e-21)
(1.29113 -1.51192 0)
(1.21698 -1.49111 -1.52657e-19)
(1.14604 -1.45773 0)
(1.07487 -1.41917 -1.4703e-17)
(1.00553 -1.38826 3.58226e-18)
(0.932606 -1.37275 -1.0542e-17)
(0.850694 -1.38474 0)
(0.746495 -1.42125 -6.65129e-18)
(0.618162 -1.49601 3.27847e-18)
(0.442652 -1.57012 -3.26298e-18)
(0.265845 -1.67306 -1.18525e-18)
(0.0257167 -1.70836 -3.99321e-19)
(-0.135629 -2.55115 -1.1369e-18)
(-0.228078 -2.65661 1.12839e-19)
(-0.429067 -2.70877 0)
(-0.644733 -2.70843 -2.66102e-18)
(-0.866841 -2.6712 5.59844e-18)
(-1.07903 -2.59757 -8.28817e-18)
(-1.27534 -2.49942 -2.13323e-19)
(-1.45456 -2.38706 1.03898e-17)
(-1.61471 -2.26764 -5.11042e-18)
(-1.7563 -2.14709 0)
(-1.87752 -2.02924 -1.98338e-17)
(-1.98148 -1.91526 3.56464e-19)
(-0.165968 -2.13461 1.08181e-18)
(-0.30074 -2.13087 -5.37408e-19)
(-0.440783 -2.1456 4.53168e-18)
(-0.588065 -2.14972 -9.05819e-18)
(-0.752137 -2.14312 4.57331e-18)
(-0.924183 -2.1173 -1.44739e-19)
(-1.09584 -2.07305 0)
(-1.26225 -2.01483 1.36496e-17)
(-1.41789 -1.94637 -4.52884e-18)
(-1.56056 -1.87217 0)
(-1.68431 -1.79505 8.94173e-18)
(-1.79161 -1.71592 -8.93991e-18)
(-0.135334 -1.8812 -4.469e-19)
(-0.25539 -1.85602 1.90831e-20)
(-0.388074 -1.83924 -3.74441e-18)
(-0.523793 -1.82111 3.8116e-18)
(-0.669518 -1.80307 -3.87445e-18)
(-0.822242 -1.78013 1.18095e-17)
(-0.976922 -1.75055 1.19913e-17)
(-1.13015 -1.71497 -3.97485e-18)
(-1.27647 -1.67379 4.12323e-18)
(-1.41255 -1.62874 0)
(-1.52915 -1.57976 -8.44116e-18)
(-1.62838 -1.5275 0)
(-0.105591 -1.67062 -1.62523e-18)
(-0.222651 -1.65139 -3.30401e-18)
(-0.348079 -1.6332 3.38802e-18)
(-0.476309 -1.61505 -1.71779e-18)
(-0.613021 -1.59763 3.51293e-18)
(-0.757486 -1.57843 -1.25216e-17)
(-0.906066 -1.55555 -7.27894e-18)
(-1.05483 -1.52794 7.43062e-18)
(-1.19718 -1.49407 -1.12906e-17)
(-1.32683 -1.45395 0)
(-1.43088 -1.40581 7.74244e-18)
(-1.5071 -1.3524 -1.58282e-17)
(-2.06531 -1.80741 1.47562e-17)
(-2.13265 -1.7004 -4.79979e-18)
(-2.18638 -1.59632 0)
(-2.22949 -1.49373 -9.11283e-18)
(-2.26719 -1.39214 0)
(-2.30428 -1.29013 0)
(-2.35174 -1.18248 -4.37289e-18)
(-2.41406 -1.06277 0)
(-2.51085 -0.915106 0)
(-2.62923 -0.72516 -4.0013e-20)
(-2.83308 -0.428322 2.30073e-18)
(-2.69155 0.241081 1.59863e-18)
(-1.87266 -1.6376 -8.90618e-18)
(-1.93198 -1.55093 0)
(-1.97262 -1.46228 0)
(-1.99798 -1.37026 -4.35586e-18)
(-2.0153 -1.27578 4.26236e-18)
(-2.0302 -1.17756 0)
(-2.05545 -1.07085 -6.25335e-18)
(-2.09315 -0.948524 -2.02411e-18)
(-2.16464 -0.799545 0)
(-2.2369 -0.60406 -1.01575e-18)
(-2.37754 -0.366226 -2.39308e-18)
(-2.29735 0.0930917 -5.15586e-19)
(-1.68864 -1.47206 8.56792e-18)
(-1.72247 -1.39872 -4.17911e-18)
(-1.73476 -1.32177 -8.35096e-18)
(-1.73125 -1.23922 4.03299e-18)
(-1.72251 -1.15347 -7.97306e-18)
(-1.71562 -1.06238 0)
(-1.72509 -0.962002 1.50311e-17)
(-1.75057 -0.842636 0)
(-1.81379 -0.699445 1.82947e-18)
(-1.87384 -0.509378 9.03488e-19)
(-1.98628 -0.314913 1.2795e-18)
(-1.97305 0.00631691 -8.36038e-22)
(-1.51178 -1.29118 -8.04047e-18)
(-1.49101 -1.21703 0)
(-1.45769 -1.14609 7.45108e-18)
(-1.41921 -1.07492 -1.11073e-17)
(-1.38838 -1.00557 1.7925e-17)
(-1.37297 -0.932629 -7.03761e-18)
(-1.38504 -0.850686 -1.36204e-17)
(-1.42163 -0.746451 0)
(-1.49643 -0.61808 0)
(-1.57057 -0.442552 0)
(-1.67352 -0.265738 -1.5813e-18)
(-1.7088 -0.0255902 -1.20266e-18)
(-2.55133 0.135787 -5.3914e-20)
(-2.6568 0.228227 5.9148e-19)
(-2.70903 0.429194 0)
(-2.70874 0.644884 5.59493e-18)
(-2.67151 0.86702 -2.67259e-18)
(-2.59786 1.07924 -8.04579e-18)
(-2.49967 1.27556 -5.29252e-18)
(-2.38726 1.45477 5.20389e-18)
(-2.26779 1.61491 1.00104e-17)
(-2.14719 1.75646 1.02006e-17)
(-2.0293 1.87764 -1.00906e-17)
(-1.91528 1.98156 -9.63723e-18)
(-2.13489 0.166141 -1.65697e-26)
(-2.13114 0.300896 2.22422e-18)
(-2.14589 0.440931 4.53159e-18)
(-2.15003 0.588226 0)
(-2.14345 0.752319 4.57326e-18)
(-2.11762 0.924386 0)
(-2.07334 1.09606 4.52827e-18)
(-2.01508 1.26246 -7.9818e-21)
(-1.94658 1.41808 -1.3657e-17)
(-1.87234 1.56071 -8.93543e-18)
(-1.79517 1.68443 8.94183e-18)
(-1.71599 1.79169 9.20328e-18)
(-1.88156 0.135496 4.50523e-19)
(-1.85636 0.255558 -4.58998e-18)
(-1.83957 0.38824 -6.57764e-18)
(-1.82144 0.523971 -1.91387e-18)
(-1.80339 0.669707 -1.16718e-17)
(-1.78044 0.822443 5.93686e-18)
(-1.75085 0.977127 4.49839e-21)
(-1.71524 1.13034 4.03562e-18)
(-1.67403 1.27663 -1.09991e-19)
(-1.62893 1.41268 0)
(-1.5799 1.52923 0)
(-1.5276 1.62841 2.19694e-19)
(-1.67103 0.10574 4.08948e-19)
(-1.65175 0.222809 1.64535e-18)
(-1.63353 0.348239 3.36546e-18)
(-1.61536 0.476479 -3.45641e-18)
(-1.59792 0.6132 1.40644e-17)
(-1.5787 0.757671 -7.14964e-18)
(-1.5558 0.906246 0)
(-1.52816 1.05498 7.45075e-18)
(-1.49425 1.19728 7.52031e-18)
(-1.45409 1.32687 0)
(-1.40589 1.43086 0)
(-1.35244 1.50702 -2.36175e-17)
(-1.80741 2.06535 9.52777e-18)
(-1.70038 2.13264 -9.76846e-18)
(-1.5963 2.18633 -1.43536e-17)
(-1.49372 2.2294 -4.95927e-21)
(-1.39214 2.26706 9.26736e-18)
(-1.29015 2.30411 2.24289e-17)
(-1.18254 2.35154 4.37405e-18)
(-1.06287 2.41382 -4.48178e-18)
(-0.915243 2.51058 0)
(-0.72531 2.62895 -4.00298e-20)
(-0.428487 2.83283 0)
(0.240959 2.69126 -7.99401e-19)
(-1.63764 1.87269 0)
(-1.55094 1.93197 -2.86853e-19)
(-1.46229 1.97256 8.70502e-18)
(-1.37027 1.99788 -1.31931e-17)
(-1.27579 2.01515 -1.27674e-17)
(-1.17759 2.03001 -8.23074e-18)
(-1.07092 2.05521 1.03919e-17)
(-0.948624 2.09285 6.09012e-18)
(-0.79968 2.16431 -4.03287e-18)
(-0.604202 2.23652 1.97821e-18)
(-0.366387 2.37716 0)
(0.0929453 2.29698 0)
(-1.47211 1.68864 -8.56801e-18)
(-1.39875 1.72243 4.05517e-18)
(-1.32179 1.73468 -4.23869e-18)
(-1.23924 1.73112 3.91962e-18)
(-1.1535 1.72233 1.17105e-17)
(-1.06243 1.71538 0)
(-0.962077 1.72477 1.32236e-19)
(-0.842743 1.75019 -3.67153e-18)
(-0.699588 1.81336 -1.89611e-20)
(-0.509517 1.87337 -3.6027e-18)
(-0.315073 1.9858 4.27821e-19)
(0.00616636 1.9726 -4.45036e-19)
(-1.29118 1.51169 -8.36668e-18)
(-1.21701 1.4909 0)
(-1.14607 1.45754 7.45176e-18)
(-1.0749 1.41899 -1.11087e-17)
(-1.00557 1.3881 3.59926e-18)
(-0.932653 1.3726 0)
(-0.850751 1.38461 9.46301e-20)
(-0.74656 1.42114 6.71383e-18)
(-0.618232 1.49591 3.27892e-18)
(-0.442716 1.57005 5.83885e-21)
(-0.265904 1.67299 0)
(-0.0257485 1.70834 8.00404e-19)
(0.0994796 1.48113 1.16347e-18)
(0.213806 1.484 2.08189e-20)
(0.340006 1.48626 -5.11062e-18)
(0.472958 1.49012 0)
(0.616468 1.49227 8.14024e-18)
(0.76599 1.48834 1.93551e-17)
(0.914454 1.4746 2.78144e-17)
(1.05321 1.4477 0)
(1.17096 1.40534 0)
(1.25563 1.34781 -5.65531e-18)
(1.29416 1.27803 5.63789e-18)
(1.27577 1.20357 -2.27452e-17)
(0.0964154 1.30887 -5.92846e-19)
(0.21011 1.3273 1.88684e-18)
(0.33337 1.34369 -6.56259e-18)
(0.46459 1.36026 0)
(0.604159 1.37168 1.12553e-17)
(0.745784 1.37258 -1.13085e-17)
(0.880321 1.35836 -5.67875e-18)
(0.996703 1.32558 7.28882e-21)
(1.0825 1.27321 -5.83234e-18)
(1.12655 1.20425 0)
(1.12009 1.1272 0)
(1.06027 1.0551 2.42972e-17)
(0.104239 1.14789 0)
(0.214666 1.17322 -2.49947e-18)
(0.33327 1.19536 5.24935e-18)
(0.458753 1.21528 2.761e-18)
(0.588517 1.22714 -1.72066e-17)
(0.714568 1.22583 8.79042e-18)
(0.8265 1.20739 -1.79394e-17)
(0.912791 1.16972 6.10489e-18)
(0.962463 1.11367 1.28012e-20)
(0.968501 1.04465 2.63493e-20)
(0.928685 0.975113 -3.43736e-17)
(0.852947 0.927135 -2.86322e-17)
(0.114826 0.99448 0)
(0.219765 1.0198 5.00994e-18)
(0.331011 1.04066 0)
(0.446529 1.05703 1.10707e-17)
(0.561412 1.06353 0)
(0.666613 1.05606 6.08987e-18)
(0.751313 1.03168 2.51133e-17)
(0.804546 0.989467 -6.57808e-18)
(0.817503 0.930523 0)
(0.787736 0.858352 0)
(0.716797 0.782171 -8.85833e-18)
(0.634318 0.76121 8.89235e-18)
(1.17968 1.1199 -2.28445e-17)
(1.11606 1.02409 -5.68105e-18)
(1.06791 0.968618 2.83015e-17)
(1.03471 0.91405 -1.64485e-17)
(1.0296 0.864538 2.10109e-17)
(1.05469 0.808874 -2.02187e-17)
(1.11226 0.738026 -2.42812e-17)
(1.19548 0.639777 0)
(1.29803 0.512036 -4.52331e-18)
(1.39119 0.348039 0)
(1.47372 0.184117 0)
(1.49892 0.00485816 -1.12503e-18)
(0.919337 0.974295 0)
(0.856976 0.859591 0)
(0.821057 0.816121 -2.17694e-17)
(0.803341 0.775914 5.23847e-18)
(0.817705 0.74005 5.04578e-18)
(0.86203 0.697157 -5.11733e-20)
(0.934779 0.63818 1.16642e-17)
(1.02707 0.553374 6.85015e-18)
(1.12772 0.440916 0)
(1.21476 0.299515 0)
(1.28045 0.157071 -5.52579e-19)
(1.30636 0.00892964 2.82871e-18)
(0.67464 0.880419 0)
(0.63932 0.74038 -5.7661e-18)
(0.629242 0.705728 -1.629e-17)
(0.631099 0.675776 2.07201e-17)
(0.661499 0.64551 1.99194e-17)
(0.716948 0.605948 4.77306e-18)
(0.794363 0.549822 -6.96268e-18)
(0.884443 0.470581 -6.7383e-18)
(0.97574 0.368084 8.91907e-18)
(1.05158 0.24472 0)
(1.1059 0.121294 5.56531e-19)
(1.13302 -0.00328426 1.7226e-18)
(0.446457 0.792926 -3.69756e-17)
(0.451864 0.625611 -2.52675e-17)
(0.475683 0.604592 2.22486e-17)
(0.496875 0.587622 -2.60352e-17)
(0.538174 0.562671 5.05375e-18)
(0.598281 0.525467 0)
(0.673932 0.471619 -2.3594e-18)
(0.756698 0.397593 4.17844e-21)
(0.836566 0.304674 -6.69345e-18)
(0.901401 0.196742 0)
(0.947513 0.0889279 -3.93805e-18)
(0.97461 -0.0191056 -5.18255e-18)
(1.48108 -0.0993181 -2.33557e-18)
(1.48394 -0.213592 -2.43717e-18)
(1.48627 -0.339786 0)
(1.49018 -0.472778 0)
(1.49237 -0.616348 8.23883e-18)
(1.48847 -0.765953 -8.23854e-18)
(1.47475 -0.914508 9.36211e-20)
(1.44786 -1.05335 1.67106e-17)
(1.4055 -1.17119 -5.5157e-18)
(1.34797 -1.25594 5.65426e-18)
(1.27819 -1.29452 -2.82943e-17)
(1.20371 -1.27612 0)
(1.30878 -0.0962823 1.77556e-18)
(1.32723 -0.209936 1.87634e-18)
(1.3437 -0.333193 -5.251e-18)
(1.36033 -0.464449 -2.73771e-18)
(1.3718 -0.604078 -8.34921e-18)
(1.37273 -0.745782 0)
(1.35853 -0.880409 -1.71435e-17)
(1.32577 -0.996884 -5.808e-18)
(1.27339 -1.08277 -1.16407e-17)
(1.20443 -1.12689 0)
(1.12739 -1.12046 2.40523e-17)
(1.05529 -1.06061 0)
(1.14778 -0.104144 1.19856e-18)
(1.17314 -0.214539 -5.01216e-18)
(1.19537 -0.333144 5.249e-18)
(1.21535 -0.458657 2.76076e-18)
(1.22727 -0.588476 -5.74881e-18)
(1.22599 -0.714601 2.93509e-18)
(1.20756 -0.826619 0)
(1.16991 -0.913002 6.06708e-18)
(1.11386 -0.96276 6.2795e-18)
(1.04484 -0.968862 6.56101e-18)
(0.975314 -0.929066 -3.43647e-17)
(0.927364 -0.853288 0)
(0.99438 -0.114775 -2.39342e-18)
(1.01973 -0.219684 7.5052e-18)
(1.04068 -0.33093 0)
(1.0571 -0.446473 -1.10703e-17)
(1.06365 -0.561405 0)
(1.05622 -0.666673 -6.08922e-18)
(1.03185 -0.751455 -6.29149e-18)
(0.989637 -0.804774 3.28521e-17)
(0.930685 -0.81781 7.81338e-21)
(0.85851 -0.788094 -7.71128e-18)
(0.782345 -0.717155 3.57558e-17)
(0.761452 -0.634619 -3.53583e-17)
(1.12002 -1.17992 0)
(1.02416 -1.11624 -1.1401e-17)
(0.968675 -1.06806 0)
(0.914093 -1.03483 5.418e-18)
(0.864566 -1.0297 5.28044e-18)
(0.808886 -1.05477 2.52255e-17)
(0.73802 -1.11233 7.3048e-18)
(0.639754 -1.19553 -2.34805e-18)
(0.511996 -1.29808 4.5685e-18)
(0.347986 -1.39123 -3.31581e-20)
(0.184055 -1.47374 2.18217e-18)
(0.00478367 -1.49895 0)
(0.974463 -0.919555 6.08188e-18)
(0.859692 -0.857146 -1.14101e-17)
(0.816203 -0.821207 5.43209e-18)
(0.775983 -0.80347 0)
(0.740103 -0.817815 1.00959e-17)
(0.697192 -0.86212 -9.66892e-18)
(0.638192 -0.934852 -1.87119e-17)
(0.553365 -1.02713 0)
(0.440885 -1.12777 -4.43047e-18)
(0.299468 -1.2148 -4.11105e-20)
(0.157009 -1.28048 -5.52403e-19)
(0.00885519 -1.30639 5.67517e-19)
(0.880646 -0.674823 0)
(0.740513 -0.639483 -6.74092e-20)
(0.705832 -0.629399 -2.16862e-17)
(0.675868 -0.63124 2.07086e-17)
(0.645586 -0.661619 -9.92093e-18)
(0.606003 -0.717045 -4.78287e-18)
(0.549852 -0.794441 1.15588e-17)
(0.470586 -0.884504 9.04941e-18)
(0.368066 -0.975788 2.22592e-18)
(0.244681 -1.05162 4.41605e-18)
(0.121239 -1.10593 0)
(-0.00335483 -1.13305 1.14756e-18)
(0.793204 -0.446587 -3.69654e-17)
(0.625761 -0.45201 1.87936e-17)
(0.604708 -0.475838 5.00979e-17)
(0.587729 -0.497016 -2.60179e-17)
(0.562766 -0.538295 -1.50019e-17)
(0.52554 -0.598379 -1.44589e-17)
(0.471665 -0.674011 -4.6562e-18)
(0.397612 -0.756761 -9.04858e-18)
(0.304667 -0.836618 0)
(0.196713 -0.901443 1.11426e-18)
(0.08888 -0.947546 -1.12403e-18)
(-0.0191665 -0.974637 -2.30198e-18)
(-0.0994104 -1.48112 2.32628e-18)
(-0.213707 -1.484 2.43665e-18)
(-0.339911 -1.48632 -5.10905e-18)
(-0.472897 -1.49022 0)
(-0.616441 -1.4924 2.72252e-18)
(-0.766002 -1.48848 8.33658e-18)
(-0.914504 -1.47475 0)
(-1.0533 -1.44785 1.12027e-17)
(-1.17109 -1.40549 0)
(-1.25581 -1.34797 2.82001e-17)
(-1.29437 -1.2782 -1.13318e-17)
(-1.276 -1.20375 2.84095e-17)
(-0.0963748 -1.30882 -5.92631e-19)
(-0.210043 -1.32727 3.12399e-18)
(-0.333304 -1.34374 -5.24965e-18)
(-0.464544 -1.36034 -8.26899e-18)
(-0.604139 -1.37179 -9.1025e-21)
(-0.745794 -1.37269 -1.41506e-17)
(-0.880368 -1.35848 -1.72314e-17)
(-0.996797 -1.32571 -1.73177e-17)
(-1.08265 -1.27335 -2.33937e-17)
(-1.12676 -1.20441 -2.3644e-17)
(-1.12035 -1.1274 0)
(-1.06056 -1.05533 0)
(-0.104228 -1.14782 2.39622e-18)
(-0.214629 -1.17317 -3.74942e-18)
(-0.333229 -1.19538 6.56581e-18)
(-0.45872 -1.21533 -6.4431e-20)
(-0.5885 -1.22722 1.15206e-17)
(-0.714578 -1.22592 5.89083e-18)
(-0.82655 -1.20749 1.78788e-17)
(-0.912899 -1.16983 4.2703e-17)
(-0.962645 -1.11381 1.88043e-17)
(-0.96876 -1.04482 -2.6184e-17)
(-0.929006 -0.975324 0)
(-0.8533 -0.927406 0)
(-0.114845 -0.9944 -4.78472e-18)
(-0.219754 -1.01973 1.2479e-18)
(-0.33099 -1.04066 -1.31421e-18)
(-0.446506 -1.05706 1.37812e-17)
(-0.561399 -1.06358 -1.45329e-17)
(-0.666626 -1.05613 -6.02074e-18)
(-0.751371 -1.03175 1.58585e-20)
(-0.804672 -0.989557 6.60618e-18)
(-0.817712 -0.93063 -2.80048e-17)
(-0.788029 -0.858486 3.08725e-17)
(-0.717148 -0.782351 -3.56568e-17)
(-0.6347 -0.761491 0)
(-1.17987 -1.12009 -2.2941e-17)
(-1.11629 -1.02425 -5.67922e-18)
(-1.06821 -0.968772 5.65365e-18)
(-1.03507 -0.914187 -5.55305e-18)
(-1.03002 -0.86464 -5.18565e-18)
(-1.05516 -0.808928 -9.97542e-20)
(-1.11277 -0.738022 1.20685e-17)
(-1.19601 -0.639715 -2.3475e-18)
(-1.29855 -0.511925 0)
(-1.39168 -0.347905 0)
(-1.47417 -0.183969 2.18155e-18)
(-1.49935 -0.00468447 2.23758e-18)
(-0.919595 -0.974545 4.86538e-17)
(-0.85729 -0.859798 0)
(-0.821442 -0.816319 0)
(-0.803782 -0.77609 1.047e-17)
(-0.818193 -0.740187 -5.06369e-18)
(-0.862549 -0.697241 4.81257e-18)
(-0.93531 -0.6382 0)
(-1.02759 -0.553333 -6.85296e-18)
(-1.12821 -0.440821 -2.23166e-18)
(-1.21521 -0.29939 4.43511e-18)
(-1.28086 -0.156931 -2.76954e-18)
(-1.30673 -0.00876858 -5.62561e-19)
(-0.67493 -0.880713 -2.7649e-17)
(-0.639679 -0.740601 1.73003e-17)
(-0.629668 -0.705928 5.40489e-18)
(-0.631567 -0.675953 5.16754e-18)
(-0.661994 -0.645648 4.94932e-18)
(-0.717453 -0.606035 0)
(-0.794862 -0.54985 2.31321e-18)
(-0.884916 -0.470552 4.4813e-18)
(-0.976171 -0.368008 2.22574e-18)
(-1.05196 -0.244615 -4.41564e-18)
(-1.10623 -0.121172 2.21919e-18)
(-1.13331 0.00342197 -1.14748e-18)
(-0.446738 -0.793252 3.69621e-17)
(-0.452223 -0.625814 -2.50838e-17)
(-0.476106 -0.604773 -5.56734e-18)
(-0.497324 -0.587783 8.08328e-22)
(-0.538635 -0.562799 -1.50029e-17)
(-0.598738 -0.525548 -4.80588e-18)
(-0.67437 -0.471648 1.39755e-17)
(-0.757103 -0.397572 0)
(-0.836925 -0.304612 8.96599e-18)
(-0.901707 -0.196655 0)
(-0.947768 -0.0888271 -4.4968e-18)
(-0.974814 0.0192168 2.30199e-18)
(-1.48147 0.0995311 1.18045e-18)
(-1.4843 0.213833 0)
(-1.48658 0.340041 5.15269e-18)
(-1.49045 0.473029 5.32495e-18)
(-1.49259 0.61657 -1.08598e-17)
(-1.48863 0.766112 5.58117e-18)
(-1.47485 0.914572 1.11681e-17)
(-1.4479 1.05329 4.6937e-20)
(-1.40549 1.171 5.64369e-18)
(-1.34792 1.25564 -1.68931e-17)
(-1.27811 1.29415 -5.63728e-18)
(-1.20363 1.27575 2.27433e-17)
(-1.3091 0.0964706 -1.77195e-18)
(-1.3275 0.210142 -6.24024e-19)
(-1.34392 0.3334 -5.20831e-18)
(-1.36047 0.464633 0)
(-1.37187 0.604206 -1.40512e-17)
(-1.37272 0.745821 -8.46073e-18)
(-1.35845 0.880328 8.89593e-20)
(-1.32562 0.996666 5.78562e-18)
(-1.27321 1.08242 -1.74732e-17)
(-1.20422 1.12645 2.3648e-17)
(-1.12718 1.11999 0)
(-1.05509 1.06017 2.42966e-17)
(-1.14802 0.104298 -2.99293e-18)
(-1.17332 0.214697 6.27553e-19)
(-1.19548 0.333288 0)
(-1.21538 0.458759 -1.10853e-17)
(-1.22721 0.588501 1.43234e-17)
(-1.22585 0.714518 1.46635e-17)
(-1.20736 0.826407 -1.78801e-17)
(-1.16965 0.912656 -2.44322e-17)
(-1.11357 0.962303 -2.5149e-17)
(-1.04455 0.968342 3.27526e-17)
(-0.975031 0.928549 -6.86137e-18)
(-0.927088 0.852831 -5.72077e-17)
(-0.994527 0.114891 4.18747e-18)
(-1.01981 0.219791 6.25967e-19)
(-1.04068 0.331009 0)
(-1.05702 0.446495 1.37822e-17)
(-1.06349 0.561336 -1.06182e-20)
(-1.05599 0.66649 -3.00245e-18)
(-1.03156 0.751144 0)
(-0.989321 0.804346 6.54108e-18)
(-0.930362 0.817299 2.1004e-17)
(-0.858201 0.787557 -4.19458e-20)
(-0.782058 0.716659 3.56684e-17)
(-0.761148 0.634193 7.10675e-17)
(-1.11996 1.17964 2.28436e-17)
(-1.02414 1.116 5.68092e-18)
(-0.968663 1.06784 -5.65589e-18)
(-0.914095 1.03463 1.08929e-17)
(-0.864584 1.02953 0)
(-0.808919 1.05463 1.51891e-17)
(-0.738068 1.11223 -2.18604e-17)
(-0.63981 1.19548 -1.16697e-17)
(-0.512054 1.29807 0)
(-0.348039 1.39125 4.44677e-18)
(-0.184104 1.47377 0)
(-0.00479198 1.499 -1.11752e-18)
(-0.974306 0.919248 0)
(-0.859618 0.856879 0)
(-0.816151 0.820961 0)
(-0.775948 0.803257 -5.23753e-18)
(-0.740089 0.817642 1.18918e-20)
(-0.697198 0.861997 -4.81573e-18)
(-0.638219 0.934787 9.32746e-18)
(-0.553406 1.02712 -9.12914e-18)
(-0.440936 1.12782 0)
(-0.299524 1.21489 3.33387e-18)
(-0.157072 1.28059 1.65971e-18)
(-0.00889164 1.30652 -5.67746e-19)
(-0.880401 0.67454 0)
(-0.740393 0.639216 1.73104e-17)
(-0.705748 0.629147 -9.49224e-21)
(-0.675801 0.631025 1.68722e-21)
(-0.645538 0.661455 4.97483e-18)
(-0.605976 0.716942 4.81403e-18)
(-0.549847 0.794405 6.95428e-18)
(-0.470599 0.884535 4.48439e-18)
(-0.368095 0.975878 2.22725e-18)
(-0.244723 1.05175 -4.41857e-18)
(-0.121299 1.10608 -2.23322e-18)
(0.00330007 1.13322 0)
(-0.792887 0.446361 9.12712e-18)
(-0.625619 0.451767 -6.13605e-18)
(-0.604606 0.475598 0)
(-0.587637 0.496815 0)
(-0.562687 0.538147 -4.99381e-18)
(-0.525479 0.598296 1.6924e-20)
(-0.471625 0.673996 -1.39856e-17)
(-0.397592 0.756811 0)
(-0.304668 0.836725 -8.97222e-18)
(-0.196735 0.901588 0)
(-0.0889337 0.947709 -2.25829e-18)
(0.0190945 0.97482 0)
(0.124259 0.847589 -1.19671e-18)
(0.221819 0.867915 -4.96132e-18)
(0.323248 0.882268 0)
(0.42546 0.890225 -1.09585e-17)
(0.521865 0.887424 -2.89983e-18)
(0.602695 0.871208 -1.54696e-17)
(0.656909 0.83968 6.65817e-18)
(0.673327 0.792324 0)
(0.641767 0.728741 0)
(0.554576 0.648237 9.66065e-18)
(0.384429 0.531832 4.15431e-17)
(0.149923 0.405232 0)
(0.130508 0.707967 1.19399e-18)
(0.219091 0.720081 0)
(0.308835 0.724646 -1.02968e-17)
(0.395564 0.721305 2.70673e-18)
(0.471507 0.707168 -2.88878e-18)
(0.526399 0.68121 1.86134e-17)
(0.548998 0.643069 1.35998e-17)
(0.52763 0.593221 -7.69432e-18)
(0.449967 0.531505 0)
(0.304495 0.461275 0)
(0.0468335 0.362585 0)
(-0.248177 0.340283 0)
(0.132547 0.576962 -1.20065e-18)
(0.210978 0.579248 -6.1445e-18)
(0.287848 0.572536 1.14611e-17)
(0.358089 0.556927 0)
(0.413246 0.531291 0)
(0.442959 0.496552 -5.53232e-17)
(0.436384 0.454644 3.40069e-17)
(0.382699 0.40854 0)
(0.27188 0.361239 -9.39853e-18)
(0.100401 0.323282 2.47905e-17)
(-0.126563 0.291058 -2.09596e-17)
(-0.311529 0.313791 0)
(0.130078 0.455993 1.21128e-18)
(0.19767 0.44803 4.9257e-18)
(0.261193 0.429964 -1.01375e-17)
(0.315012 0.402573 7.96204e-18)
(0.350533 0.366641 -8.4196e-18)
(0.357899 0.325284 -6.0269e-18)
(0.327655 0.283275 -4.70353e-17)
(0.251733 0.246843 -7.70088e-18)
(0.12671 0.222619 9.28515e-18)
(-0.037821 0.224929 4.7434e-17)
(-0.211787 0.254616 0)
(-0.334103 0.310507 0)
(0.123301 0.346282 0)
(0.179839 0.328383 0)
(0.230164 0.299763 1.01703e-17)
(0.268457 0.261909 -1.05741e-17)
(0.286511 0.217467 -1.3919e-17)
(0.275562 0.171738 5.69454e-17)
(0.228356 0.132306 1.32518e-17)
(0.140504 0.108224 3.7824e-17)
(0.015692 0.108097 0)
(-0.128944 0.14481 -4.54406e-17)
(-0.265036 0.212154 -7.00315e-17)
(-0.347781 0.281975 0)
(0.112715 0.248529 0)
(0.158347 0.221514 1.27262e-18)
(0.196084 0.183533 -1.29552e-18)
(0.220265 0.136811 2.65974e-18)
(0.223474 0.08558 4.19372e-17)
(0.198468 0.0370409 -2.98997e-17)
(0.140491 0.00111147 6.59434e-18)
(0.0485251 -0.011317 -2.98867e-17)
(-0.0686522 0.0085341 -8.85417e-18)
(-0.19215 0.0712091 1.12351e-17)
(-0.300237 0.163303 6.795e-17)
(-0.340574 0.248471 0)
(0.0989581 0.162818 0)
(0.134073 0.127828 1.32905e-18)
(0.160104 0.0818152 -1.3445e-18)
(0.171792 0.0277373 0)
(0.16276 -0.0289669 -2.57624e-17)
(0.127489 -0.0796626 -3.0169e-18)
(0.063588 -0.112719 -1.33256e-17)
(-0.0275756 -0.116298 -3.78068e-17)
(-0.134022 -0.0824229 3.59505e-17)
(-0.23728 -0.00156654 0)
(-0.32033 0.108426 1.40067e-16)
(-0.322141 0.204612 0)
(0.082692 0.0886422 0)
(0.10779 0.0469766 1.43452e-18)
(0.123077 -0.00572777 1.00764e-17)
(0.12385 -0.0658938 2.92298e-18)
(0.104873 -0.127218 2.12514e-17)
(0.0623497 -0.180181 -6.41228e-18)
(-0.00405109 -0.211965 3.50857e-17)
(-0.0916362 -0.210293 6.37361e-17)
(-0.185989 -0.168231 3.82967e-17)
(-0.269382 -0.0755179 1.25604e-17)
(-0.327573 0.04878 -1.89682e-17)
(-0.289979 0.156869 0)
(0.0644886 0.0249182 0)
(0.0800468 -0.0220789 0)
(0.0854761 -0.0802138 -1.31379e-17)
(0.0766813 -0.145441 0)
(0.0495814 -0.210932 1.61533e-20)
(0.00201746 -0.266747 -7.22252e-18)
(-0.0646125 -0.299224 7.89845e-18)
(-0.147128 -0.295915 -3.59693e-17)
(-0.228432 -0.250738 -1.08875e-17)
(-0.291337 -0.151396 1.3144e-16)
(-0.322963 -0.0148612 -1.80826e-16)
(-0.247871 0.105656 3.1475e-16)
(0.0451437 -0.0301843 0)
(0.0516031 -0.0812516 8.58609e-18)
(0.0478804 -0.143725 -1.70354e-17)
(0.0305097 -0.213203 4.28189e-18)
(-0.00351216 -0.282738 -4.41732e-17)
(-0.0547198 -0.342132 3.26217e-17)
(-0.120277 -0.377197 -4.00098e-17)
(-0.196998 -0.375467 1.11577e-17)
(-0.264404 -0.330838 -1.07235e-16)
(-0.305441 -0.228582 -1.25858e-16)
(-0.3084 -0.0810029 -2.9585e-17)
(-0.196934 0.0524904 -4.09752e-16)
(0.0268833 -0.0803834 0)
(0.0248482 -0.13446 -4.50703e-17)
(0.0125535 -0.200424 2.96664e-17)
(-0.0128211 -0.273557 0)
(-0.0534833 -0.347207 -7.1553e-18)
(-0.108042 -0.410561 -3.59383e-17)
(-0.173222 -0.449893 -5.93912e-17)
(-0.242519 -0.452177 -3.21488e-17)
(-0.295852 -0.408055 1.89327e-16)
(-0.311563 -0.305198 1.73136e-16)
(-0.279523 -0.155877 0)
(-0.14645 0.000525321 0)
(0.012196 -0.134197 -2.31158e-17)
(0.00290969 -0.189201 -4.00604e-20)
(-0.0162207 -0.256904 0)
(-0.0472446 -0.332184 1.67833e-17)
(-0.091882 -0.410092 -1.55559e-17)
(-0.146896 -0.475979 -1.46254e-16)
(-0.207414 -0.526617 4.85297e-16)
(-0.27363 -0.523099 0)
(-0.294571 -0.469318 -2.46491e-16)
(-0.282506 -0.370655 -2.87074e-16)
(-0.237796 -0.22425 -4.43285e-16)
(-0.0990188 -0.0496701 1.80677e-15)
(0.193557 0.493267 9.69313e-17)
(0.307935 0.477444 2.9537e-17)
(0.35025 0.499704 -2.31568e-17)
(0.388261 0.504048 0)
(0.435753 0.487043 -2.54032e-17)
(0.496451 0.453286 -1.46899e-17)
(0.567279 0.402487 1.17961e-17)
(0.641096 0.334036 6.90686e-18)
(0.709713 0.250368 0)
(0.76448 0.15569 1.12779e-18)
(0.803517 0.0608911 3.39499e-18)
(0.828424 -0.0345458 2.31157e-18)
(0.222532 0.165826 1.61575e-16)
(0.228673 0.334436 -8.38923e-18)
(0.257275 0.400682 3.05156e-17)
(0.299675 0.425033 0)
(0.348472 0.41766 0)
(0.406968 0.3885 2.50574e-17)
(0.471734 0.341601 1.45181e-17)
(0.536613 0.278971 -1.17235e-17)
(0.594956 0.203955 2.30977e-18)
(0.640568 0.120653 1.03238e-17)
(0.672713 0.0369555 -1.15083e-18)
(0.693354 -0.047878 1.16666e-18)
(0.243835 0.0116201 -1.85361e-16)
(0.176247 0.211768 0)
(0.188987 0.313094 0)
(0.22594 0.351908 0)
(0.272847 0.354234 0)
(0.327473 0.330432 2.59431e-17)
(0.385964 0.288119 -4.73624e-17)
(0.442619 0.231454 1.20704e-17)
(0.491901 0.164523 0)
(0.529246 0.0911961 -9.34404e-18)
(0.554398 0.0172721 -4.09065e-18)
(0.5692 -0.0579635 -1.76822e-18)
(0.251777 -0.087073 1.67046e-16)
(0.136859 0.117882 5.08195e-17)
(0.135192 0.237168 -3.44781e-17)
(0.163237 0.285596 2.41784e-17)
(0.206345 0.296367 0)
(0.256487 0.278356 5.42677e-18)
(0.309101 0.241133 1.81242e-17)
(0.358545 0.190524 -1.49912e-17)
(0.400027 0.131252 2.43772e-18)
(0.429964 0.0669344 -1.19752e-18)
(0.448203 0.00195075 5.96204e-18)
(0.456237 -0.0642144 0)
(0.248009 -0.151194 -3.15873e-19)
(0.102256 0.0454643 -4.49024e-17)
(0.0890767 0.170793 3.73728e-17)
(0.108134 0.225554 -5.80962e-17)
(0.146947 0.243387 2.40994e-17)
(0.192858 0.231416 1.45358e-20)
(0.240402 0.199686 -2.71857e-18)
(0.283781 0.155228 2.61444e-17)
(0.31868 0.103317 -2.53717e-18)
(0.34206 0.0473796 0)
(0.353751 -0.0091474 6.1291e-19)
(0.354794 -0.0665214 -3.06528e-18)
(0.232639 -0.190682 -1.52848e-16)
(0.0680607 -0.0124385 0)
(0.0463504 0.111441 0)
(0.0579188 0.170426 3.50072e-17)
(0.093025 0.194303 -5.82535e-17)
(0.13558 0.188625 -3.04827e-17)
(0.179128 0.1628 2.90176e-18)
(0.217664 0.124649 -2.21478e-17)
(0.247118 0.0799253 2.67518e-18)
(0.264816 0.0319742 -1.30002e-18)
(0.270519 -0.0163865 1.92029e-18)
(0.264901 -0.0651359 -6.3639e-19)
(0.206074 -0.212502 -3.15961e-16)
(0.0317812 -0.0602593 -1.30279e-16)
(0.00415315 0.0567986 1.85273e-17)
(0.0105223 0.118567 2.32602e-17)
(0.0432202 0.147893 5.68306e-17)
(0.0837065 0.148891 6.65949e-18)
(0.124503 0.129477 -6.29855e-18)
(0.159428 0.0978924 0)
(0.184525 0.0603243 0)
(0.197409 0.0201233 9.74656e-18)
(0.197823 -0.0202599 1.36232e-18)
(0.186205 -0.0605243 2.68246e-18)
(0.165672 -0.218246 3.38911e-16)
(-0.00670318 -0.100233 -6.81269e-20)
(-0.0394697 0.00499916 -8.59593e-17)
(-0.0356263 0.0682517 -1.06366e-16)
(-0.00361838 0.10279 -3.23103e-17)
(0.0362822 0.111014 7.53525e-18)
(0.0756691 0.0986785 -1.06193e-17)
(0.108182 0.0740679 3.34786e-18)
(0.129945 0.0437716 2.55313e-17)
(0.138855 0.0112228 -2.61354e-17)
(0.134749 -0.0213101 2.24261e-18)
(0.117974 -0.0532367 -3.66314e-18)
(0.115224 -0.21274 -3.40965e-16)
(-0.0475686 -0.132402 1.50787e-16)
(-0.0857909 -0.0448986 1.04745e-16)
(-0.0816821 0.0180101 -1.02647e-20)
(-0.0487198 0.0575333 0)
(-0.00780505 0.0736686 3.6367e-17)
(0.0315947 0.0692853 4.23271e-18)
(0.0628413 0.0522447 -7.55377e-21)
(0.0821866 0.0295231 -6.39604e-17)
(0.0879034 0.0046557 1.44146e-17)
(0.0800601 -0.0200777 0)
(0.0590441 -0.043796 3.39666e-18)
(0.0504905 -0.195241 9.89444e-16)
(-0.0898708 -0.156871 0)
(-0.135138 -0.0929341 1.76675e-17)
(-0.129141 -0.0329872 2.19542e-16)
(-0.0941841 0.0108853 1.21342e-16)
(-0.05065 0.035501 -2.64597e-20)
(-0.00948526 0.0401284 -1.73271e-17)
(0.0217404 0.0314681 4.81274e-17)
(0.0395511 0.0167942 4.01416e-17)
(0.042785 -0.000296785 1.67345e-17)
(0.0319513 -0.0172812 2.30348e-18)
(0.00760396 -0.032954 0)
(-0.0118072 -0.164959 -6.91095e-16)
(-0.134327 -0.172267 0)
(-0.186324 -0.138474 0)
(-0.180636 -0.0853006 -2.07418e-16)
(-0.14491 -0.0388182 -1.94713e-16)
(-0.0975253 -0.00513568 -9.02827e-17)
(-0.0518317 0.0102341 -8.29545e-17)
(-0.0188333 0.0110255 -1.43573e-16)
(-0.00134838 0.00465489 -8.95184e-18)
(5.09876e-05 -0.00485193 -3.81034e-17)
(-0.0130947 -0.014538 4.05584e-18)
(-0.0399262 -0.0226696 0)
(-0.0363576 -0.115484 -8.96343e-16)
(-0.165669 -0.180075 0)
(-0.235406 -0.17686 0)
(-0.231296 -0.139476 5.00175e-17)
(-0.203405 -0.0963854 -5.03869e-17)
(-0.154702 -0.0511336 5.82107e-17)
(-0.102087 -0.0210066 -6.58218e-17)
(-0.0669731 -0.00999176 2.64647e-16)
(-0.0497092 -0.00839165 0)
(-0.0501246 -0.0107675 -1.26718e-16)
(-0.0645609 -0.013756 -9.63298e-17)
(-0.0928909 -0.0150916 2.55515e-17)
(0.847499 -0.124254 -3.14453e-21)
(0.867856 -0.221782 -4.96134e-18)
(0.882286 -0.323209 0)
(0.890292 -0.425438 8.2204e-18)
(0.887537 -0.521883 1.45418e-17)
(0.871348 -0.602773 6.20004e-18)
(0.83983 -0.65706 6.65745e-18)
(0.792465 -0.673555 -2.86528e-17)
(0.72886 -0.642056 0)
(0.648331 -0.554886 -2.88511e-17)
(0.531911 -0.384677 4.12594e-17)
(0.40531 -0.150016 8.6197e-17)
(0.707892 -0.130542 2.38998e-18)
(0.720029 -0.219091 0)
(0.72466 -0.308829 1.02972e-17)
(0.721363 -0.395567 0)
(0.707266 -0.471543 7.00801e-21)
(0.68133 -0.526484 2.48001e-17)
(0.643191 -0.549145 6.78439e-18)
(0.593323 -0.527837 -3.83749e-17)
(0.531569 -0.45021 0)
(0.4613 -0.304712 3.55074e-17)
(0.362584 -0.0469182 -5.79267e-17)
(0.340333 0.248271 0)
(0.576901 -0.132614 -1.1992e-18)
(0.579203 -0.211007 4.91786e-18)
(0.572544 -0.28787 -1.01856e-17)
(0.556971 -0.358111 1.33899e-17)
(0.531368 -0.41329 -5.69463e-18)
(0.496644 -0.443042 -1.539e-17)
(0.454732 -0.436515 -4.07937e-17)
(0.4086 -0.382871 3.89953e-17)
(0.361251 -0.272058 0)
(0.32325 -0.100519 -3.71142e-17)
(0.291016 0.126571 -2.09591e-17)
(0.31382 0.311619 0)
(0.455945 -0.130167 -6.04802e-19)
(0.44799 -0.19772 -5.53814e-18)
(0.429963 -0.261234 1.26978e-18)
(0.402601 -0.315046 -8.79032e-22)
(0.366695 -0.350581 -1.1244e-17)
(0.325348 -0.357973 0)
(0.283329 -0.327762 3.36137e-17)
(0.246864 -0.251862 -7.73445e-18)
(0.222594 -0.126826 0)
(0.224868 0.0377712 9.4926e-17)
(0.254572 0.211824 0)
(0.310536 0.334184 0)
(0.346243 -0.123405 -2.46624e-18)
(0.328346 -0.179902 0)
(0.299751 -0.230219 7.63495e-18)
(0.26192 -0.268498 -1.0561e-17)
(0.217496 -0.286557 1.70531e-20)
(0.171774 -0.275624 2.6983e-17)
(0.132331 -0.228437 -6.6039e-18)
(0.108217 -0.140595 -2.26632e-17)
(0.10805 -0.0157625 9.00292e-18)
(0.144744 0.128925 -4.54361e-17)
(0.212116 0.265071 -3.50083e-17)
(0.282002 0.34784 2.73696e-17)
(0.248492 -0.112824 2.53908e-18)
(0.221478 -0.158416 0)
(0.183511 -0.196147 -1.03419e-17)
(0.136807 -0.22031 2.66004e-18)
(0.0855882 -0.223516 -2.8051e-18)
(0.0370535 -0.198516 -2.99043e-17)
(0.00111338 -0.14055 2.63318e-17)
(-0.0113411 -0.0485864 3.73824e-17)
(0.00848038 0.0686095 0)
(0.0711456 0.192143 1.12549e-17)
(0.163271 0.300265 -1.69709e-17)
(0.248496 0.34063 0)
(0.162778 -0.0990647 6.65394e-19)
(0.127788 -0.134143 -5.99594e-18)
(0.08178 -0.160169 0)
(0.0277187 -0.171836 0)
(-0.028977 -0.162797 0)
(-0.0796688 -0.127525 -6.0743e-18)
(-0.112733 -0.063628 -1.99787e-17)
(-0.116332 0.0275358 -3.02375e-17)
(-0.0824777 0.133996 8.98896e-18)
(-0.00162617 0.237277 2.43117e-20)
(0.108397 0.320353 -1.57542e-16)
(0.204634 0.32219 -2.36555e-16)
(0.08859 -0.082791 2.89451e-18)
(0.0469279 -0.107856 7.18515e-18)
(-0.00577748 -0.123142 -1.44308e-18)
(-0.065925 -0.123892 2.92326e-18)
(-0.127243 -0.104902 1.8227e-17)
(-0.180202 -0.0623752 2.25519e-17)
(-0.211991 0.00402593 -2.80257e-17)
(-0.210333 0.0916116 7.17324e-17)
(-0.168285 0.185974 0)
(-0.0755763 0.269382 0)
(0.0487508 0.327595 1.34527e-16)
(0.156882 0.29003 3.25711e-17)
(0.0248479 -0.0645662 -3.33615e-18)
(-0.0221407 -0.080111 -1.64475e-18)
(-0.0802807 -0.0855325 1.6463e-18)
(-0.145484 -0.0767192 0)
(-0.210972 -0.0496043 -5.49359e-17)
(-0.266782 -0.00203318 -3.62004e-17)
(-0.29926 0.0645989 3.1535e-17)
(-0.295959 0.147116 -3.59468e-17)
(-0.250793 0.228428 1.09653e-17)
(-0.151457 0.291345 1.46314e-17)
(-0.0148959 0.322988 -2.25727e-17)
(0.105658 0.247923 3.1428e-16)
(-0.0302806 -0.0451897 -4.36502e-18)
(-0.0813337 -0.0516625 0)
(-0.143809 -0.0479184 -1.70355e-17)
(-0.213257 -0.0305373 4.28216e-18)
(-0.282789 0.00349806 2.65019e-17)
(-0.342179 0.0547147 -4.60657e-18)
(-0.377243 0.120274 -2.00359e-17)
(-0.375518 0.196998 7.79673e-17)
(-0.330898 0.264411 -9.3902e-17)
(-0.228647 0.305461 5.28804e-20)
(-0.0810489 0.308435 -2.9585e-17)
(0.0524736 0.196991 0)
(-0.0805029 -0.0269067 5.74556e-18)
(-0.134563 -0.0248837 -2.44268e-17)
(-0.200529 -0.0125605 5.56492e-17)
(-0.273623 0.0128167 0)
(-0.347271 0.0534858 -7.15545e-18)
(-0.410619 0.108052 7.21582e-18)
(-0.449948 0.173234 4.43724e-17)
(-0.452235 0.242533 -2.40944e-16)
(-0.40812 0.295877 1.51328e-16)
(-0.305269 0.311602 0)
(-0.155938 0.279575 0)
(0.000487538 0.146519 0)
(-0.134339 -0.0122029 4.62184e-17)
(-0.18932 -0.00291826 8.29141e-17)
(-0.257036 0.0162505 -1.48693e-16)
(-0.332268 0.047269 1.67817e-17)
(-0.410171 0.0919045 -3.10133e-17)
(-0.476055 0.146923 -7.32138e-17)
(-0.526685 0.207438 -5.71204e-17)
(-0.523178 0.273665 3.92373e-17)
(-0.469401 0.294613 -2.15741e-16)
(-0.370737 0.282556 -3.58716e-17)
(-0.224331 0.237855 0)
(-0.0497376 0.0990929 -1.80637e-15)
(0.493455 -0.193569 9.68922e-17)
(0.477583 -0.308065 2.97137e-17)
(0.49982 -0.350395 -2.30738e-17)
(0.504163 -0.388395 -2.66804e-17)
(0.487151 -0.435868 2.53885e-17)
(0.453374 -0.496545 2.44076e-17)
(0.402548 -0.567356 -2.36601e-18)
(0.334068 -0.64116 -4.59603e-18)
(0.250372 -0.709766 2.26798e-18)
(0.15567 -0.764526 0)
(0.0608535 -0.803552 0)
(-0.0345953 -0.828448 -2.79931e-21)
(0.165927 -0.222588 0)
(0.33455 -0.228803 6.54163e-20)
(0.400792 -0.25741 0)
(0.42515 -0.299798 2.20591e-17)
(0.417775 -0.348576 -5.22495e-18)
(0.388599 -0.407054 1.00238e-17)
(0.341673 -0.471807 -2.65922e-17)
(0.279012 -0.536676 2.34752e-18)
(0.203968 -0.595012 0)
(0.120642 -0.640617 -9.1735e-18)
(0.0369274 -0.672751 0)
(-0.047914 -0.693379 2.33004e-18)
(0.0116709 -0.243914 0)
(0.211856 -0.176372 -4.62816e-17)
(0.313194 -0.189109 6.44359e-18)
(0.35202 -0.226046 0)
(0.354351 -0.272936 2.17103e-17)
(0.330537 -0.327548 5.17983e-18)
(0.288199 -0.38603 1.74177e-17)
(0.231504 -0.442681 -1.44707e-17)
(0.164544 -0.491959 2.3629e-18)
(0.0911933 -0.5293 1.86873e-17)
(0.0172546 -0.554442 4.671e-18)
(-0.0579875 -0.569231 -1.1773e-18)
(-0.0870643 -0.251874 -1.66978e-16)
(0.117944 -0.136976 0)
(0.237254 -0.135296 0)
(0.285702 -0.163325 3.01883e-17)
(0.296482 -0.206418 -2.84007e-17)
(0.278463 -0.25655 5.40258e-18)
(0.241217 -0.309161 -5.18157e-18)
(0.190578 -0.358604 9.9853e-18)
(0.131278 -0.400086 9.73781e-18)
(0.0669384 -0.430022 7.18537e-21)
(0.00194087 -0.448254 -4.76492e-18)
(-0.0642277 -0.456278 1.19716e-18)
(-0.151219 -0.248118 1.55278e-16)
(0.0455009 -0.102363 0)
(0.170863 -0.0891605 7.46525e-18)
(0.225649 -0.108201 -5.80328e-17)
(0.243496 -0.147002 0)
(0.231521 -0.192908 -2.84912e-17)
(0.199771 -0.240454 2.99088e-17)
(0.155285 -0.283839 -2.35147e-17)
(0.103346 -0.318742 -7.59808e-18)
(0.0473878 -0.342124 -2.23305e-17)
(-0.00915132 -0.353811 0)
(-0.0665277 -0.354846 -2.44954e-18)
(-0.190732 -0.232752 3.80868e-17)
(-0.0124243 -0.0681518 -6.28225e-17)
(0.111494 -0.0464132 0)
(0.170508 -0.0579661 -1.16309e-20)
(0.194403 -0.0930627 0)
(0.188726 -0.135619 6.07812e-18)
(0.162883 -0.179175 -2.89321e-17)
(0.124705 -0.217721 1.93704e-17)
(0.0799556 -0.247184 1.33565e-17)
(0.031985 -0.264888 1.04046e-17)
(-0.0163873 -0.27059 -5.11591e-18)
(-0.0651381 -0.264967 1.2686e-18)
(-0.212573 -0.206187 0)
(-0.0602641 -0.0318525 1.73495e-16)
(0.0568336 -0.00419482 8.32885e-17)
(0.118634 -0.0105495 2.32228e-17)
(0.147981 -0.0432419 0)
(0.148984 -0.0837354 3.32759e-17)
(0.129555 -0.124547 -3.15106e-18)
(0.0979467 -0.159487 -5.59654e-21)
(0.0603546 -0.184597 -1.43576e-17)
(0.0201353 -0.19749 0)
(-0.02026 -0.197905 -1.06776e-21)
(-0.0605259 -0.186285 3.98847e-26)
(-0.21833 -0.165773 -3.3874e-16)
(-0.100257 0.00665533 -2.92306e-16)
(0.00501675 0.0394487 -7.5099e-17)
(0.0683032 0.0356185 -7.08324e-17)
(0.102866 0.00361024 0)
(0.111097 -0.036304 7.5278e-18)
(0.0987505 -0.0757115 -1.06099e-17)
(0.074119 -0.108245 6.34877e-21)
(0.0438015 -0.130025 3.19225e-18)
(0.0112353 -0.138947 0)
(-0.021311 -0.134844 5.97356e-18)
(-0.0532396 -0.118069 2.92791e-18)
(-0.21283 -0.115305 -1.51788e-19)
(-0.132443 0.047547 1.72123e-16)
(-0.0448986 0.0857903 0)
(0.0180435 0.0816923 1.06869e-17)
(0.0575936 0.0487233 -5.93014e-21)
(0.0737403 0.00778734 -3.63413e-17)
(0.0693497 -0.0316396 2.96182e-17)
(0.0522919 -0.0629119 -3.57193e-17)
(0.0295522 -0.0822778 0)
(0.0046683 -0.0880087 -1.44062e-17)
(-0.0200795 -0.0801679 0)
(-0.0438032 -0.0591512 -6.79023e-18)
(-0.195329 -0.0505411 4.94273e-16)
(-0.156929 0.0898782 -2.88069e-17)
(-0.0929523 0.13516 1.76529e-16)
(-0.0329746 0.12917 1.02336e-16)
(0.0109271 0.0941994 -9.42853e-17)
(0.0355585 0.0506348 5.0009e-17)
(0.0401836 0.00943578 -1.15589e-17)
(0.0315108 -0.0218204 3.74122e-17)
(0.0168229 -0.0396551 5.01917e-18)
(-0.000282614 -0.0429045 3.58308e-17)
(-0.0172845 -0.0320698 -6.89687e-18)
(-0.0329634 -0.00772266 4.46167e-18)
(-0.165033 0.0118019 0)
(-0.17234 0.134361 0)
(-0.138513 0.186376 -2.31163e-16)
(-0.0853123 0.180692 0)
(-0.0388 0.144943 2.18825e-16)
(-0.00509488 0.0975148 -2.25426e-16)
(0.0102795 0.0517782 -5.18268e-17)
(0.0110651 0.018745 6.6932e-17)
(0.00468649 0.00123243 0)
(-0.00483349 -0.000183472 3.71666e-21)
(-0.0145407 0.012968 4.85941e-17)
(-0.0226713 0.0398025 0)
(-0.115527 0.036366 -7.83998e-16)
(-0.180165 0.165749 -7.09757e-16)
(-0.176935 0.235514 7.03871e-17)
(-0.139523 0.231393 0)
(-0.0963997 0.203471 -5.03042e-17)
(-0.0511098 0.154703 5.82292e-16)
(-0.0209697 0.102035 -6.58432e-17)
(-0.0099541 0.0668821 -2.97595e-16)
(-0.00835519 0.0495856 2.99751e-17)
(-0.0107436 0.0499864 -1.12578e-16)
(-0.0137545 0.0644307 -2.201e-16)
(-0.0150838 0.0927754 2.55475e-17)
(-0.124307 -0.847511 1.18978e-18)
(-0.22183 -0.867849 -1.23961e-18)
(-0.323243 -0.882256 1.30255e-18)
(-0.425446 -0.890236 1.09788e-17)
(-0.521857 -0.887457 1.16255e-17)
(-0.602713 -0.871256 -1.23836e-17)
(-0.656974 -0.839739 -6.63284e-18)
(-0.673465 -0.792388 -2.1476e-17)
(-0.641984 -0.728807 6.40687e-17)
(-0.554858 -0.648303 0)
(-0.384714 -0.531904 5.53016e-17)
(-0.15012 -0.40533 0)
(-0.130579 -0.707903 1.19327e-18)
(-0.219119 -0.720022 0)
(-0.308843 -0.724633 0)
(-0.395557 -0.721313 1.19031e-20)
(-0.471505 -0.707196 -1.15178e-17)
(-0.526423 -0.681251 -3.09743e-17)
(-0.54907 -0.643114 -2.03541e-17)
(-0.527769 -0.593259 0)
(-0.45017 -0.531526 -3.6457e-17)
(-0.304722 -0.461268 1.18162e-17)
(-0.0469889 -0.362564 3.84014e-17)
(0.248223 -0.3403 2.02359e-16)
(-0.132635 -0.57692 -1.19985e-18)
(-0.211018 -0.579206 1.22604e-18)
(-0.287868 -0.572531 8.91159e-18)
(-0.35809 -0.556942 -1.87487e-17)
(-0.413251 -0.531324 -1.70697e-17)
(-0.442988 -0.496595 -3.02981e-18)
(-0.436458 -0.454684 4.0813e-17)
(-0.382832 -0.408562 2.33106e-17)
(-0.272052 -0.361227 -3.75701e-17)
(-0.10056 -0.323226 0)
(0.126498 -0.29098 -8.40042e-17)
(0.31158 -0.313772 -5.28554e-20)
(-0.130177 -0.455977 2.42166e-18)
(-0.197718 -0.448011 0)
(-0.261223 -0.429973 -1.01298e-17)
(-0.315021 -0.402602 2.6444e-18)
(-0.350545 -0.366686 1.12217e-17)
(-0.357934 -0.325337 5.15231e-17)
(-0.327729 -0.283319 -3.36015e-17)
(-0.251854 -0.246859 -3.85672e-17)
(-0.12685 -0.222594 8.34373e-17)
(0.0377155 -0.224855 -4.74198e-17)
(0.211762 -0.254527 0)
(0.334143 -0.310476 -1.12036e-16)
(-0.123406 -0.346292 -2.46422e-18)
(-0.179892 -0.32839 0)
(-0.230201 -0.29979 0)
(-0.268474 -0.261955 7.93489e-18)
(-0.286531 -0.217526 2.78546e-17)
(-0.275604 -0.171804 -2.69867e-17)
(-0.228428 -0.13236 2.64862e-17)
(-0.140615 -0.108244 -3.02311e-17)
(-0.0158055 -0.108073 -7.20102e-17)
(0.128866 -0.144742 2.40433e-21)
(0.265015 -0.212072 7.00024e-17)
(0.347791 -0.281942 0)
(-0.112822 -0.248561 1.26875e-18)
(-0.1584 -0.221546 -5.09888e-18)
(-0.196129 -0.183578 0)
(-0.220288 -0.136877 0)
(-0.223501 -0.0856541 -2.51515e-17)
(-0.198514 -0.0371227 -2.09159e-17)
(-0.14056 -0.00117884 0)
(-0.0486268 0.0112857 2.98763e-17)
(0.0685554 -0.00852633 2.65529e-17)
(0.192086 -0.0711579 5.61528e-17)
(0.30021 -0.163235 -1.35921e-16)
(0.340573 -0.248437 2.22704e-16)
(-0.0990612 -0.162866 -3.97772e-26)
(-0.134126 -0.12788 6.65297e-18)
(-0.160153 -0.0818755 -1.34379e-18)
(-0.171819 -0.0278202 -2.73918e-18)
(-0.162794 0.0288793 5.72343e-18)
(-0.127539 0.0795651 2.13099e-17)
(-0.0636552 0.112637 0)
(0.0274809 0.116251 0)
(0.133935 0.0824085 3.59387e-17)
(0.237221 0.00159479 0)
(0.320297 -0.108375 5.23842e-17)
(0.322125 -0.204581 -2.06731e-16)
(-0.0827906 -0.0886993 2.89279e-18)
(-0.107839 -0.0470433 5.74862e-18)
(-0.123129 0.00565719 1.15135e-17)
(-0.123881 0.0657959 0)
(-0.104911 0.127119 3.02547e-18)
(-0.0624048 0.18007 -9.63559e-18)
(0.00398783 0.211866 1.40275e-17)
(0.091545 0.210231 -4.78044e-17)
(0.185908 0.168192 -2.86547e-17)
(0.269327 0.0755212 0)
(0.327534 -0.0487449 1.53964e-16)
(0.289959 -0.156847 2.64527e-16)
(-0.064565 -0.024979 -6.66974e-18)
(-0.0801014 0.0220023 -6.58963e-18)
(-0.0855229 0.0801389 -1.31314e-17)
(-0.0767182 0.145331 3.31669e-18)
(-0.0496231 0.210829 -2.18781e-20)
(-0.00207215 0.266625 -3.63304e-18)
(0.064547 0.299115 0)
(0.147045 0.295839 -2.8114e-20)
(0.228353 0.250675 -1.09587e-17)
(0.291285 0.15138 1.31407e-16)
(0.322926 0.0148767 -1.80761e-16)
(0.247838 -0.105642 -3.14362e-16)
(-0.0451825 0.0301299 4.35988e-18)
(-0.0516667 0.0811743 -8.58145e-18)
(-0.0479125 0.143648 1.70276e-17)
(-0.0305523 0.213088 0)
(0.00346804 0.282631 0)
(0.0546704 0.342003 -2.79474e-17)
(0.120206 0.377081 3.00157e-17)
(0.196924 0.375378 1.33607e-16)
(0.264327 0.330761 1.07296e-16)
(0.305387 0.22855 1.81415e-17)
(0.30837 0.0809968 -2.95765e-17)
(0.196904 -0.0524737 0)
(-0.0268966 0.0803361 0)
(-0.0248976 0.134384 1.50056e-17)
(-0.0125682 0.200354 -2.96529e-17)
(0.0127828 0.27344 7.294e-18)
(0.0534448 0.347102 -7.19939e-18)
(0.107996 0.410433 5.74822e-17)
(0.173154 0.449772 -5.91216e-17)
(0.242453 0.452081 -1.28435e-16)
(0.29578 0.407969 -1.51311e-16)
(0.311515 0.305155 -1.97692e-16)
(0.279495 0.155859 3.54818e-16)
(0.146425 -0.00052826 -8.34974e-17)
(-0.0121851 0.134164 4.62174e-17)
(-0.00294034 0.189128 -8.29528e-17)
(0.0162324 0.256858 0)
(0.0472206 0.332074 -1.34651e-16)
(0.0918563 0.409999 -1.24077e-16)
(0.146866 0.475868 0)
(0.207358 0.526496 2.84792e-17)
(0.273581 0.523012 -7.86505e-17)
(0.294523 0.469248 1.7753e-20)
(0.282471 0.37061 3.58775e-17)
(0.237773 0.224227 -8.86452e-16)
(0.0990037 0.0496587 0)
(-0.193763 -0.493485 -9.6894e-17)
(-0.308275 -0.477596 -3.71147e-17)
(-0.350638 -0.499848 2.89333e-17)
(-0.388663 -0.504181 0)
(-0.436155 -0.487152 2.03077e-17)
(-0.496839 -0.453356 4.88497e-18)
(-0.567641 -0.402513 -1.41562e-17)
(-0.641421 -0.33402 -6.90748e-18)
(-0.709991 -0.250318 -1.13174e-17)
(-0.764708 -0.155619 0)
(-0.803693 -0.0608109 4.52897e-18)
(-0.828546 0.0346296 -1.15528e-18)
(-0.222801 -0.165875 0)
(-0.22899 -0.334521 4.19495e-17)
(-0.257613 -0.400781 -3.04963e-17)
(-0.300014 -0.425132 0)
(-0.348802 -0.417744 1.57021e-17)
(-0.407277 -0.388555 5.01551e-18)
(-0.472013 -0.341622 -1.93466e-17)
(-0.536853 -0.278957 -1.75303e-20)
(-0.595152 -0.203915 0)
(-0.640715 -0.120597 0)
(-0.672811 -0.0368946 0)
(-0.693401 0.0479355 -1.16615e-18)
(-0.244133 -0.0115568 0)
(-0.176531 -0.211781 2.77887e-17)
(-0.189269 -0.313146 3.21838e-17)
(-0.226207 -0.351967 0)
(-0.273098 -0.35429 -1.62669e-17)
(-0.327698 -0.33047 1.03802e-17)
(-0.386157 -0.288131 2.73948e-17)
(-0.442775 -0.23144 -4.83505e-18)
(-0.492015 -0.164488 -7.0859e-18)
(-0.529317 -0.091151 0)
(-0.554424 -0.0172279 -4.6719e-18)
(-0.569181 0.0579979 1.17752e-18)
(-0.252084 0.0872202 0)
(-0.137099 -0.117832 -4.06702e-17)
(-0.13541 -0.237175 -5.51e-17)
(-0.163428 -0.285617 0)
(-0.206515 -0.296393 -5.68243e-18)
(-0.256628 -0.278374 -1.62095e-17)
(-0.30921 -0.241134 2.0729e-17)
(-0.358618 -0.190506 9.98824e-18)
(-0.400062 -0.13122 -7.95272e-21)
(-0.429961 -0.0668971 1.19705e-18)
(-0.448162 -0.00191931 4.16768e-18)
(-0.45616 0.0642302 -5.99396e-19)
(-0.248311 0.151398 3.86492e-17)
(-0.102447 -0.045361 -2.24511e-17)
(-0.089229 -0.170756 2.98893e-17)
(-0.108249 -0.225537 6.45413e-18)
(-0.147035 -0.243382 3.0104e-17)
(-0.192917 -0.231412 -5.70224e-18)
(-0.24043 -0.199675 -4.07917e-17)
(-0.283777 -0.155205 -4.66311e-21)
(-0.318643 -0.103285 1.01259e-17)
(-0.34199 -0.0473471 -1.24133e-17)
(-0.353651 0.0091699 0)
(-0.354665 0.066524 2.45076e-18)
(-0.232919 0.19092 0)
(-0.0681955 0.0125852 -1.25639e-17)
(-0.0464353 -0.111362 8.23268e-18)
(-0.0579584 -0.170372 0)
(-0.0930342 -0.194267 -1.94032e-17)
(-0.135561 -0.1886 -2.43924e-17)
(-0.179081 -0.162776 1.73591e-17)
(-0.217588 -0.124619 -2.7658e-18)
(-0.247015 -0.0798913 2.67416e-18)
(-0.264687 -0.0319437 1.04082e-17)
(-0.270367 0.0164036 0)
(-0.264729 0.0651302 -2.53802e-18)
(-0.206318 0.212754 3.15623e-16)
(-0.0318584 0.06044 1.01279e-16)
(-0.00417061 -0.0566814 3.40794e-21)
(-0.0104886 -0.11848 7.75067e-18)
(-0.043154 -0.147826 2.8404e-17)
(-0.0836147 -0.148843 3.32928e-17)
(-0.124387 -0.129438 -6.29584e-18)
(-0.159288 -0.0978545 0)
(-0.184364 -0.0602868 0)
(-0.197228 -0.0200925 0)
(-0.197626 0.0202747 4.76179e-18)
(-0.185996 0.0605147 6.71452e-19)
(-0.165865 0.218496 -2.96298e-16)
(0.00668333 0.100437 -1.54865e-16)
(0.0395192 -0.00484792 0)
(0.0357309 -0.0681323 0)
(0.00375403 -0.102695 -5.652e-17)
(-0.0361242 -0.110943 3.01395e-17)
(-0.0754908 -0.0986247 -3.18488e-17)
(-0.107986 -0.0740209 -3.3437e-17)
(-0.129734 -0.0437292 3.19351e-18)
(-0.138632 -0.01119 -1.53503e-18)
(-0.134516 0.0213251 -4.4797e-18)
(-0.117735 0.0532266 -2.92891e-18)
(-0.11536 0.212975 0)
(0.0476037 0.132618 -2.15362e-17)
(0.085906 0.0450784 1.3093e-17)
(0.0818525 -0.0178605 1.07036e-17)
(0.0489191 -0.0574089 3.90749e-17)
(0.0080225 -0.0735737 -3.63599e-17)
(-0.0313628 -0.0692159 2.54017e-17)
(-0.0625984 -0.0521874 6.35222e-17)
(-0.0819359 -0.029475 0)
(-0.0876461 -0.00461942 1.79908e-18)
(-0.0797978 0.0200948 -1.74412e-18)
(-0.0587827 0.0437882 3.39578e-18)
(-0.0505489 0.195449 0)
(0.0899565 0.157088 -2.88352e-17)
(0.135316 0.0931363 1.84891e-20)
(0.129371 0.0331633 1.31655e-16)
(0.0944407 -0.0107347 -1.21274e-16)
(0.0509215 -0.0353816 7.5048e-17)
(0.00976395 -0.0400426 -5.78502e-18)
(-0.0214592 -0.0313992 -5.34586e-17)
(-0.0392696 -0.0167397 5.02109e-18)
(-0.0425023 0.000337512 1.91161e-17)
(-0.0316677 0.0173015 0)
(-0.00732625 0.0329502 4.46523e-18)
(0.0118006 0.16512 0)
(0.13447 0.172472 0)
(0.186555 0.138692 0)
(0.180918 0.0854965 -2.07251e-16)
(0.145216 0.0389904 4.13465e-16)
(0.0978498 0.00528006 -1.12808e-16)
(0.052153 -0.01013 1.03592e-17)
(0.0191457 -0.0109447 -9.57566e-18)
(0.00165238 -0.00459405 0)
(0.000249027 0.00489703 -7.19553e-17)
(0.0133924 0.0145612 3.84812e-17)
(0.0402136 0.0226697 -9.80378e-18)
(0.0363973 0.115598 8.95541e-16)
(0.16583 0.180264 0)
(0.235676 0.177083 -7.0274e-17)
(0.231608 0.139691 4.50022e-16)
(0.203734 0.0965798 -3.52283e-16)
(0.155075 0.0513195 -1.16321e-16)
(0.102436 0.021133 3.61702e-16)
(0.0672983 0.0100828 -6.6086e-17)
(0.050017 0.00845636 2.99719e-17)
(0.0504204 0.0108139 2.25221e-16)
(0.0648549 0.0137821 -1.10035e-16)
(0.0931711 0.0150956 -5.10724e-17)
(-0.847562 0.124333 -1.18989e-18)
(-0.867851 0.22184 -1.23975e-18)
(-0.882209 0.323228 1.30273e-18)
(-0.890141 0.42539 0)
(-0.887317 0.52174 -1.45258e-17)
(-0.871073 0.602518 -9.27914e-18)
(-0.839522 0.656692 3.32035e-17)
(-0.792147 0.673098 2.14799e-17)
(-0.72856 0.641559 0)
(-0.648072 0.554417 -1.44382e-19)
(-0.531731 0.384333 -5.53206e-17)
(-0.405193 0.149821 -8.62316e-17)
(-0.707883 0.130586 -2.38901e-18)
(-0.719958 0.219106 -1.23108e-18)
(-0.724527 0.308797 -9.0056e-18)
(-0.721168 0.395464 2.706e-18)
(-0.70702 0.471348 8.63156e-18)
(-0.68105 0.526189 -3.0979e-17)
(-0.642901 0.54876 -2.03813e-17)
(-0.593047 0.527401 0)
(-0.531331 0.449786 0)
(-0.461114 0.304385 -3.55104e-17)
(-0.362491 0.0467967 -1.92289e-17)
(-0.340239 -0.248228 -1.61938e-16)
(-0.576833 0.132627 5.99915e-19)
(-0.579083 0.210986 5.53133e-18)
(-0.572375 0.287798 1.01823e-17)
(-0.556758 0.357971 0)
(-0.531125 0.413067 -8.54368e-18)
(-0.496391 0.442735 3.99672e-17)
(-0.454491 0.436147 -2.03617e-17)
(-0.40839 0.38249 0)
(-0.361089 0.271735 0)
(-0.323132 0.10033 0)
(-0.290943 -0.126588 0)
(-0.31373 -0.31155 1.28588e-16)
(-0.455829 0.130157 0)
(-0.447836 0.197671 -3.695e-18)
(-0.429774 0.261135 -1.26937e-18)
(-0.402388 0.314884 2.64418e-18)
(-0.366473 0.350348 5.62225e-18)
(-0.325138 0.357677 -2.72809e-17)
(-0.283149 0.327433 6.7753e-18)
(-0.246726 0.251552 0)
(-0.222499 0.1266 -3.70592e-17)
(-0.224796 -0.0378667 3.55568e-17)
(-0.254493 -0.211805 -5.68447e-17)
(-0.31043 -0.334106 -1.12076e-16)
(-0.346088 0.123378 1.85022e-18)
(-0.328167 0.179835 6.23675e-19)
(-0.299554 0.230104 0)
(-0.261716 0.268328 -2.63511e-18)
(-0.217304 0.28633 -1.67164e-17)
(-0.171611 0.275354 -3.00668e-18)
(-0.132211 0.228157 2.39645e-20)
(-0.108143 0.140355 -3.02381e-17)
(-0.108008 0.0156119 2.70223e-17)
(-0.144702 -0.128967 -3.40785e-17)
(-0.212043 -0.265033 6.99908e-17)
(-0.281896 -0.347747 -9.39297e-20)
(-0.248304 0.112787 -3.17174e-18)
(-0.22128 0.158339 1.91088e-18)
(-0.18331 0.196025 -1.29523e-18)
(-0.136617 0.220142 2.65934e-18)
(-0.085425 0.223305 2.23547e-17)
(-0.036934 0.19828 2.96178e-18)
(-0.00104548 0.140319 1.97055e-17)
(0.0113652 0.0484059 5.23019e-17)
(-0.00847704 -0.0687054 8.86424e-18)
(-0.0711274 -0.192151 0)
(-0.16321 -0.30021 0)
(-0.24839 -0.340527 1.11226e-16)
(-0.162562 0.0990234 -1.9895e-26)
(-0.127575 0.134064 -3.9984e-18)
(-0.0815785 0.160049 -1.2074e-17)
(-0.0275415 0.171679 0)
(0.0291144 0.162608 0)
(0.0797529 0.127325 -6.07297e-18)
(0.112761 0.0634447 6.6853e-18)
(0.116318 -0.0276666 -6.04555e-17)
(0.0824496 -0.134051 -4.49368e-17)
(0.00161969 -0.23726 2.31621e-17)
(-0.108355 -0.320283 1.22595e-16)
(-0.204539 -0.322081 2.36646e-16)
(-0.0883529 0.0827503 2.17178e-18)
(-0.0467034 0.10778 7.90329e-18)
(0.00597929 0.123031 2.15892e-17)
(0.0660911 0.123751 -2.34578e-17)
(0.12736 0.10474 -2.12695e-17)
(0.180259 0.0622117 -9.63881e-18)
(0.211988 -0.00416627 7.03499e-18)
(0.210289 -0.0917008 3.18595e-17)
(0.16823 -0.185996 1.14769e-16)
(0.0755428 -0.269344 1.00343e-16)
(-0.0487334 -0.327513 2.33098e-19)
(-0.156802 -0.289919 4.05736e-19)
(-0.0245948 0.0645297 -3.33535e-18)
(0.022374 0.0800428 -6.59451e-18)
(0.0804831 0.085434 -1.31356e-17)
(0.145641 0.0765983 4.99369e-17)
(0.211074 0.049471 2.7478e-17)
(0.266819 0.00190566 3.6343e-18)
(0.299235 -0.0646996 -3.15102e-17)
(0.295891 -0.147168 0)
(0.250712 -0.228419 7.44152e-20)
(0.151394 -0.291287 -2.33589e-16)
(0.0148845 -0.322895 -2.03485e-16)
(-0.105601 -0.247816 3.96811e-17)
(0.0305453 0.0451598 0)
(0.081574 0.051605 1.07169e-17)
(0.144013 0.0478359 -1.91653e-17)
(0.21341 0.0304389 -3.4345e-17)
(0.282882 -0.00360179 -3.09739e-17)
(0.342202 -0.0548067 -1.39372e-17)
(0.377201 -0.120338 1.06341e-20)
(0.37543 -0.197015 -7.79692e-17)
(0.330791 -0.264373 -2.27998e-16)
(0.228552 -0.305382 1.61888e-16)
(0.0810046 -0.308331 0)
(-0.0524476 -0.196892 -8.20136e-16)
(0.0807743 0.0268834 0)
(0.134808 0.024837 -2.63036e-17)
(0.200733 0.012494 2.59436e-17)
(0.273771 -0.0128928 -7.29481e-18)
(0.347357 -0.0535612 1.22065e-16)
(0.410631 -0.10811 5.75854e-17)
(0.449894 -0.173262 5.91345e-17)
(0.452126 -0.242517 1.28467e-16)
(0.407988 -0.295808 1.51351e-16)
(0.305145 -0.311502 0)
(0.155855 -0.279465 0)
(-0.000503385 -0.146429 6.69018e-16)
(0.134603 0.0121869 -2.30979e-17)
(0.189558 0.00288406 1.76151e-16)
(0.257234 -0.0162988 6.50381e-17)
(0.332407 -0.0473212 1.3463e-16)
(0.410248 -0.0919511 -1.23964e-16)
(0.476051 -0.146947 -2.90738e-17)
(0.526617 -0.207438 2.86472e-17)
(0.52303 -0.273608 -3.92583e-17)
(0.46924 -0.294525 3.0867e-17)
(0.370591 -0.282458 0)
(0.224215 -0.237754 0)
(0.049667 -0.0990084 1.80696e-15)
(-0.493246 0.193487 0)
(-0.477456 0.307851 -3.6947e-17)
(-0.499716 0.350179 5.79539e-18)
(-0.504057 0.388214 0)
(-0.487046 0.43574 0)
(-0.453281 0.49648 4.88873e-18)
(-0.402472 0.567353 7.06964e-18)
(-0.334014 0.641216 -2.30189e-18)
(-0.250344 0.709871 9.05574e-18)
(-0.155672 0.764664 0)
(-0.0608989 0.803703 4.53209e-18)
(0.0345075 0.828619 1.15876e-18)
(-0.165846 0.222454 0)
(-0.334455 0.228598 0)
(-0.400693 0.257217 -2.44437e-17)
(-0.425037 0.299642 0)
(-0.417652 0.348471 -5.23042e-18)
(-0.388478 0.407004 1.00339e-17)
(-0.341566 0.471811 -2.42012e-17)
(-0.278928 0.536727 -2.34568e-18)
(-0.203914 0.595101 2.31043e-18)
(-0.120625 0.64073 9.18146e-18)
(-0.0369634 0.672872 0)
(0.0478158 0.693518 -1.16488e-18)
(-0.0116654 0.243749 0)
(-0.211798 0.176183 -9.24941e-18)
(-0.313105 0.188942 3.86152e-17)
(-0.351909 0.225921 -5.73818e-18)
(-0.354218 0.272855 0)
(-0.330396 0.327513 -1.5579e-17)
(-0.288066 0.386036 3.49042e-17)
(-0.231393 0.44272 0)
(-0.164466 0.492024 0)
(-0.0911586 0.52938 -8.17943e-18)
(-0.017281 0.554523 3.50543e-18)
(0.0578824 0.569329 1.17955e-18)
(0.0870112 0.251692 0)
(-0.117923 0.136809 0)
(-0.237184 0.135161 -2.75813e-17)
(-0.285597 0.16323 6.04249e-18)
(-0.296346 0.206361 -5.69046e-18)
(-0.27831 0.256528 4.87013e-17)
(-0.241066 0.309167 -5.16896e-18)
(-0.190447 0.358629 1.25026e-17)
(-0.131182 0.400123 -1.21867e-17)
(-0.0668899 0.430064 9.59893e-18)
(-0.0019593 0.448292 -4.76951e-18)
(0.0641206 0.456329 -1.19734e-18)
(0.151122 0.247932 0)
(-0.0455141 0.102223 4.48796e-17)
(-0.170816 0.0890625 2.99034e-17)
(-0.225558 0.108139 0)
(-0.243366 0.146972 -1.80828e-17)
(-0.231365 0.1929 -3.42185e-17)
(-0.19961 0.240459 -3.53775e-17)
(-0.155141 0.283848 7.85098e-18)
(-0.103237 0.31875 1.01393e-17)
(-0.0473296 0.342127 -9.9316e-18)
(0.0091392 0.353806 0)
(0.0664219 0.354849 0)
(0.190605 0.232574 0)
(0.0123803 0.0680455 -5.03107e-17)
(-0.111474 0.0463529 8.23333e-18)
(-0.170436 0.0579385 -7.00686e-18)
(-0.194286 0.0930588 2.58902e-17)
(-0.188574 0.135625 6.09672e-18)
(-0.16272 0.17918 1.73725e-17)
(-0.124556 0.217715 -4.70975e-17)
(-0.079839 0.247163 2.67623e-18)
(-0.031921 0.264853 -1.30055e-18)
(0.0163795 0.270544 1.28187e-18)
(0.0650365 0.264924 0)
(0.212426 0.206028 0)
(0.0601938 0.031783 -1.1581e-16)
(-0.0568412 0.00417302 0)
(-0.118587 0.0105571 -3.10204e-17)
(-0.147883 0.0432643 2.1323e-17)
(-0.148845 0.0837545 3.99937e-17)
(-0.129398 0.12455 -3.15486e-18)
(-0.0977976 0.159465 2.09583e-17)
(-0.0602362 0.184548 0)
(-0.0200688 0.197418 -1.39075e-18)
(0.0202549 0.197822 1.36289e-18)
(0.060433 0.186202 0)
(0.218175 0.165646 0)
(0.100164 -0.0066858 -1.72816e-17)
(-0.00505224 -0.039432 1.07453e-17)
(-0.0682835 -0.0355759 -3.54722e-17)
(-0.102792 -0.00356316 -6.46396e-17)
(-0.110977 0.036335 -2.26271e-17)
(-0.0986059 0.0757116 -7.08514e-18)
(-0.0739763 0.108205 -3.01115e-17)
(-0.0436863 0.129947 3.19578e-18)
(-0.0111691 0.138841 -1.38416e-17)
(0.0213085 0.134727 1.49706e-18)
(0.0531589 0.117954 0)
(0.212676 0.115218 -3.89685e-16)
(0.132333 -0.0475375 1.72353e-16)
(0.0448364 -0.0857355 -9.16832e-17)
(-0.0180533 -0.0816162 -1.07271e-17)
(-0.0575486 -0.0486532 3.91096e-17)
(-0.0736445 -0.00774667 9.08842e-18)
(-0.069223 0.0316342 -8.48045e-18)
(-0.0521613 0.0628527 6.38923e-22)
(-0.0294434 0.0821701 0)
(-0.00460373 0.0878672 1.44198e-17)
(0.0200821 0.0800196 0)
(0.0437335 0.0590175 0)
(0.19519 0.0505082 4.94673e-16)
(0.156805 -0.0898288 -2.59856e-16)
(0.092866 -0.135067 1.59065e-16)
(0.0329346 -0.129061 1.17112e-16)
(-0.0109139 -0.0941062 1.34823e-17)
(-0.0354923 -0.0505851 5.00501e-17)
(-0.0400799 -0.00944872 -5.19876e-17)
(-0.0313967 0.0217375 3.20946e-17)
(-0.0167236 0.0395131 5.02393e-18)
(0.000345542 0.0427242 1.91278e-17)
(0.0172917 0.0318919 -9.20788e-18)
(0.032905 0.00757942 0)
(0.164927 -0.0118012 0)
(0.172209 -0.134268 3.32727e-16)
(0.138404 -0.186243 -2.60433e-16)
(0.0852417 -0.180546 5.18674e-17)
(0.0387776 -0.144821 -4.86773e-17)
(0.00512725 -0.0974499 -9.02725e-17)
(-0.0102023 -0.0517966 1.1412e-16)
(-0.0109693 -0.0188526 -9.5802e-18)
(-0.00459926 -0.00141359 0)
(0.00489318 -4.14009e-05 -3.38815e-17)
(0.0145446 -0.0131784 4.86316e-17)
(0.0226206 -0.03995 0)
(0.115466 -0.036343 -8.96541e-16)
(0.180029 -0.165625 5.68375e-16)
(0.176797 -0.235327 5.63021e-16)
(0.139415 -0.231204 0)
(0.0963329 -0.203308 -4.03006e-16)
(0.0511009 -0.154607 -4.0792e-16)
(0.0210185 -0.102047 1.97486e-16)
(0.0100314 -0.0670068 -3.3051e-17)
(0.00843107 -0.0498065 2.99911e-17)
(0.0107984 -0.050251 0)
(0.013755 -0.0646779 1.50267e-20)
(0.015033 -0.0929169 2.55612e-17)
)
;

boundaryField
{
    rotor
    {
        type            noSlip;
    }
    stator
    {
        type            noSlip;
    }
    front
    {
        type            empty;
    }
    back
    {
        type            empty;
    }
}


// ************************************************************************* //
