/*--------------------------------*- C++ -*----------------------------------*\
| =========                 |                                                 |
| \\      /  F ield         | OpenFOAM: The Open Source CFD Toolbox           |
|  \\    /   O peration     | Version:  v1912                                 |
|   \\  /    A nd           | Website:  www.openfoam.com                      |
|    \\/     M anipulation  |                                                 |
\*---------------------------------------------------------------------------*/
FoamFile
{
    version     2.0;
    format      ascii;
    class       surfaceScalarField;
    location    "350";
    object      phi;
}
// * * * * * * * * * * * * * * * * * * * * * * * * * * * * * * * * * * * * * //

dimensions      [0 3 -1 0 0 0 0];
oriented        oriented;


internalField   nonuniform List<scalar> 
5952
(
5.3002e-06
-5.28532e-06
8.92368e-06
-3.6244e-06
1.16324e-05
-2.70769e-06
1.29688e-05
-1.33671e-06
1.27201e-05
2.49687e-07
1.00886e-05
2.63428e-06
4.89556e-06
5.19354e-06
-4.15528e-06
9.05329e-06
-1.86908e-05
1.45355e-05
-3.1895e-05
1.32045e-05
-4.1831e-05
9.93572e-06
7.62125e-06
-4.94524e-05
1.64294e-06
-6.92649e-06
3.72493e-06
-5.70622e-06
3.47596e-06
-2.45752e-06
1.05281e-06
1.08722e-06
-4.31043e-06
5.61387e-06
-1.37759e-05
1.21007e-05
-2.5911e-05
1.7329e-05
-3.56789e-05
1.88217e-05
-3.97046e-05
1.85613e-05
-4.21441e-05
1.56441e-05
-4.4645e-05
1.24366e-05
9.73346e-06
-4.67573e-05
8.21842e-07
-7.74746e-06
-7.37613e-08
-4.81017e-06
-3.17991e-06
6.4924e-07
-9.64685e-06
7.55459e-06
-1.89703e-05
1.49377e-05
-2.68962e-05
2.00271e-05
-3.13606e-05
2.17936e-05
-3.37346e-05
2.1196e-05
-3.4567e-05
1.93939e-05
-3.52393e-05
1.63164e-05
-3.61034e-05
1.33007e-05
1.04353e-05
-3.68054e-05
-2.34179e-06
-5.40507e-06
-6.11041e-06
-1.04122e-06
-1.15316e-05
6.07076e-06
-1.78479e-05
1.38712e-05
-2.28911e-05
1.99811e-05
-2.56687e-05
2.2805e-05
-2.68044e-05
2.29295e-05
-2.71815e-05
2.15733e-05
-2.71506e-05
1.9363e-05
-2.72452e-05
1.64109e-05
-2.74105e-05
1.34659e-05
1.05621e-05
-2.75374e-05
-4.06873e-06
-1.33543e-06
-9.1794e-06
4.06989e-06
-1.40464e-05
1.09382e-05
-1.78171e-05
1.76424e-05
-1.9793e-05
2.19574e-05
-2.02442e-05
2.32566e-05
-1.99617e-05
2.26471e-05
-1.9339e-05
2.09507e-05
-1.86247e-05
1.86486e-05
-1.81582e-05
1.59444e-05
-1.78628e-05
1.31703e-05
1.0373e-05
-1.76737e-05
-4.96477e-06
3.63021e-06
-9.51671e-06
8.62289e-06
-1.28736e-05
1.42959e-05
-1.45312e-05
1.93008e-05
-1.45596e-05
2.19865e-05
-1.36673e-05
2.23648e-05
-1.24185e-05
2.13989e-05
-1.11492e-05
1.96815e-05
-1.00333e-05
1.75329e-05
-9.19322e-06
1.51043e-05
-8.58929e-06
1.25665e-05
9.95681e-06
-8.17326e-06
-4.8418e-06
8.47433e-06
-8.55096e-06
1.23333e-05
-1.04413e-05
1.61874e-05
-1.03681e-05
1.92287e-05
-8.94947e-06
2.05687e-05
-7.00615e-06
2.04223e-05
-5.00703e-06
1.94001e-05
-3.1885e-06
1.78634e-05
-1.65811e-06
1.60027e-05
-4.63135e-07
1.39096e-05
4.31895e-07
1.16715e-05
9.31504e-06
1.07377e-06
-4.65072e-06
1.31264e-05
-7.28247e-06
1.4966e-05
-7.63247e-06
1.65383e-05
-6.05192e-06
1.76488e-05
-3.44061e-06
1.7958e-05
-5.77247e-07
1.75594e-05
2.13823e-06
1.66851e-05
4.52142e-06
1.54805e-05
6.50475e-06
1.40196e-05
8.07835e-06
1.23361e-05
9.28483e-06
1.04651e-05
8.42364e-06
1.01763e-05
-4.06318e-06
1.71907e-05
-5.54146e-06
1.64449e-05
-4.22217e-06
1.52195e-05
-1.24717e-06
1.46743e-05
2.43282e-06
1.42784e-05
6.13391e-06
1.38587e-05
9.51306e-06
1.33063e-05
1.24274e-05
1.25665e-05
1.484e-05
1.16072e-05
1.67673e-05
1.0409e-05
1.82652e-05
8.96729e-06
7.29362e-06
1.93953e-05
-3.75881e-06
2.09494e-05
-2.61309e-06
1.52995e-05
1.1961e-06
1.14105e-05
5.67257e-06
1.01981e-05
1.02735e-05
9.67774e-06
1.45694e-05
9.5631e-06
1.83489e-05
9.527e-06
2.15454e-05
9.37015e-06
2.41668e-05
8.98601e-06
2.62584e-05
8.31746e-06
2.78942e-05
7.33156e-06
6.04361e-06
2.91443e-05
5.17021e-07
2.04329e-05
6.19479e-06
9.62184e-06
1.2234e-05
5.37137e-06
1.77256e-05
4.70666e-06
2.25564e-05
4.84715e-06
2.67004e-05
5.41936e-06
3.01923e-05
6.03539e-06
3.30788e-05
6.48389e-06
3.54179e-05
6.64701e-06
3.72734e-05
6.46213e-06
3.87283e-05
5.87672e-06
4.9225e-06
3.98495e-05
2.02975e-05
1.35049e-07
2.86496e-05
1.2696e-06
3.38569e-05
1.63946e-07
3.79033e-05
6.60281e-07
4.10533e-05
1.69718e-06
4.36384e-05
2.83432e-06
4.58008e-05
3.87316e-06
4.75848e-05
4.7e-06
4.90232e-05
5.20877e-06
5.01491e-05
5.33624e-06
5.10302e-05
4.99576e-06
5.17123e-05
4.24041e-06
-5.48464e-05
5.39379e-06
-5.81862e-05
3.33969e-06
-5.96599e-05
1.47365e-06
-5.93345e-05
-3.25651e-07
-5.73336e-05
-2.00093e-06
-5.35946e-05
-3.73926e-06
-4.79739e-05
-5.62063e-06
-4.04039e-05
-7.56999e-06
-3.07311e-05
-9.67291e-06
-1.91513e-05
-1.15797e-05
-7.53781e-06
-1.16137e-05
-7.53784e-06
-4.81725e-05
6.80903e-06
-4.89886e-05
4.1556e-06
-4.91447e-05
1.6299e-06
-4.86741e-05
-7.96403e-07
-4.74433e-05
-3.23169e-06
-4.53164e-05
-5.86637e-06
-4.21574e-05
-8.77945e-06
-3.76793e-05
-1.20481e-05
-3.16672e-05
-1.56848e-05
-2.38705e-05
-1.93764e-05
-1.3315e-05
-2.21692e-05
-2.08528e-05
-3.74889e-05
7.49248e-06
-3.79766e-05
4.64321e-06
-3.81776e-05
1.83089e-06
-3.79489e-05
-1.02522e-06
-3.71386e-05
-4.04193e-06
-3.56796e-05
-7.32541e-06
-3.34584e-05
-1.10005e-05
-3.03529e-05
-1.51534e-05
-2.6274e-05
-1.97637e-05
-2.07149e-05
-2.49355e-05
-1.27218e-05
-3.01621e-05
-3.35746e-05
-2.7663e-05
7.618e-06
-2.77141e-05
4.69425e-06
-2.76196e-05
1.73631e-06
-2.72991e-05
-1.34585e-06
-2.66823e-05
-4.65873e-06
-2.57039e-05
-8.30386e-06
-2.42784e-05
-1.2426e-05
-2.22842e-05
-1.71475e-05
-1.9519e-05
-2.25289e-05
-1.55069e-05
-2.89475e-05
-9.468e-06
-3.62009e-05
-4.30425e-05
-1.75797e-05
7.52392e-06
-1.75158e-05
4.6302e-06
-1.74206e-05
1.64106e-06
-1.72437e-05
-1.52281e-06
-1.69441e-05
-4.95841e-06
-1.64744e-05
-8.77361e-06
-1.57771e-05
-1.31232e-05
-1.47878e-05
-1.81367e-05
-1.33044e-05
-2.40122e-05
-1.11234e-05
-3.11285e-05
-7.38608e-06
-3.99381e-05
-5.04285e-05
-7.91347e-06
7.26413e-06
-7.76154e-06
4.47818e-06
-7.67567e-06
1.55517e-06
-7.6262e-06
-1.57234e-06
-7.59264e-06
-4.99197e-06
-7.55466e-06
-8.81157e-06
-7.50735e-06
-1.31704e-05
-7.41052e-06
-1.82334e-05
-7.15681e-06
-2.4266e-05
-6.56893e-06
-3.17163e-05
-4.85445e-06
-4.16526e-05
-5.52831e-05
1.50166e-06
6.83623e-06
1.75412e-06
4.22576e-06
1.85838e-06
1.45092e-06
1.82639e-06
-1.54031e-06
1.65586e-06
-4.8214e-06
1.33356e-06
-8.48918e-06
8.33483e-07
-1.26703e-05
1.41094e-07
-1.75411e-05
-7.20328e-07
-2.34045e-05
-1.63741e-06
-3.07995e-05
-2.16968e-06
-4.11205e-05
-5.74528e-05
1.07996e-05
6.21292e-06
1.11897e-05
3.83571e-06
1.13654e-05
1.27526e-06
1.13252e-05
-1.50006e-06
1.10475e-05
-4.54363e-06
1.04899e-05
-7.93143e-06
9.58133e-06
-1.17617e-05
8.23388e-06
-1.61935e-05
6.35477e-06
-2.15256e-05
3.91861e-06
-2.83633e-05
1.28572e-06
-3.84876e-05
-5.61672e-05
2.02161e-05
5.39218e-06
2.07637e-05
3.28813e-06
2.10549e-05
9.84153e-07
2.10796e-05
-1.52471e-06
2.08015e-05
-4.26549e-06
2.01541e-05
-7.28394e-06
1.90182e-05
-1.06257e-05
1.72232e-05
-1.43985e-05
1.45296e-05
-1.88318e-05
1.06793e-05
-2.4513e-05
5.74933e-06
-3.35577e-05
-5.04178e-05
3.00812e-05
4.4553e-06
3.07423e-05
2.62705e-06
3.11468e-05
5.79643e-07
3.12813e-05
-1.65918e-06
3.10989e-05
-4.08291e-06
3.05148e-05
-6.69975e-06
2.93674e-05
-9.47822e-06
2.74104e-05
-1.24412e-05
2.424e-05
-1.56613e-05
1.93535e-05
-1.96264e-05
1.19303e-05
-2.61343e-05
-3.84871e-05
4.07232e-05
3.58172e-06
4.13786e-05
1.97167e-06
4.18382e-05
1.20135e-07
4.20874e-05
-1.90828e-06
4.20726e-05
-4.06803e-06
4.1699e-05
-6.326e-06
4.07778e-05
-8.55682e-06
3.90194e-05
-1.06827e-05
3.58758e-05
-1.25174e-05
3.06128e-05
-1.4363e-05
2.07218e-05
-1.6243e-05
-1.7765e-05
5.23004e-05
2.99362e-06
5.28017e-05
1.47045e-06
5.32396e-05
-3.17701e-07
5.35939e-05
-2.2625e-06
5.38023e-05
-4.27635e-06
5.37628e-05
-6.28636e-06
5.32852e-05
-8.07902e-06
5.21045e-05
-9.50178e-06
4.96946e-05
-1.01072e-05
4.51066e-05
-9.77494e-06
3.4693e-05
-5.82895e-06
1.69282e-05
5.29297e-06
-5.2924e-06
8.91808e-06
-3.62606e-06
1.16287e-05
-2.71051e-06
1.29685e-05
-1.33998e-06
1.27237e-05
2.44592e-07
1.01008e-05
2.6257e-06
4.91188e-06
5.18858e-06
-4.11903e-06
9.0335e-06
-1.86523e-05
1.4533e-05
-3.1867e-05
1.32153e-05
-4.18079e-05
9.94075e-06
7.62759e-06
-4.94354e-05
1.64032e-06
-6.93212e-06
3.72892e-06
-5.7145e-06
3.4853e-06
-2.46666e-06
1.06934e-06
1.07619e-06
-4.28193e-06
5.59581e-06
-1.37339e-05
1.20783e-05
-2.58701e-05
1.73248e-05
-3.56587e-05
1.88225e-05
-3.96944e-05
1.85687e-05
-4.21344e-05
1.56554e-05
-4.46378e-05
1.24442e-05
9.74062e-06
-4.67509e-05
8.26375e-07
-7.75746e-06
-6.13495e-08
-4.8265e-06
-3.1566e-06
6.28805e-07
-9.60991e-06
7.52954e-06
-1.89322e-05
1.49182e-05
-2.68771e-05
2.00234e-05
-3.13514e-05
2.17991e-05
-3.37318e-05
2.1203e-05
-3.45661e-05
1.94029e-05
-3.52369e-05
1.63261e-05
-3.61013e-05
1.33084e-05
1.0442e-05
-3.68029e-05
-2.33448e-06
-5.42212e-06
-6.09327e-06
-1.06732e-06
-1.15079e-05
6.04382e-06
-1.78286e-05
1.38503e-05
-2.28833e-05
1.9973e-05
-2.56683e-05
2.28085e-05
-2.68058e-05
2.29366e-05
-2.71838e-05
2.15811e-05
-2.71528e-05
1.93717e-05
-2.72462e-05
1.64195e-05
-2.74111e-05
1.3473e-05
1.05682e-05
-2.75375e-05
-4.0629e-06
-1.35812e-06
-9.17175e-06
4.04248e-06
-1.40421e-05
1.09145e-05
-1.7819e-05
1.76276e-05
-1.97999e-05
2.19545e-05
-2.02518e-05
2.32604e-05
-1.9968e-05
2.26532e-05
-1.93447e-05
2.09576e-05
-1.86288e-05
1.86559e-05
-1.81609e-05
1.59513e-05
-1.78643e-05
1.31764e-05
1.0378e-05
-1.76745e-05
-4.96342e-06
3.60841e-06
-9.51943e-06
8.59919e-06
-1.28811e-05
1.42774e-05
-1.45427e-05
1.92903e-05
-1.4572e-05
2.19842e-05
-1.36775e-05
2.2367e-05
-1.24271e-05
2.14027e-05
-1.11554e-05
1.96865e-05
-1.00379e-05
1.75382e-05
-9.19603e-06
1.51097e-05
-8.59114e-06
1.25712e-05
9.96104e-06
-8.17402e-06
-4.8466e-06
8.45647e-06
-8.56053e-06
1.23149e-05
-1.04549e-05
1.61726e-05
-1.0383e-05
1.92196e-05
-8.96287e-06
2.05652e-05
-7.01729e-06
2.04221e-05
-5.0156e-06
1.94018e-05
-3.19497e-06
1.78662e-05
-1.66254e-06
1.60061e-05
-4.66097e-07
1.39133e-05
4.30173e-07
1.16751e-05
9.31832e-06
1.07285e-06
-4.65773e-06
1.31162e-05
-7.29505e-06
1.49529e-05
-7.64765e-06
1.65265e-05
-6.06718e-06
1.764e-05
-3.45403e-06
1.79528e-05
-5.88213e-07
1.75569e-05
2.12965e-06
1.66845e-05
4.51501e-06
1.54813e-05
6.50022e-06
1.40212e-05
8.07533e-06
1.23384e-05
9.28294e-06
1.04676e-05
8.42607e-06
1.01752e-05
-4.07128e-06
1.71882e-05
-5.55367e-06
1.64365e-05
-4.23628e-06
1.52092e-05
-1.26111e-06
1.46654e-05
2.42046e-06
1.42718e-05
6.12371e-06
1.38542e-05
9.50498e-06
1.33036e-05
1.24213e-05
1.25653e-05
1.48355e-05
1.16072e-05
1.67643e-05
1.04098e-05
1.82633e-05
8.96869e-06
7.29523e-06
1.93941e-05
-3.76422e-06
2.09538e-05
-2.62091e-06
1.52934e-05
1.1866e-06
1.14027e-05
5.66258e-06
1.01897e-05
1.02644e-05
9.67039e-06
1.45616e-05
9.55733e-06
1.83426e-05
9.52295e-06
2.15405e-05
9.36767e-06
2.41632e-05
8.9848e-06
2.62559e-05
8.31727e-06
2.78925e-05
7.3321e-06
6.04458e-06
2.91432e-05
5.17121e-07
2.04374e-05
6.19273e-06
9.61865e-06
1.22303e-05
5.36486e-06
1.77214e-05
4.69905e-06
2.25522e-05
4.83995e-06
2.66965e-05
5.41334e-06
3.01888e-05
6.03089e-06
3.30759e-05
6.48085e-06
3.54157e-05
6.64524e-06
3.72717e-05
6.46139e-06
3.87271e-05
5.87677e-06
4.92311e-06
3.98487e-05
2.03012e-05
1.36817e-07
2.8653e-05
1.2667e-06
3.38593e-05
1.59274e-07
3.79042e-05
6.54202e-07
4.10532e-05
1.69109e-06
4.36377e-05
2.82896e-06
4.57998e-05
3.86892e-06
4.75837e-05
4.69702e-06
4.90221e-05
5.20696e-06
5.01482e-05
5.33541e-06
5.10293e-05
4.99573e-06
5.17115e-05
4.24094e-06
-5.48327e-05
5.39734e-06
-5.81762e-05
3.34346e-06
-5.9652e-05
1.47602e-06
-5.93287e-05
-3.23535e-07
-5.73289e-05
-1.99959e-06
-5.35913e-05
-3.73796e-06
-4.79713e-05
-5.6199e-06
-4.04019e-05
-7.56933e-06
-3.07294e-05
-9.6726e-06
-1.91499e-05
-1.15794e-05
-7.53661e-06
-1.16135e-05
-7.53663e-06
-4.81678e-05
6.81423e-06
-4.89844e-05
4.16e-06
-4.91415e-05
1.63315e-06
-4.86713e-05
-7.93881e-07
-4.74411e-05
-3.2297e-06
-4.53144e-05
-5.86482e-06
-4.2156e-05
-8.77829e-06
-3.76781e-05
-1.20472e-05
-3.16664e-05
-1.56842e-05
-2.38699e-05
-1.9376e-05
-1.33148e-05
-2.21687e-05
-2.08514e-05
-3.74866e-05
7.49783e-06
-3.79744e-05
4.64765e-06
-3.81757e-05
1.83437e-06
-3.79472e-05
-1.02249e-06
-3.71372e-05
-4.03983e-06
-3.56784e-05
-7.32378e-06
-3.34574e-05
-1.09993e-05
-3.03521e-05
-1.51524e-05
-2.62734e-05
-1.97629e-05
-2.07147e-05
-2.49347e-05
-1.2722e-05
-3.01613e-05
-3.35734e-05
-2.76628e-05
7.62294e-06
-2.77136e-05
4.69822e-06
-2.76188e-05
1.7394e-06
-2.7298e-05
-1.34338e-06
-2.66812e-05
-4.65677e-06
-2.57028e-05
-8.30225e-06
-2.42774e-05
-1.24247e-05
-2.22835e-05
-1.71463e-05
-1.95184e-05
-2.2528e-05
-1.55065e-05
-2.89467e-05
-9.46783e-06
-3.62e-05
-4.30412e-05
-1.75798e-05
7.52818e-06
-1.75154e-05
4.63355e-06
-1.74199e-05
1.6438e-06
-1.72429e-05
-1.52062e-06
-1.69432e-05
-4.95656e-06
-1.64735e-05
-8.77206e-06
-1.57763e-05
-1.31218e-05
-1.47872e-05
-1.81355e-05
-1.3304e-05
-2.40111e-05
-1.11232e-05
-3.11275e-05
-7.38624e-06
-3.99372e-05
-5.04275e-05
-7.91371e-06
7.26758e-06
-7.76121e-06
4.48109e-06
-7.67514e-06
1.55751e-06
-7.62544e-06
-1.57033e-06
-7.59189e-06
-4.99027e-06
-7.55388e-06
-8.81004e-06
-7.50676e-06
-1.31691e-05
-7.40999e-06
-1.82321e-05
-7.15645e-06
-2.42648e-05
-6.56888e-06
-3.17153e-05
-4.85444e-06
-4.16516e-05
-5.52823e-05
1.5014e-06
6.83909e-06
1.75425e-06
4.22817e-06
1.85879e-06
1.45299e-06
1.82692e-06
-1.53851e-06
1.65644e-06
-4.81979e-06
1.33407e-06
-8.48769e-06
8.33923e-07
-1.26688e-05
1.41399e-07
-1.75397e-05
-7.20252e-07
-2.34032e-05
-1.63733e-06
-3.07982e-05
-2.17005e-06
-4.11196e-05
-5.74523e-05
1.07992e-05
6.21515e-06
1.11897e-05
3.8377e-06
1.13656e-05
1.27705e-06
1.13255e-05
-1.49842e-06
1.10479e-05
-4.54208e-06
1.04902e-05
-7.92993e-06
9.58155e-06
-1.17602e-05
8.23396e-06
-1.6192e-05
6.35487e-06
-2.1524e-05
3.91834e-06
-2.8362e-05
1.28559e-06
-3.84866e-05
-5.61669e-05
2.02155e-05
5.39384e-06
2.07635e-05
3.28973e-06
2.10549e-05
9.85714e-07
2.10797e-05
-1.52319e-06
2.08016e-05
-4.26397e-06
2.01542e-05
-7.28241e-06
1.90182e-05
-1.06241e-05
1.72232e-05
-1.43968e-05
1.45294e-05
-1.88302e-05
1.06791e-05
-2.45114e-05
5.74894e-06
-3.35567e-05
-5.04178e-05
3.00805e-05
4.45648e-06
3.0742e-05
2.62836e-06
3.11467e-05
5.81023e-07
3.12813e-05
-1.65773e-06
3.10988e-05
-4.0814e-06
3.05146e-05
-6.69815e-06
2.93673e-05
-9.47657e-06
2.74101e-05
-1.24395e-05
2.42397e-05
-1.56595e-05
1.93532e-05
-1.96247e-05
1.19301e-05
-2.61333e-05
-3.84871e-05
4.07226e-05
3.58264e-06
4.13782e-05
1.97284e-06
4.18379e-05
1.21445e-07
4.20871e-05
-1.90683e-06
4.20723e-05
-4.06648e-06
4.16986e-05
-6.32434e-06
4.07774e-05
-8.55511e-06
3.90191e-05
-1.06809e-05
3.58754e-05
-1.25156e-05
3.06124e-05
-1.43614e-05
2.07217e-05
-1.62417e-05
-1.77654e-05
5.22998e-05
2.99454e-06
5.2801e-05
1.47163e-06
5.32389e-05
-3.16332e-07
5.35932e-05
-2.26101e-06
5.38016e-05
-4.27475e-06
5.37621e-05
-6.28468e-06
5.32845e-05
-8.07728e-06
5.21039e-05
-9.5e-06
4.96941e-05
-1.01055e-05
4.51064e-05
-9.77313e-06
3.46926e-05
-5.82818e-06
1.69281e-05
5.29119e-06
-5.28943e-06
8.91398e-06
-3.62293e-06
1.16229e-05
-2.70758e-06
1.29612e-05
-1.33763e-06
1.27146e-05
2.48202e-07
1.00865e-05
2.63227e-06
4.89663e-06
5.19128e-06
-4.14654e-06
9.04666e-06
-1.86778e-05
1.45314e-05
-3.18818e-05
1.32047e-05
-4.18175e-05
9.93541e-06
7.62177e-06
-4.94394e-05
1.63743e-06
-6.92532e-06
3.72034e-06
-5.70532e-06
3.47185e-06
-2.45792e-06
1.0511e-06
1.08435e-06
-4.30749e-06
5.60787e-06
-1.37668e-05
1.20927e-05
-2.58982e-05
1.73232e-05
-3.56683e-05
1.88173e-05
-3.96956e-05
1.85589e-05
-4.21344e-05
1.56436e-05
-4.46353e-05
1.24363e-05
9.73377e-06
-4.67475e-05
8.21697e-07
-7.7464e-06
-7.23955e-08
-4.8109e-06
-3.17581e-06
6.45894e-07
-9.63905e-06
7.54795e-06
-1.89606e-05
1.49297e-05
-2.68876e-05
2.00202e-05
-3.13529e-05
2.17887e-05
-3.37275e-05
2.11922e-05
-3.45602e-05
1.93916e-05
-3.52318e-05
1.63153e-05
-3.60958e-05
1.33002e-05
1.04354e-05
-3.67976e-05
-2.33987e-06
-5.40606e-06
-6.10631e-06
-1.0443e-06
-1.15258e-05
6.06565e-06
-1.78417e-05
1.38642e-05
-2.28853e-05
1.99736e-05
-2.56634e-05
2.27987e-05
-2.6799e-05
2.29246e-05
-2.71759e-05
2.15694e-05
-2.71448e-05
1.93604e-05
-2.72389e-05
1.64096e-05
-2.74041e-05
1.34653e-05
1.05621e-05
-2.75309e-05
-4.06781e-06
-1.33757e-06
-9.17788e-06
4.06624e-06
-1.40446e-05
1.09328e-05
-1.78149e-05
1.76351e-05
-1.97907e-05
2.19499e-05
-2.02415e-05
2.32502e-05
-1.99584e-05
2.26418e-05
-1.93353e-05
2.09468e-05
-1.86206e-05
1.86459e-05
-1.81536e-05
1.59428e-05
-1.78579e-05
1.31695e-05
1.03729e-05
-1.76687e-05
-4.96533e-06
3.62902e-06
-9.51765e-06
8.61957e-06
-1.28745e-05
1.42906e-05
-1.45318e-05
1.92934e-05
-1.45597e-05
2.19789e-05
-1.36667e-05
2.23579e-05
-1.24173e-05
2.13933e-05
-1.11473e-05
1.96772e-05
-1.00309e-05
1.75299e-05
-9.19029e-06
1.51024e-05
-8.58596e-06
1.25655e-05
9.95659e-06
-8.16966e-06
-4.84324e-06
8.47458e-06
-8.55327e-06
1.23309e-05
-1.04438e-05
1.61823e-05
-1.03704e-05
1.92213e-05
-8.95135e-06
2.05608e-05
-7.0075e-06
2.04151e-05
-5.00777e-06
1.93942e-05
-3.18855e-06
1.78588e-05
-1.65749e-06
1.59993e-05
-4.61881e-07
1.39073e-05
4.33647e-07
1.16702e-05
9.31459e-06
1.07591e-06
-4.65284e-06
1.31285e-05
-7.2852e-06
1.49645e-05
-7.63539e-06
1.65334e-05
-6.05503e-06
1.76418e-05
-3.4438e-06
1.79503e-05
-5.80145e-07
1.75522e-05
2.13585e-06
1.66788e-05
4.51974e-06
1.54755e-05
6.5038e-06
1.40157e-05
8.07809e-06
1.23334e-05
9.28516e-06
1.04634e-05
8.42288e-06
1.01771e-05
-4.06486e-06
1.71945e-05
-5.54352e-06
1.64438e-05
-4.22463e-06
1.5215e-05
-1.25018e-06
1.46678e-05
2.42951e-06
1.42711e-05
6.13066e-06
1.38515e-05
9.51014e-06
1.32998e-05
1.2425e-05
1.2561e-05
1.48382e-05
1.16029e-05
1.67662e-05
1.04058e-05
1.82646e-05
8.96525e-06
7.29258e-06
1.93951e-05
-3.7589e-06
2.09538e-05
-2.61316e-06
1.52983e-05
1.19556e-06
1.14066e-05
5.67139e-06
1.01922e-05
1.02719e-05
9.67082e-06
1.45675e-05
9.55605e-06
1.8347e-05
9.52051e-06
2.15437e-05
9.36458e-06
2.41654e-05
8.98155e-06
2.62573e-05
8.31417e-06
2.78934e-05
7.3294e-06
6.04249e-06
2.91436e-05
5.18882e-07
2.04355e-05
6.19704e-06
9.62032e-06
1.22361e-05
5.36764e-06
1.77273e-05
4.70105e-06
2.25576e-05
4.84066e-06
2.6701e-05
5.41274e-06
3.01924e-05
6.02928e-06
3.30786e-05
6.47862e-06
3.54175e-05
6.64282e-06
3.72728e-05
6.45908e-06
3.87276e-05
5.8748e-06
4.92162e-06
3.98487e-05
2.03009e-05
1.34405e-07
2.86543e-05
1.26692e-06
3.38616e-05
1.60206e-07
3.79074e-05
6.55186e-07
4.10566e-05
1.69132e-06
4.36409e-05
2.82834e-06
4.58025e-05
3.8676e-06
4.75859e-05
4.69528e-06
4.90237e-05
5.20513e-06
5.01491e-05
5.33376e-06
5.10296e-05
4.9944e-06
5.17113e-05
4.24006e-06
-5.48338e-05
5.39416e-06
-5.81744e-05
3.34044e-06
-5.96489e-05
1.47433e-06
-5.93243e-05
-3.24853e-07
-5.73243e-05
-2.00016e-06
-5.35863e-05
-3.73829e-06
-4.79668e-05
-5.61965e-06
-4.0398e-05
-7.56882e-06
-3.07265e-05
-9.67164e-06
-1.91483e-05
-1.15783e-05
-7.53634e-06
-1.16123e-05
-7.53643e-06
-4.81631e-05
6.80961e-06
-4.89793e-05
4.15647e-06
-4.91359e-05
1.6309e-06
-4.86657e-05
-7.95259e-07
-4.74356e-05
-3.23034e-06
-4.53093e-05
-5.8648e-06
-4.21513e-05
-8.77764e-06
-3.76741e-05
-1.2046e-05
-3.16632e-05
-1.56825e-05
-2.38677e-05
-1.93738e-05
-1.33137e-05
-2.21665e-05
-2.08501e-05
-3.74811e-05
7.49299e-06
-3.79689e-05
4.64409e-06
-3.81702e-05
1.83207e-06
-3.79419e-05
-1.0237e-06
-3.71322e-05
-4.04007e-06
-3.56739e-05
-7.32321e-06
-3.34536e-05
-1.0998e-05
-3.03489e-05
-1.51506e-05
-2.62708e-05
-1.97605e-05
-2.07126e-05
-2.4932e-05
-1.27206e-05
-3.01584e-05
-3.35706e-05
-2.76565e-05
7.61853e-06
-2.77078e-05
4.69525e-06
-2.76136e-05
1.73774e-06
-2.72934e-05
-1.34398e-06
-2.66771e-05
-4.65643e-06
-2.56993e-05
-8.30113e-06
-2.42744e-05
-1.24228e-05
-2.2281e-05
-1.7144e-05
-1.95164e-05
-2.2525e-05
-1.5505e-05
-2.89433e-05
-9.46702e-06
-3.61963e-05
-4.30376e-05
-1.75747e-05
7.52445e-06
-1.75108e-05
4.63128e-06
-1.74158e-05
1.64266e-06
-1.72391e-05
-1.52069e-06
-1.69399e-05
-4.95578e-06
-1.64705e-05
-8.77048e-06
-1.57738e-05
-1.31196e-05
-1.47851e-05
-1.81326e-05
-1.33024e-05
-2.40077e-05
-1.11221e-05
-3.11237e-05
-7.38551e-06
-3.99329e-05
-5.04231e-05
-7.90971e-06
7.26459e-06
-7.75775e-06
4.47927e-06
-7.67194e-06
1.55685e-06
-7.62262e-06
-1.57008e-06
-7.58929e-06
-4.98914e-06
-7.55161e-06
-8.80818e-06
-7.50467e-06
-1.31665e-05
-7.4083e-06
-1.82289e-05
-7.15516e-06
-2.4261e-05
-6.56788e-06
-3.1711e-05
-4.85396e-06
-4.1647e-05
-5.52773e-05
1.50404e-06
6.83653e-06
1.75665e-06
4.22676e-06
1.86094e-06
1.45257e-06
1.82892e-06
-1.53802e-06
1.65826e-06
-4.8185e-06
1.33576e-06
-8.48566e-06
8.35429e-07
-1.26661e-05
1.42674e-07
-1.75363e-05
-7.1916e-07
-2.33991e-05
-1.63675e-06
-3.07938e-05
-2.16945e-06
-4.11147e-05
-5.74468e-05
1.08008e-05
6.21299e-06
1.11911e-05
3.83655e-06
1.13669e-05
1.27682e-06
1.13267e-05
-1.49782e-06
1.1049e-05
-4.54073e-06
1.04912e-05
-7.92787e-06
9.58251e-06
-1.17574e-05
8.23485e-06
-1.61885e-05
6.35542e-06
-2.15201e-05
3.91891e-06
-2.83573e-05
1.28576e-06
-3.84816e-05
-5.61613e-05
2.02162e-05
5.39204e-06
2.0764e-05
3.28883e-06
2.10553e-05
9.85632e-07
2.108e-05
-1.5225e-06
2.0802e-05
-4.2626e-06
2.01545e-05
-7.28037e-06
1.90186e-05
-1.06214e-05
1.72235e-05
-1.43935e-05
1.45297e-05
-1.88261e-05
1.06793e-05
-2.45069e-05
5.74909e-06
-3.35517e-05
-5.04122e-05
3.00806e-05
4.45512e-06
3.07418e-05
2.62773e-06
3.11464e-05
5.81127e-07
3.12809e-05
-1.65695e-06
3.10984e-05
-4.08001e-06
3.05143e-05
-6.69617e-06
2.93669e-05
-9.47397e-06
2.74099e-05
-1.24362e-05
2.42395e-05
-1.56557e-05
1.9353e-05
-1.96204e-05
1.19299e-05
-2.61283e-05
-3.84821e-05
4.07222e-05
3.58174e-06
4.13775e-05
1.97252e-06
4.1837e-05
1.21757e-07
4.20861e-05
-1.90594e-06
4.20712e-05
-4.06505e-06
4.16976e-05
-6.32238e-06
4.07764e-05
-8.55258e-06
3.90181e-05
-1.06778e-05
3.58746e-05
-1.25119e-05
3.06118e-05
-1.43572e-05
2.0721e-05
-1.62373e-05
-1.77606e-05
5.2299e-05
2.99408e-06
5.28e-05
1.47165e-06
5.32377e-05
-3.15811e-07
5.35918e-05
-2.25997e-06
5.38001e-05
-4.27323e-06
5.37605e-05
-6.28265e-06
5.32828e-05
-8.07473e-06
5.21021e-05
-9.49685e-06
4.96924e-05
-1.01019e-05
4.51048e-05
-9.76952e-06
3.46919e-05
-5.82399e-06
1.69315e-05
5.29322e-06
-5.2926e-06
8.91849e-06
-3.6262e-06
1.16292e-05
-2.71055e-06
1.2969e-05
-1.33996e-06
1.27243e-05
2.44605e-07
1.01012e-05
2.62586e-06
4.91141e-06
5.18951e-06
-4.12161e-06
9.03562e-06
-1.86568e-05
1.45349e-05
-3.18721e-05
1.32159e-05
-4.18134e-05
9.94121e-06
7.6278e-06
-4.94411e-05
1.64061e-06
-6.93256e-06
3.72947e-06
-5.71489e-06
3.48594e-06
-2.46675e-06
1.06975e-06
1.07648e-06
-4.28237e-06
5.59672e-06
-1.3736e-05
1.20801e-05
-2.58734e-05
1.7327e-05
-3.56622e-05
1.88248e-05
-3.96977e-05
1.85704e-05
-4.21381e-05
1.56564e-05
-4.46418e-05
1.24449e-05
9.74097e-06
-4.6755e-05
8.26907e-07
-7.75843e-06
-6.03718e-08
-4.82732e-06
-3.15543e-06
6.28553e-07
-9.60904e-06
7.53015e-06
-1.89323e-05
1.492e-05
-2.68785e-05
2.00265e-05
-3.13537e-05
2.18022e-05
-3.37344e-05
2.12057e-05
-3.45689e-05
1.94048e-05
-3.524e-05
1.63274e-05
-3.61046e-05
1.33093e-05
1.04425e-05
-3.68062e-05
-2.33374e-06
-5.42379e-06
-6.09186e-06
-1.06879e-06
-1.15065e-05
6.04357e-06
-1.78281e-05
1.38519e-05
-2.28844e-05
1.99764e-05
-2.56701e-05
2.28125e-05
-2.68081e-05
2.29401e-05
-2.71862e-05
2.15839e-05
-2.71553e-05
1.93737e-05
-2.72488e-05
1.64209e-05
-2.74138e-05
1.34739e-05
1.05687e-05
-2.75401e-05
-4.06215e-06
-1.36049e-06
-9.1708e-06
4.04089e-06
-1.40417e-05
1.09148e-05
-1.78196e-05
1.76302e-05
-1.98014e-05
2.19586e-05
-2.02535e-05
2.32647e-05
-1.99698e-05
2.26568e-05
-1.93466e-05
2.09605e-05
-1.86307e-05
1.86579e-05
-1.81629e-05
1.59527e-05
-1.78662e-05
1.31773e-05
1.03784e-05
-1.76763e-05
-4.96296e-06
3.60585e-06
-9.51929e-06
8.59794e-06
-1.28815e-05
1.42784e-05
-1.45438e-05
1.92936e-05
-1.45732e-05
2.19886e-05
-1.36788e-05
2.23713e-05
-1.24284e-05
2.14064e-05
-1.11567e-05
1.96894e-05
-1.00392e-05
1.75402e-05
-9.19725e-06
1.51111e-05
-8.59225e-06
1.2572e-05
9.96136e-06
-8.17505e-06
-4.84675e-06
8.45415e-06
-8.56107e-06
1.23142e-05
-1.04559e-05
1.6174e-05
-1.03842e-05
1.9223e-05
-8.96385e-06
2.05695e-05
-7.01805e-06
2.04262e-05
-5.01622e-06
1.94054e-05
-3.19552e-06
1.7869e-05
-1.66303e-06
1.60081e-05
-4.66489e-07
1.39146e-05
4.29899e-07
1.16758e-05
9.31852e-06
1.07269e-06
-4.65812e-06
1.31144e-05
-7.296e-06
1.49528e-05
-7.64887e-06
1.65282e-05
-6.06819e-06
1.76432e-05
-3.45463e-06
1.79567e-05
-5.88455e-07
1.75607e-05
2.12965e-06
1.66878e-05
4.51517e-06
1.54839e-05
6.5005e-06
1.40231e-05
8.07573e-06
1.23396e-05
9.28347e-06
1.04681e-05
8.42617e-06
1.01759e-05
-4.07208e-06
1.71872e-05
-5.55485e-06
1.64368e-05
-4.23745e-06
1.5211e-05
-1.26195e-06
1.46683e-05
2.42006e-06
1.42752e-05
6.1237e-06
1.38576e-05
9.50528e-06
1.33067e-05
1.24218e-05
1.25677e-05
1.48363e-05
1.16089e-05
1.67652e-05
1.04108e-05
1.82643e-05
8.9691e-06
7.2952e-06
1.93953e-05
-3.76478e-06
2.09535e-05
-2.62179e-06
1.5294e-05
1.1856e-06
1.14046e-05
5.6617e-06
1.01925e-05
1.02638e-05
9.67355e-06
1.45614e-05
9.56039e-06
1.83427e-05
9.52561e-06
2.1541e-05
9.36974e-06
2.41639e-05
8.9862e-06
2.62568e-05
8.31801e-06
2.78937e-05
7.3323e-06
6.04436e-06
2.91446e-05
5.16983e-07
2.04373e-05
6.19191e-06
9.62e-06
1.2229e-05
5.36729e-06
1.77199e-05
4.70197e-06
2.25508e-05
4.84299e-06
2.66954e-05
5.41614e-06
3.01881e-05
6.03319e-06
3.30756e-05
6.48253e-06
3.54158e-05
6.64626e-06
3.72721e-05
6.46176e-06
3.87279e-05
5.87663e-06
4.92259e-06
3.98498e-05
2.02995e-05
1.38371e-07
2.86503e-05
1.26906e-06
3.38561e-05
1.62227e-07
3.79009e-05
6.57299e-07
4.105e-05
1.69395e-06
4.36349e-05
2.83137e-06
4.57974e-05
3.87074e-06
4.75819e-05
4.69816e-06
4.90209e-05
5.20742e-06
5.01475e-05
5.33522e-06
5.10292e-05
4.99506e-06
5.17119e-05
4.23994e-06
-5.48385e-05
5.39738e-06
-5.81818e-05
3.34333e-06
-5.96574e-05
1.47578e-06
-5.93337e-05
-3.23858e-07
-5.73336e-05
-1.99998e-06
-5.35955e-05
-3.73843e-06
-4.7975e-05
-5.62037e-06
-4.04051e-05
-7.56984e-06
-3.0732e-05
-9.67314e-06
-1.9152e-05
-1.158e-05
-7.53798e-06
-1.16142e-05
-7.538e-06
-4.81719e-05
6.81429e-06
-4.89885e-05
4.15983e-06
-4.91454e-05
1.63278e-06
-4.8675e-05
-7.94395e-07
-4.74446e-05
-3.23037e-06
-4.53175e-05
-5.86561e-06
-4.21587e-05
-8.77918e-06
-3.76803e-05
-1.20482e-05
-3.16681e-05
-1.56853e-05
-2.38711e-05
-1.93771e-05
-1.33154e-05
-2.21699e-05
-2.08534e-05
-3.749e-05
7.49791e-06
-3.79777e-05
4.64741e-06
-3.81788e-05
1.83386e-06
-3.79502e-05
-1.02323e-06
-3.71398e-05
-4.04077e-06
-3.56806e-05
-7.32491e-06
-3.34593e-05
-1.10005e-05
-3.03536e-05
-1.51538e-05
-2.62745e-05
-1.97644e-05
-2.07152e-05
-2.49363e-05
-1.27221e-05
-3.0163e-05
-3.35754e-05
-2.76654e-05
7.62296e-06
-2.7716e-05
4.69789e-06
-2.76211e-05
1.73876e-06
-2.73002e-05
-1.3443e-06
-2.66832e-05
-4.65794e-06
-2.57045e-05
-8.30365e-06
-2.42788e-05
-1.24263e-05
-2.22845e-05
-1.7148e-05
-1.95192e-05
-2.25297e-05
-1.5507e-05
-2.89485e-05
-9.46807e-06
-3.62019e-05
-4.30436e-05
-1.75816e-05
7.52815e-06
-1.75171e-05
4.63314e-06
-1.74215e-05
1.64305e-06
-1.72443e-05
-1.52168e-06
-1.69444e-05
-4.9579e-06
-1.64745e-05
-8.77365e-06
-1.57771e-05
-1.31237e-05
-1.47877e-05
-1.81375e-05
-1.33042e-05
-2.40131e-05
-1.11232e-05
-3.11296e-05
-7.38607e-06
-3.99392e-05
-5.04296e-05
-7.91465e-06
7.26747e-06
-7.76206e-06
4.48059e-06
-7.67589e-06
1.55668e-06
-7.6261e-06
-1.57149e-06
-7.59244e-06
-4.99171e-06
-7.55431e-06
-8.81174e-06
-7.50706e-06
-1.3171e-05
-7.41013e-06
-1.82342e-05
-7.15644e-06
-2.4267e-05
-6.56871e-06
-3.17175e-05
-4.85426e-06
-4.16536e-05
-5.52842e-05
1.50134e-06
6.83888e-06
1.75427e-06
4.2276e-06
1.85887e-06
1.45209e-06
1.82705e-06
-1.53971e-06
1.65661e-06
-4.82127e-06
1.33428e-06
-8.48943e-06
8.3418e-07
-1.26708e-05
1.41718e-07
-1.75418e-05
-7.19852e-07
-2.34054e-05
-1.63687e-06
-3.08003e-05
-2.16962e-06
-4.11215e-05
-5.74537e-05
1.07999e-05
6.21486e-06
1.11905e-05
3.83708e-06
1.13664e-05
1.27613e-06
1.13264e-05
-1.49963e-06
1.10487e-05
-4.54355e-06
1.04909e-05
-7.93164e-06
9.58229e-06
-1.17621e-05
8.23468e-06
-1.61941e-05
6.35556e-06
-2.15262e-05
3.91899e-06
-2.83641e-05
1.28608e-06
-3.84883e-05
-5.61678e-05
2.02168e-05
5.39345e-06
2.07648e-05
3.28905e-06
2.10562e-05
9.84774e-07
2.1081e-05
-1.52438e-06
2.08029e-05
-4.26538e-06
2.01554e-05
-7.28403e-06
1.90194e-05
-1.06259e-05
1.72242e-05
-1.43988e-05
1.45303e-05
-1.88323e-05
1.06799e-05
-2.45134e-05
5.74956e-06
-3.3558e-05
-5.0418e-05
3.00821e-05
4.45596e-06
3.07436e-05
2.62759e-06
3.11483e-05
5.80043e-07
3.12829e-05
-1.65891e-06
3.11004e-05
-4.08276e-06
3.05162e-05
-6.69967e-06
2.93686e-05
-9.47825e-06
2.74113e-05
-1.24413e-05
2.42408e-05
-1.56614e-05
1.9354e-05
-1.96264e-05
1.19307e-05
-2.61343e-05
-3.84866e-05
4.07239e-05
3.58188e-06
4.13797e-05
1.9719e-06
4.18395e-05
1.20352e-07
4.20888e-05
-1.90806e-06
4.2074e-05
-4.06782e-06
4.17002e-05
-6.32576e-06
4.07788e-05
-8.55661e-06
3.90202e-05
-1.06825e-05
3.58764e-05
-1.25172e-05
3.0613e-05
-1.43628e-05
2.07222e-05
-1.62425e-05
-1.77642e-05
5.23005e-05
2.99336e-06
5.28021e-05
1.47036e-06
5.32402e-05
-3.17658e-07
5.35946e-05
-2.26237e-06
5.38031e-05
-4.27612e-06
5.37635e-05
-6.28601e-06
5.32857e-05
-8.07859e-06
5.21048e-05
-9.50131e-06
4.96947e-05
-1.01068e-05
4.51066e-05
-9.77421e-06
3.46929e-05
-5.82874e-06
1.69295e-05
6.61207e-05
3.88648e-06
-6.98716e-05
6.55406e-05
1.84963e-06
6.42663e-05
1.43819e-06
6.35999e-05
1.32656e-06
6.3448e-05
1.8491e-06
6.35931e-05
2.68929e-06
6.38573e-05
3.60899e-06
6.41158e-05
4.44158e-06
6.43014e-05
5.02325e-06
6.43923e-05
5.24549e-06
6.44357e-05
4.95242e-06
4.21376e-06
6.44625e-05
8.5071e-05
2.94178e-06
-8.41268e-05
8.48126e-05
2.10779e-06
8.42121e-05
2.0385e-06
8.34173e-05
2.12116e-06
8.26389e-05
2.62727e-06
8.18934e-05
3.43473e-06
8.11473e-05
4.355e-06
8.03676e-05
5.22135e-06
7.9548e-05
5.8429e-06
7.87169e-05
6.0766e-06
7.79681e-05
5.70128e-06
4.80215e-06
7.73798e-05
9.83391e-05
1.93124e-06
-9.73286e-05
9.86846e-05
1.76211e-06
9.86773e-05
2.04558e-06
9.83158e-05
2.4824e-06
9.76812e-05
3.2617e-06
9.68096e-05
4.30625e-06
9.57239e-05
5.44064e-06
9.44612e-05
6.48405e-06
9.30889e-05
7.21521e-06
9.17244e-05
7.44111e-06
9.0539e-05
6.88678e-06
5.60014e-06
8.9741e-05
0.000110321
-0.000109743
1.353e-06
0.000110582
1.50093e-06
0.000110539
2.08806e-06
0.000110149
2.87191e-06
0.000109416
3.99503e-06
0.000108366
5.3554e-06
0.000107051
6.75592e-06
0.000105559
7.97591e-06
0.000104028
8.74624e-06
0.000102671
8.79779e-06
0.000101737
7.82128e-06
0.000101679
5.65842e-06
6.46283e-05
2.82797e-06
6.4904e-05
1.19487e-06
6.53125e-05
-7.2608e-07
6.58123e-05
-2.76204e-06
6.63168e-05
-4.7808e-06
6.67004e-05
-6.66973e-06
6.67868e-05
-8.16529e-06
6.63743e-05
-9.08908e-06
6.52376e-05
-8.97051e-06
6.31067e-05
-7.64351e-06
6.1453e-05
-4.17522e-06
8.50891e-06
6.98725e-05
7.72315e-05
2.97637e-06
7.74239e-05
1.00254e-06
7.79655e-05
-1.26763e-06
7.87573e-05
-3.5538e-06
7.96677e-05
-5.6911e-06
8.05224e-05
-7.5244e-06
8.1135e-05
-8.77773e-06
8.12978e-05
-9.25187e-06
8.09405e-05
-8.61293e-06
7.99154e-05
-6.61858e-06
7.96441e-05
-3.90384e-06
4.02472e-06
8.41283e-05
8.97717e-05
2.94596e-06
9.03183e-05
4.5623e-07
9.13353e-05
-2.28444e-06
9.26225e-05
-4.84079e-06
9.39965e-05
-7.06502e-06
9.52368e-05
-8.76456e-06
9.61555e-05
-9.69639e-06
9.65447e-05
-9.6409e-06
9.64012e-05
-8.46951e-06
9.57022e-05
-5.91935e-06
9.51944e-05
-3.39617e-06
1.88855e-06
9.73305e-05
0.000102861
1.76411e-06
0.000104329
-1.01166e-06
0.000106063
-4.01895e-06
0.0001078
-6.57796e-06
0.000109364
-8.62865e-06
0.00011056
-9.96071e-06
0.000111263
-1.03995e-05
0.000111351
-9.72882e-06
0.000110887
-8.00529e-06
0.000110052
-5.08448e-06
0.000109093
-2.43769e-06
0.000109746
1.23621e-06
6.61237e-05
3.88547e-06
6.55437e-05
1.84698e-06
6.42688e-05
1.43365e-06
6.36017e-05
1.32132e-06
6.34491e-05
1.8438e-06
6.35935e-05
2.68451e-06
6.38574e-05
3.60516e-06
6.41156e-05
4.43887e-06
6.4301e-05
5.02167e-06
6.43916e-05
5.24487e-06
6.44348e-05
4.95261e-06
4.21449e-06
6.44615e-05
8.5073e-05
2.94071e-06
8.48145e-05
2.10525e-06
8.42138e-05
2.0345e-06
8.34187e-05
2.11625e-06
8.26401e-05
2.62231e-06
8.18942e-05
3.43026e-06
8.11478e-05
4.35151e-06
8.03676e-05
5.21904e-06
7.95475e-05
5.84175e-06
7.8716e-05
6.07647e-06
7.79668e-05
5.70193e-06
4.8033e-06
7.73781e-05
9.83408e-05
1.93027e-06
9.86861e-05
1.75984e-06
9.86788e-05
2.04142e-06
9.83173e-05
2.4776e-06
9.76825e-05
3.25691e-06
9.68106e-05
4.30205e-06
9.57244e-05
5.43754e-06
9.44611e-05
6.48231e-06
9.30881e-05
7.21478e-06
9.17229e-05
7.44176e-06
9.05368e-05
6.88812e-06
5.6018e-06
8.97384e-05
0.000110323
1.35255e-06
0.000110584
1.49872e-06
0.000110541
2.08412e-06
0.000110151
2.86736e-06
0.000109417
3.99062e-06
0.000108367
5.35177e-06
0.000107051
6.7536e-06
0.000105558
7.9751e-06
0.000104026
8.74683e-06
0.000102668
8.79937e-06
0.000101733
7.8233e-06
0.000101675
5.66032e-06
6.46272e-05
2.82907e-06
6.49028e-05
1.19619e-06
6.53113e-05
-7.24592e-07
6.58109e-05
-2.7605e-06
6.63155e-05
-4.77918e-06
6.66991e-05
-6.66809e-06
6.67857e-05
-8.16364e-06
6.63733e-05
-9.08746e-06
6.5237e-05
-8.96884e-06
6.31061e-05
-7.64229e-06
6.14529e-05
-4.17416e-06
8.50835e-06
6.98722e-05
7.72296e-05
2.97774e-06
7.74219e-05
1.00408e-06
7.79634e-05
-1.26606e-06
7.87553e-05
-3.55225e-06
7.96658e-05
-5.68955e-06
8.05206e-05
-7.52286e-06
8.11334e-05
-8.77625e-06
8.12965e-05
-9.25045e-06
8.09394e-05
-8.61167e-06
7.99149e-05
-6.61741e-06
7.96437e-05
-3.90347e-06
4.02443e-06
8.41279e-05
8.9769e-05
2.94759e-06
9.03155e-05
4.5789e-07
9.13326e-05
-2.28292e-06
9.26199e-05
-4.83934e-06
9.39941e-05
-7.06365e-06
9.52346e-05
-8.76321e-06
9.61536e-05
-9.69511e-06
9.6543e-05
-9.63974e-06
9.63999e-05
-8.46849e-06
9.57012e-05
-5.91889e-06
9.5194e-05
-3.39596e-06
1.88779e-06
9.73302e-05
0.000102857
1.76574e-06
0.000104325
-1.01015e-06
0.00010606
-4.01762e-06
0.000107798
-6.57677e-06
0.000109361
-8.62752e-06
0.000110558
-9.95963e-06
0.000111261
-1.03984e-05
0.000111349
-9.72795e-06
0.000110886
-8.0047e-06
0.000110051
-5.08431e-06
0.000109093
-2.4383e-06
0.000109746
1.2352e-06
6.61226e-05
3.88405e-06
6.55429e-05
1.84649e-06
6.42692e-05
1.43382e-06
6.3603e-05
1.32121e-06
6.34509e-05
1.84326e-06
6.35956e-05
2.6835e-06
6.38594e-05
3.60377e-06
6.41173e-05
4.43734e-06
6.43022e-05
5.02024e-06
6.43923e-05
5.24376e-06
6.44349e-05
4.95186e-06
4.21418e-06
6.4461e-05
8.50721e-05
2.93956e-06
8.48138e-05
2.10452e-06
8.42136e-05
2.03378e-06
8.34191e-05
2.11547e-06
8.26409e-05
2.62119e-06
8.18953e-05
3.42882e-06
8.1149e-05
4.3499e-06
8.03687e-05
5.2175e-06
7.95483e-05
5.84055e-06
7.87163e-05
6.07575e-06
7.79666e-05
5.70171e-06
4.80349e-06
7.73774e-05
9.83404e-05
1.92917e-06
9.86857e-05
1.75888e-06
9.86787e-05
2.04061e-06
9.83174e-05
2.4765e-06
9.76829e-05
3.25548e-06
9.68111e-05
4.30035e-06
9.57251e-05
5.43577e-06
9.44617e-05
6.48076e-06
9.30884e-05
7.21375e-06
9.17227e-05
7.44141e-06
9.0536e-05
6.88841e-06
5.60249e-06
8.97372e-05
0.000110323
1.35129e-06
0.000110584
1.49768e-06
0.000110541
2.083e-06
0.000110151
2.86607e-06
0.000109417
3.989e-06
0.000108368
5.3499e-06
0.000107051
6.75173e-06
0.000105558
7.97364e-06
0.000104026
8.74612e-06
0.000102667
8.79958e-06
0.000101732
7.82424e-06
0.000101673
5.66149e-06
6.46262e-05
2.82901e-06
6.49015e-05
1.19652e-06
6.53098e-05
-7.23875e-07
6.58093e-05
-2.7593e-06
6.63137e-05
-4.77751e-06
6.66971e-05
-6.66589e-06
6.67834e-05
-8.1609e-06
6.63709e-05
-9.08409e-06
6.52342e-05
-8.96509e-06
6.31033e-05
-7.63822e-06
6.14497e-05
-4.17031e-06
8.51268e-06
6.98686e-05
7.72284e-05
2.97805e-06
7.74204e-05
1.00464e-06
7.79618e-05
-1.26514e-06
7.87534e-05
-3.55086e-06
7.96636e-05
-5.68762e-06
8.05182e-05
-7.52034e-06
8.11305e-05
-8.7731e-06
8.12931e-05
-9.24666e-06
8.09356e-05
-8.60733e-06
7.99105e-05
-6.61325e-06
7.96392e-05
-3.8989e-06
4.02875e-06
8.41231e-05
8.97674e-05
2.9481e-06
9.03137e-05
4.58594e-07
9.13305e-05
-2.2818e-06
9.26175e-05
-4.83767e-06
9.39913e-05
-7.0613e-06
9.52313e-05
-8.76018e-06
9.61497e-05
-9.69136e-06
9.65385e-05
-9.63534e-06
9.63947e-05
-8.46364e-06
9.56957e-05
-5.91399e-06
9.51881e-05
-3.39136e-06
1.89254e-06
9.73242e-05
0.000102855
1.76626e-06
0.000104323
-1.00922e-06
0.000106057
-4.01616e-06
0.000107794
-6.57458e-06
0.000109357
-8.62458e-06
0.000110553
-9.95593e-06
0.000111256
-1.0394e-05
0.000111343
-9.72298e-06
0.000110879
-7.99938e-06
0.000110044
-5.07924e-06
0.000109086
-2.43328e-06
0.000109739
1.23986e-06
6.61184e-05
3.88847e-06
6.55376e-05
1.85016e-06
6.42625e-05
1.43675e-06
6.35957e-05
1.3242e-06
6.34434e-05
1.84625e-06
6.35884e-05
2.68641e-06
6.38528e-05
3.60638e-06
6.41117e-05
4.43934e-06
6.42979e-05
5.02139e-06
6.43893e-05
5.2439e-06
6.44333e-05
4.95114e-06
4.21273e-06
6.44607e-05
8.50671e-05
2.9444e-06
8.48081e-05
2.10888e-06
8.42072e-05
2.03788e-06
8.3412e-05
2.11924e-06
8.26333e-05
2.62475e-06
8.18876e-05
3.43198e-06
8.11416e-05
4.35236e-06
8.0362e-05
5.2189e-06
7.95427e-05
5.84066e-06
7.87122e-05
6.0745e-06
7.79641e-05
5.69939e-06
4.80047e-06
7.73765e-05
9.83344e-05
1.93408e-06
9.86796e-05
1.7636e-06
9.86721e-05
2.04496e-06
9.83104e-05
2.48077e-06
9.76755e-05
3.25948e-06
9.68036e-05
4.30378e-06
9.57177e-05
5.43817e-06
9.44549e-05
6.48162e-06
9.30828e-05
7.21278e-06
9.17188e-05
7.43857e-06
9.0534e-05
6.88422e-06
5.59771e-06
8.9737e-05
0.000110316
1.35623e-06
0.000110577
1.5024e-06
0.000110535
2.08761e-06
0.000110145
2.87049e-06
0.000109411
3.99311e-06
0.000108361
5.35325e-06
0.000107045
6.75368e-06
0.000105553
7.9735e-06
0.000104022
8.74355e-06
0.000102666
8.79469e-06
0.000101733
7.81799e-06
0.000101675
5.65534e-06
6.46271e-05
2.82723e-06
6.49032e-05
1.1944e-06
6.53121e-05
-7.26294e-07
6.58119e-05
-2.76207e-06
6.63166e-05
-4.7806e-06
6.67001e-05
-6.66932e-06
6.67864e-05
-8.16471e-06
6.63738e-05
-9.08844e-06
6.5237e-05
-8.96973e-06
6.31058e-05
-7.64296e-06
6.14523e-05
-4.17452e-06
8.50996e-06
7.72289e-05
2.97499e-06
7.74218e-05
1.00162e-06
7.79638e-05
-1.26818e-06
7.87558e-05
-3.55398e-06
7.96663e-05
-5.69093e-06
8.0521e-05
-7.52391e-06
8.11335e-05
-8.77706e-06
8.12963e-05
-9.25113e-06
8.09389e-05
-8.61222e-06
7.9914e-05
-6.61773e-06
7.96426e-05
-3.90349e-06
4.02584e-06
8.97684e-05
2.9439e-06
9.03155e-05
4.54897e-07
9.13328e-05
-2.28522e-06
9.262e-05
-4.84099e-06
9.3994e-05
-7.06481e-06
9.52342e-05
-8.76399e-06
9.61529e-05
-9.69567e-06
9.65421e-05
-9.64018e-06
9.63988e-05
-8.46881e-06
9.56999e-05
-5.91896e-06
9.51924e-05
-3.39573e-06
1.88935e-06
0.000102858
1.7618e-06
0.000104326
-1.01306e-06
0.00010606
-4.01958e-06
0.000107797
-6.57803e-06
0.000109361
-8.6283e-06
0.000110557
-9.9601e-06
0.00011126
-1.03987e-05
0.000111348
-9.7282e-06
0.000110884
-8.00484e-06
0.000110049
-5.08424e-06
0.000109091
-2.43769e-06
1.23667e-06
-3.866e-05
1.27802e-06
3.87346e-05
-3.90374e-05
1.87788e-06
-3.97682e-05
2.81836e-06
-4.08618e-05
3.96504e-06
-4.2252e-05
5.38487e-06
-4.38124e-05
6.91547e-06
-4.53716e-05
8.31494e-06
-4.67108e-05
9.31489e-06
-4.75777e-05
9.61306e-06
-4.76974e-05
8.91752e-06
-4.68266e-05
6.95043e-06
3.5633e-06
-4.47318e-05
-3.44196e-05
1.70055e-06
3.39964e-05
-3.525e-05
2.7078e-06
-3.64077e-05
3.97562e-06
-3.78608e-05
5.41763e-06
-3.94836e-05
7.00723e-06
-4.10927e-05
8.52433e-06
-4.24611e-05
9.68313e-06
-4.33306e-05
1.01842e-05
-4.34591e-05
9.74141e-06
-4.26856e-05
8.14394e-06
-4.09321e-05
5.19675e-06
7.48271e-07
-3.81167e-05
-3.04392e-05
2.42016e-06
2.97192e-05
-3.14987e-05
3.76687e-06
-3.28257e-05
5.30218e-06
-3.4352e-05
6.94343e-06
-3.59229e-05
8.57774e-06
-3.73311e-05
9.9322e-06
-3.83363e-05
1.06881e-05
-3.86983e-05
1.0546e-05
-3.82395e-05
9.2824e-06
-3.69317e-05
6.83597e-06
-3.49157e-05
3.18078e-06
-1.94685e-06
-3.22209e-05
-2.65586e-05
2.5731e-05
3.24723e-06
-2.76478e-05
4.85572e-06
-2.89294e-05
6.58329e-06
-3.03127e-05
8.32641e-06
-3.16351e-05
9.89977e-06
-3.26854e-05
1.09823e-05
-3.32261e-05
1.12286e-05
-3.30269e-05
1.03468e-05
-3.19265e-05
8.18191e-06
-2.99503e-05
4.85976e-06
-2.73923e-05
6.2259e-07
-2.63562e-05
-2.98276e-06
-4.16224e-05
-1.34479e-06
-3.95017e-05
-3.13202e-06
-3.77062e-05
-5.81419e-06
-3.63447e-05
-7.93943e-06
-3.55109e-05
-9.46239e-06
-3.52452e-05
-1.02264e-05
-3.55378e-05
-1.01068e-05
-3.62909e-05
-8.97572e-06
-3.7345e-05
-6.95134e-06
-3.82953e-05
-4.13407e-06
-3.90469e-05
-1.68625e-06
9.21514e-07
-3.87324e-05
-3.41851e-05
-5.27626e-06
-3.20592e-05
-5.25786e-06
-3.06275e-05
-7.2459e-06
-2.97321e-05
-8.83495e-06
-2.94173e-05
-9.77728e-06
-2.96466e-05
-9.99714e-06
-3.03384e-05
-9.4151e-06
-3.13308e-05
-7.98351e-06
-3.242e-05
-5.86214e-06
-3.32905e-05
-3.26391e-06
-3.39097e-05
-1.06712e-06
1.00565e-06
-3.3994e-05
-2.78013e-05
-9.69545e-06
-2.60275e-05
-7.03159e-06
-2.50997e-05
-8.1738e-06
-2.46374e-05
-9.29728e-06
-2.46648e-05
-9.75e-06
-2.51348e-05
-9.52716e-06
-2.59508e-05
-8.59911e-06
-2.69507e-05
-6.98369e-06
-2.79505e-05
-4.86244e-06
-2.87374e-05
-2.47709e-06
-2.93407e-05
-4.6394e-07
1.38161e-06
-2.97168e-05
-2.15182e-05
-1.45331e-05
-2.06838e-05
-7.86596e-06
-2.04376e-05
-8.42025e-06
-2.04076e-05
-9.32756e-06
-2.06787e-05
-9.47912e-06
-2.12581e-05
-8.94785e-06
-2.20736e-05
-7.78378e-06
-2.2994e-05
-6.06351e-06
-2.38768e-05
-3.97979e-06
-2.45901e-05
-1.76394e-06
-2.51942e-05
1.40017e-07
-2.5729e-05
1.91636e-06
-3.86576e-05
1.2775e-06
-3.90348e-05
1.87581e-06
-3.9766e-05
2.81491e-06
-4.08603e-05
3.96132e-06
-4.22516e-05
5.3815e-06
-4.38132e-05
6.91307e-06
-4.53738e-05
8.31388e-06
-4.67142e-05
9.31524e-06
-4.75821e-05
9.61456e-06
-4.77023e-05
8.91957e-06
-4.68313e-05
6.95238e-06
3.56484e-06
-4.47361e-05
-3.44169e-05
1.70037e-06
-3.52476e-05
2.70623e-06
-3.6406e-05
3.97318e-06
-3.78602e-05
5.41514e-06
-3.94844e-05
7.00532e-06
-4.10952e-05
8.52352e-06
-4.24653e-05
9.68359e-06
-4.3336e-05
1.01858e-05
-4.3465e-05
9.74346e-06
-4.26914e-05
8.14591e-06
-4.09374e-05
5.19812e-06
7.49012e-07
-3.81211e-05
-3.04369e-05
2.42029e-06
-3.14968e-05
3.76602e-06
-3.28248e-05
5.30088e-06
-3.43523e-05
6.94237e-06
-3.59249e-05
8.57749e-06
-3.73348e-05
9.93309e-06
-3.83416e-05
1.06901e-05
-3.87047e-05
1.05485e-05
-3.82462e-05
9.28472e-06
-3.69379e-05
6.83748e-06
-3.4921e-05
3.18117e-06
-1.94725e-06
-3.22251e-05
-2.65567e-05
3.2479e-06
-2.76465e-05
4.8557e-06
-2.89291e-05
6.58324e-06
-3.03138e-05
8.32683e-06
-3.16378e-05
9.90118e-06
-3.26898e-05
1.09848e-05
-3.32319e-05
1.12318e-05
-3.30336e-05
1.035e-05
-3.19333e-05
8.18423e-06
-2.99564e-05
4.86044e-06
-2.7397e-05
6.21533e-07
-2.63597e-05
-2.98458e-06
-4.16262e-05
-1.34358e-06
-3.95051e-05
-3.13084e-06
-3.77093e-05
-5.81322e-06
-3.63473e-05
-7.93867e-06
-3.5513e-05
-9.46171e-06
-3.52468e-05
-1.02257e-05
-3.55389e-05
-1.01062e-05
-3.62916e-05
-8.97531e-06
-3.73452e-05
-6.95113e-06
-3.82952e-05
-4.13445e-06
-3.90465e-05
-1.68699e-06
9.20228e-07
-3.87321e-05
-3.41888e-05
-5.27579e-06
-3.20623e-05
-5.25719e-06
-3.06302e-05
-7.24546e-06
-2.97342e-05
-8.83476e-06
-2.94188e-05
-9.77721e-06
-2.96475e-05
-9.99709e-06
-3.03388e-05
-9.41506e-06
-3.13306e-05
-7.98352e-06
-3.24196e-05
-5.86233e-06
-3.32898e-05
-3.26438e-06
-3.3909e-05
-1.06815e-06
1.00442e-06
-3.39934e-05
-2.78046e-05
-9.69592e-06
-2.60303e-05
-7.03149e-06
-2.51019e-05
-8.17391e-06
-2.4639e-05
-9.29768e-06
-2.46657e-05
-9.75057e-06
-2.51351e-05
-9.52769e-06
-2.59506e-05
-8.59957e-06
-2.69501e-05
-6.98409e-06
-2.79497e-05
-4.86286e-06
-2.87365e-05
-2.47779e-06
-2.93399e-05
-4.64867e-07
1.38033e-06
-2.97162e-05
-2.15209e-05
-1.45345e-05
-2.0686e-05
-7.86641e-06
-2.04393e-05
-8.42085e-06
-2.04087e-05
-9.32853e-06
-2.06792e-05
-9.48026e-06
-2.12581e-05
-8.94893e-06
-2.20732e-05
-7.78467e-06
-2.29932e-05
-6.06422e-06
-2.38758e-05
-3.98041e-06
-2.45891e-05
-1.76462e-06
-2.51933e-05
1.39025e-07
-2.57284e-05
1.91518e-06
-3.86575e-05
1.27623e-06
-3.90348e-05
1.87458e-06
-3.97659e-05
2.81366e-06
-4.08601e-05
3.95983e-06
-4.22513e-05
5.37976e-06
-4.38131e-05
6.91123e-06
-4.5374e-05
8.31231e-06
-4.67151e-05
9.31436e-06
-4.75839e-05
9.61473e-06
-4.77053e-05
8.92081e-06
-4.68353e-05
6.95419e-06
3.56639e-06
-4.47404e-05
-3.44167e-05
1.69901e-06
-3.52474e-05
2.70481e-06
-3.64059e-05
3.97165e-06
-3.786e-05
5.41349e-06
-3.94843e-05
7.00359e-06
-4.10954e-05
8.52194e-06
-4.24661e-05
9.68259e-06
-4.33378e-05
1.01858e-05
-4.34681e-05
9.74478e-06
-4.26958e-05
8.14839e-06
-4.09429e-05
5.201e-06
7.50898e-07
-3.8127e-05
-3.04365e-05
2.41892e-06
-3.14966e-05
3.76447e-06
-3.28246e-05
5.29923e-06
-3.43522e-05
6.94067e-06
-3.59249e-05
8.5759e-06
-3.73353e-05
9.93191e-06
-3.83429e-05
1.06898e-05
-3.8707e-05
1.05496e-05
-3.82499e-05
9.28735e-06
-3.69431e-05
6.84142e-06
-3.49275e-05
3.1853e-06
-1.94487e-06
-3.2232e-05
-2.65564e-05
3.24647e-06
-2.76463e-05
4.85402e-06
-2.8929e-05
6.58148e-06
-3.03138e-05
8.32513e-06
-3.1638e-05
9.89978e-06
-3.26905e-05
1.09841e-05
-3.32333e-05
1.12323e-05
-3.30361e-05
1.03521e-05
-3.19371e-05
8.18809e-06
-2.99615e-05
4.86578e-06
-2.74034e-05
6.2701e-07
-2.6367e-05
-2.98121e-06
-4.16304e-05
-1.34333e-06
-3.95097e-05
-3.12954e-06
-3.77145e-05
-5.81119e-06
-3.63531e-05
-7.93586e-06
-3.55194e-05
-9.45821e-06
-3.52537e-05
-1.02216e-05
-3.55461e-05
-1.01015e-05
-3.62988e-05
-8.97021e-06
-3.73524e-05
-6.94589e-06
-3.83023e-05
-4.1293e-06
-3.90535e-05
-1.68226e-06
9.24958e-07
-3.87388e-05
-3.41942e-05
-5.27601e-06
-3.20681e-05
-5.25556e-06
-3.06365e-05
-7.24283e-06
-2.97411e-05
-8.83142e-06
-2.94261e-05
-9.77329e-06
-2.9655e-05
-9.99271e-06
-3.03463e-05
-9.41031e-06
-3.1338e-05
-7.97855e-06
-3.24267e-05
-5.8573e-06
-3.32966e-05
-3.25962e-06
-3.39154e-05
-1.06354e-06
1.00875e-06
-3.39993e-05
-2.78106e-05
-9.69705e-06
-2.60365e-05
-7.02965e-06
-2.51085e-05
-8.17082e-06
-2.46461e-05
-9.29396e-06
-2.4673e-05
-9.7464e-06
-2.51425e-05
-9.52325e-06
-2.59579e-05
-8.59496e-06
-2.69571e-05
-6.97942e-06
-2.79562e-05
-4.85829e-06
-2.87424e-05
-2.47341e-06
-2.93453e-05
-4.60852e-07
1.38422e-06
-2.97209e-05
-2.15266e-05
-1.45371e-05
-2.0692e-05
-7.86424e-06
-2.04457e-05
-8.41731e-06
-2.04154e-05
-9.3245e-06
-2.0686e-05
-9.47596e-06
-2.12649e-05
-8.94453e-06
-2.20797e-05
-7.7803e-06
-2.29993e-05
-6.05996e-06
-2.38813e-05
-3.97634e-06
-2.4594e-05
-1.76088e-06
-2.51975e-05
1.42503e-07
-2.57317e-05
1.91833e-06
-3.86637e-05
1.28095e-06
-3.90406e-05
1.87913e-06
-3.97713e-05
2.81793e-06
-4.0865e-05
3.96385e-06
-4.22554e-05
5.38316e-06
-4.3816e-05
6.91342e-06
-4.53752e-05
8.31263e-06
-4.67141e-05
9.31221e-06
-4.75806e-05
9.60987e-06
-4.76999e-05
8.91396e-06
-4.68288e-05
6.94691e-06
3.56041e-06
-4.4734e-05
-3.44218e-05
1.70334e-06
-3.52518e-05
2.70886e-06
-3.64094e-05
3.97533e-06
-3.78625e-05
5.41658e-06
-3.94853e-05
7.00561e-06
-4.10945e-05
8.52226e-06
-4.24628e-05
9.6806e-06
-4.3332e-05
1.01812e-05
-4.34603e-05
9.73796e-06
-4.26866e-05
8.14025e-06
-4.09332e-05
5.19327e-06
7.45645e-07
-3.8118e-05
-3.04402e-05
2.42258e-06
-3.14992e-05
3.76772e-06
-3.2826e-05
5.30187e-06
-3.43522e-05
6.94242e-06
-3.59231e-05
8.57617e-06
-3.73313e-05
9.93008e-06
-3.83365e-05
1.06855e-05
-3.86985e-05
1.05429e-05
-3.82396e-05
9.2789e-06
-3.69319e-05
6.83234e-06
-3.49161e-05
3.17742e-06
-1.94938e-06
-3.22214e-05
-2.65585e-05
3.24934e-06
-2.76473e-05
4.85632e-06
-2.89285e-05
6.58292e-06
-3.03117e-05
8.32538e-06
-3.16341e-05
9.89821e-06
-3.26845e-05
1.09801e-05
-3.32252e-05
1.12259e-05
-3.30262e-05
1.03437e-05
-3.1926e-05
8.17856e-06
-2.99501e-05
4.85635e-06
-2.73924e-05
6.19392e-07
-2.63555e-05
-2.98626e-06
-4.16252e-05
-1.34645e-06
-3.95049e-05
-3.13303e-06
-3.77096e-05
-5.81459e-06
-3.63482e-05
-7.93938e-06
-3.55144e-05
-9.46201e-06
-3.52486e-05
-1.02258e-05
-3.55411e-05
-1.01062e-05
-3.62941e-05
-8.97525e-06
-3.73479e-05
-6.95103e-06
-3.82981e-05
-4.13422e-06
-3.90494e-05
-1.68642e-06
9.21518e-07
-3.41873e-05
-5.277e-06
-3.20619e-05
-5.25836e-06
-3.06305e-05
-7.24607e-06
-2.97352e-05
-8.83477e-06
-2.94204e-05
-9.77684e-06
-2.96498e-05
-9.99652e-06
-3.03415e-05
-9.4145e-06
-3.13338e-05
-7.98309e-06
-3.2423e-05
-5.86201e-06
-3.32932e-05
-3.26408e-06
-3.39124e-05
-1.06761e-06
1.00535e-06
-2.78029e-05
-9.69511e-06
-2.60297e-05
-7.03156e-06
-2.51021e-05
-8.17371e-06
-2.464e-05
-9.2969e-06
-2.46675e-05
-9.74943e-06
-2.51376e-05
-9.52643e-06
-2.59537e-05
-8.59845e-06
-2.69536e-05
-6.98327e-06
-2.79533e-05
-4.86236e-06
-2.87401e-05
-2.47748e-06
-2.93433e-05
-4.6456e-07
1.38094e-06
-2.15193e-05
-1.4531e-05
-2.06854e-05
-7.86546e-06
-2.04395e-05
-8.41988e-06
-2.04096e-05
-9.32698e-06
-2.06809e-05
-9.47833e-06
-2.12606e-05
-8.94695e-06
-2.20762e-05
-7.78299e-06
-2.29966e-05
-6.06304e-06
-2.38793e-05
-3.97977e-06
-2.45926e-05
-1.7644e-06
-2.51965e-05
1.39068e-07
1.91528e-06
-2.2728e-05
4.03566e-06
2.19392e-05
-2.36946e-05
5.82192e-06
-2.47713e-05
7.65965e-06
-2.58589e-05
9.41366e-06
-2.67966e-05
1.08372e-05
-2.73761e-05
1.15615e-05
-2.73497e-05
1.12019e-05
-2.64367e-05
9.43363e-06
-2.43113e-05
6.05642e-06
-2.05168e-05
1.06514e-06
-1.39084e-05
-5.98565e-06
-1.68911e-05
-1.89683e-05
4.6827e-06
1.83209e-05
-1.97094e-05
6.56273e-06
-2.04797e-05
8.42969e-06
-2.11815e-05
1.01151e-05
-2.16652e-05
1.13208e-05
-2.17339e-05
1.16301e-05
-2.11384e-05
1.06063e-05
-1.95652e-05
7.86035e-06
-1.66079e-05
3.09906e-06
-1.16627e-05
-3.87992e-06
-4.97166e-06
-1.26766e-05
-2.18626e-05
-1.53322e-05
5.12536e-06
1.48892e-05
-1.57912e-05
7.02149e-06
-1.62075e-05
8.84567e-06
-1.64938e-05
1.04013e-05
-1.65245e-05
1.13512e-05
-1.61352e-05
1.12407e-05
-1.51178e-05
9.58874e-06
-1.32217e-05
5.96426e-06
-1.0236e-05
1.13329e-07
-6.20932e-06
-7.90649e-06
-2.10184e-06
-1.67837e-05
-2.39638e-05
-1.18817e-05
5.3331e-06
1.16737e-05
-1.20387e-05
7.17827e-06
-1.20951e-05
8.90191e-06
-1.19832e-05
1.02892e-05
-1.16134e-05
1.09814e-05
-1.0878e-05
1.05052e-05
-9.65269e-06
8.36338e-06
-7.82452e-06
4.13605e-06
-5.44992e-06
-2.26125e-06
-2.92735e-06
-1.04289e-05
-8.86275e-07
-1.88245e-05
-2.485e-05
-8.67297e-06
5.29889e-06
8.70691e-06
-8.53304e-06
7.03813e-06
-8.25071e-06
8.61946e-06
-7.78377e-06
9.82216e-06
-7.08805e-06
1.02856e-05
-6.12608e-06
9.54325e-06
-4.87514e-06
7.11242e-06
-3.35807e-06
2.61898e-06
-1.7819e-06
-3.83732e-06
-4.93139e-07
-1.17175e-05
3.08531e-07
-1.96257e-05
-2.45406e-05
-5.74847e-06
5.03265e-06
6.01452e-06
-5.3321e-06
6.62165e-06
-4.74506e-06
8.03231e-06
-3.97434e-06
9.0514e-06
-3.02331e-06
9.33455e-06
-1.92641e-06
8.44629e-06
-7.5385e-07
5.93977e-06
3.7957e-07
1.4855e-06
1.21671e-06
-4.67448e-06
1.54165e-06
-1.20424e-05
1.32351e-06
-1.94073e-05
-2.32171e-05
-3.13327e-06
4.55509e-06
3.61064e-06
-2.46918e-06
5.9574e-06
-1.61511e-06
7.17828e-06
-5.87637e-07
8.02383e-06
5.65638e-07
8.18137e-06
1.74601e-06
7.26589e-06
2.81027e-06
4.87554e-06
3.59401e-06
7.01814e-07
3.82365e-06
-4.90414e-06
3.36624e-06
-1.15848e-05
2.28547e-06
-1.83263e-05
-2.09309e-05
-8.34763e-07
3.89299e-06
1.49664e-06
4.53811e-08
5.07728e-06
1.13078e-06
6.09283e-06
2.37754e-06
6.77714e-06
3.7011e-06
6.85772e-06
4.95002e-06
6.01695e-06
5.92529e-06
3.90015e-06
6.43707e-06
1.89872e-07
6.18506e-06
-4.65214e-06
5.0471e-06
-1.0447e-05
3.11524e-06
-1.63942e-05
-1.78158e-05
1.15822e-06
3.07574e-06
-3.4085e-07
2.2234e-06
4.01161e-06
3.50945e-06
4.80732e-06
4.94931e-06
5.33666e-06
6.43066e-06
5.37699e-06
7.75811e-06
4.68912e-06
8.68829e-06
2.97017e-06
9.0155e-06
-1.3703e-07
8.38003e-06
-4.01728e-06
6.61685e-06
-8.68277e-06
3.8321e-06
-1.36103e-05
-1.39832e-05
2.88025e-06
2.13118e-06
-1.93602e-06
4.10316e-06
2.78861e-06
5.56531e-06
3.34528e-06
7.18399e-06
3.71785e-06
8.82504e-06
3.73614e-06
1.02549e-05
3.25912e-06
1.1187e-05
2.03819e-06
1.14075e-05
-3.57485e-07
1.04509e-05
-3.06072e-06
8.07931e-06
-6.31107e-06
4.40364e-06
-9.93489e-06
-9.58021e-06
4.41846e-06
1.08721e-06
-3.37527e-06
5.77421e-06
1.43256e-06
7.39365e-06
1.72602e-06
9.18456e-06
1.92669e-06
1.09907e-05
1.93023e-06
1.25572e-05
1.69242e-06
1.35276e-05
1.0679e-06
1.36734e-05
-5.03271e-07
1.23768e-05
-1.76438e-06
9.39796e-06
-3.33201e-06
4.87792e-06
-5.41548e-06
-4.70385e-06
5.94347e-06
-4.8566e-06
7.37608e-06
9.10203e-06
1.10288e-05
1.2959e-05
1.46514e-05
1.57193e-05
1.5216e-05
1.34516e-05
1.01195e-05
4.70385e-06
-1.33887e-05
-1.14501e-06
-1.56866e-05
-5.56826e-06
-1.63345e-05
-7.77259e-06
-1.67435e-05
-8.91879e-06
-1.72006e-05
-9.02219e-06
-1.7823e-05
-8.3255e-06
-1.85854e-05
-7.02151e-06
-1.93977e-05
-5.25134e-06
-2.01596e-05
-3.21796e-06
-2.07947e-05
-1.12895e-06
-2.13683e-05
7.13446e-07
2.48562e-06
-2.19376e-05
-8.48475e-06
7.33969e-06
-1.16504e-05
-2.40274e-06
-1.28216e-05
-6.60161e-06
-1.3528e-05
-8.21274e-06
-1.41079e-05
-8.44255e-06
-1.47347e-05
-7.69884e-06
-1.54247e-05
-6.33175e-06
-1.6124e-05
-4.55222e-06
-1.67664e-05
-2.57572e-06
-1.73098e-05
-5.85699e-07
-1.78116e-05
1.21516e-06
2.99363e-06
-1.83197e-05
-5.72086e-06
1.30604e-05
-8.48769e-06
3.63826e-07
-9.83729e-06
-5.25224e-06
-1.06824e-05
-7.3678e-06
-1.13289e-05
-7.79621e-06
-1.19391e-05
-7.08885e-06
-1.25545e-05
-5.71642e-06
-1.31472e-05
-3.95961e-06
-1.36743e-05
-2.04882e-06
-1.41126e-05
-1.47392e-07
-1.45069e-05
1.60933e-06
3.37501e-06
-1.48884e-05
-3.78631e-06
1.68462e-05
-5.95585e-06
2.53325e-06
-7.26711e-06
-3.94123e-06
-8.14172e-06
-6.49347e-06
-8.81232e-06
-7.12588e-06
-9.39894e-06
-6.50245e-06
-9.94838e-06
-5.16716e-06
-1.04475e-05
-3.46069e-06
-1.08674e-05
-1.62902e-06
-1.11935e-05
1.78565e-07
-1.14565e-05
1.87217e-06
3.59166e-06
-1.16732e-05
-2.20413e-06
1.90516e-05
-3.80306e-06
4.13215e-06
-4.98838e-06
-2.75602e-06
-5.83797e-06
-5.64404e-06
-6.51464e-06
-6.44937e-06
-7.08494e-06
-5.93227e-06
-7.58452e-06
-4.66773e-06
-8.00736e-06
-3.03795e-06
-8.33257e-06
-1.30393e-06
-8.54766e-06
3.93578e-07
-8.67035e-06
1.99474e-06
3.62794e-06
-8.70673e-06
-8.05181e-07
1.98563e-05
-1.86801e-06
5.19481e-06
-2.89838e-06
-1.72587e-06
-3.71044e-06
-4.83228e-06
-4.39774e-06
-5.76231e-06
-4.97161e-06
-5.35865e-06
-5.4438e-06
-4.19572e-06
-5.81144e-06
-2.67047e-06
-6.0581e-06
-1.05739e-06
-6.17097e-06
5.06319e-07
-6.15697e-06
1.98063e-06
3.48544e-06
-6.01456e-06
5.10587e-07
1.93467e-05
-4.59876e-08
5.7516e-06
-9.13788e-07
-8.58265e-07
-1.70655e-06
-4.03956e-06
-2.42988e-06
-5.03923e-06
-3.03523e-06
-4.7534e-06
-3.50793e-06
-3.72321e-06
-3.84457e-06
-2.33393e-06
-4.03205e-06
-8.70058e-07
-4.05691e-06
5.31096e-07
-3.91853e-06
1.84212e-06
3.17765e-06
-3.61085e-06
1.77262e-06
1.75743e-05
1.71773e-06
5.80611e-06
1.02248e-06
-1.63153e-07
2.18649e-07
-3.23611e-06
-5.77645e-07
-4.24317e-06
-1.25079e-06
-4.08055e-06
-1.75659e-06
-3.21761e-06
-2.0892e-06
-2.00152e-06
-2.23904e-06
-7.20353e-07
-2.19377e-06
4.8567e-07
-1.94901e-06
1.59723e-06
2.72546e-06
-1.49694e-06
2.97179e-06
1.46006e-05
3.44771e-06
5.33125e-06
2.9448e-06
3.38602e-07
2.10225e-06
-2.39287e-06
1.19436e-06
-3.3361e-06
4.12292e-07
-3.29819e-06
-1.63228e-07
-2.64253e-06
-5.21301e-07
-1.64338e-06
-6.56375e-07
-5.85579e-07
-5.60634e-07
3.89966e-07
-2.30903e-07
1.26737e-06
2.15391e-06
3.40548e-07
4.14578e-06
1.04538e-05
5.13706e-06
4.3394e-06
4.87249e-06
6.02523e-07
3.98484e-06
-1.50544e-06
2.93898e-06
-2.29083e-06
2.00779e-06
-2.36724e-06
1.31978e-06
-1.95492e-06
9.0053e-07
-1.22439e-06
7.55022e-07
-4.40366e-07
8.81144e-07
2.63728e-07
1.27233e-06
8.76091e-07
1.49035e-06
1.93575e-06
5.10251e-06
5.34919e-06
6.74837e-06
2.69253e-06
6.81586e-06
5.33492e-07
5.94219e-06
-6.32341e-07
4.7761e-06
-1.12591e-06
3.66435e-06
-1.25614e-06
2.80348e-06
-1.09499e-06
2.27013e-06
-6.91755e-07
2.08166e-06
-2.52655e-07
2.21768e-06
1.27384e-07
2.6468e-06
4.46698e-07
7.61977e-07
3.37488e-06
5.34899e-06
8.0412e-06
8.57458e-06
7.94201e-06
6.81598e-06
5.55966e-06
4.46452e-06
3.7726e-06
3.51987e-06
3.64719e-06
4.09382e-06
4.85576e-06
-2.27267e-05
4.03687e-06
-2.36939e-05
5.82276e-06
-2.47716e-05
7.66081e-06
-2.58604e-05
9.41547e-06
-2.67996e-05
1.08401e-05
-2.73806e-05
1.15655e-05
-2.73554e-05
1.12063e-05
-2.6443e-05
9.43737e-06
-2.43174e-05
6.05841e-06
-2.05217e-05
1.06453e-06
-1.39114e-05
-5.98892e-06
-1.68962e-05
-1.89674e-05
4.68448e-06
-1.97091e-05
6.56437e-06
-2.04803e-05
8.43192e-06
-2.11832e-05
1.01181e-05
-2.16682e-05
1.13249e-05
-2.1738e-05
1.16351e-05
-2.11434e-05
1.06114e-05
-1.95705e-05
7.86425e-06
-1.66127e-05
3.10044e-06
-1.16662e-05
-3.88203e-06
-4.97344e-06
-1.26819e-05
-2.18699e-05
-1.53317e-05
5.12766e-06
-1.57912e-05
7.02381e-06
-1.62081e-05
8.8488e-06
-1.64954e-05
1.04052e-05
-1.6527e-05
1.13563e-05
-1.61385e-05
1.12465e-05
-1.51216e-05
9.59425e-06
-1.32256e-05
5.96807e-06
-1.02393e-05
1.14045e-07
-6.21174e-06
-7.90971e-06
-2.10317e-06
-1.67904e-05
-2.39729e-05
-1.18814e-05
5.33573e-06
-1.20387e-05
7.18108e-06
-1.20956e-05
8.90571e-06
-1.19843e-05
1.02938e-05
-1.16151e-05
1.0987e-05
-1.08802e-05
1.05114e-05
-9.65512e-06
8.36902e-06
-7.82684e-06
4.13963e-06
-5.45187e-06
-2.26107e-06
-2.92883e-06
-1.04328e-05
-8.87283e-07
-1.88321e-05
-2.48606e-05
-8.67277e-06
5.30171e-06
-8.53298e-06
7.04123e-06
-8.25096e-06
8.62365e-06
-7.78431e-06
9.82712e-06
-7.08889e-06
1.02915e-05
-6.12705e-06
9.54944e-06
-4.87611e-06
7.11794e-06
-3.35886e-06
2.62226e-06
-1.78247e-06
-3.83752e-06
-4.93527e-07
-1.17218e-05
3.0831e-07
-1.96338e-05
-2.45518e-05
-5.7483e-06
5.03537e-06
-5.33188e-06
6.62477e-06
-4.74491e-06
8.03668e-06
-3.97422e-06
9.05639e-06
-3.02318e-06
9.34038e-06
-1.92613e-06
8.45225e-06
-7.5338e-07
5.94502e-06
3.80248e-07
1.48843e-06
1.21746e-06
-4.67487e-06
1.54232e-06
-1.20468e-05
1.3239e-06
-1.94155e-05
-2.32284e-05
-3.13306e-06
4.5575e-06
-2.46873e-06
5.9604e-06
-1.61455e-06
7.18247e-06
-5.86837e-07
8.02861e-06
5.66715e-07
8.18682e-06
1.74748e-06
7.27139e-06
2.81207e-06
4.88031e-06
3.59605e-06
7.04406e-07
3.82563e-06
-4.90464e-06
3.36791e-06
-1.15889e-05
2.28649e-06
-1.83341e-05
-2.09415e-05
-8.3445e-07
3.89493e-06
4.60716e-08
5.07984e-06
1.13177e-06
6.09674e-06
2.37897e-06
6.7814e-06
3.70304e-06
6.8626e-06
4.95256e-06
6.02172e-06
5.92829e-06
3.90435e-06
6.44033e-06
1.92063e-07
6.18817e-06
-4.65259e-06
5.0497e-06
-1.04508e-05
3.11677e-06
-1.64012e-05
-1.78252e-05
1.15863e-06
3.07678e-06
2.22438e-06
4.01406e-06
3.51077e-06
4.81036e-06
4.9513e-06
5.34037e-06
6.4333e-06
5.38087e-06
7.76157e-06
4.69317e-06
8.69229e-06
2.97349e-06
9.01985e-06
-1.3514e-07
8.38415e-06
-4.01779e-06
6.62032e-06
-8.68571e-06
3.83408e-06
-1.36161e-05
-1.39907e-05
2.8808e-06
2.13165e-06
4.10431e-06
2.79054e-06
5.56694e-06
3.34741e-06
7.18638e-06
3.72054e-06
8.82826e-06
3.73888e-06
1.02591e-05
3.26204e-06
1.11919e-05
2.04056e-06
1.14127e-05
-3.56162e-07
1.04559e-05
-3.06116e-06
8.08353e-06
-6.31314e-06
4.40599e-06
-9.93892e-06
-9.58554e-06
4.41889e-06
1.08745e-06
5.77539e-06
1.43386e-06
7.39539e-06
1.72678e-06
9.18719e-06
1.92792e-06
1.09943e-05
1.93141e-06
1.2562e-05
1.69384e-06
1.35332e-05
1.069e-06
1.36795e-05
-5.02785e-07
1.23827e-05
-1.7648e-06
9.40283e-06
-3.33305e-06
4.8806e-06
-5.41747e-06
-4.70686e-06
5.94317e-06
7.37691e-06
9.10351e-06
1.10314e-05
1.29627e-05
1.46564e-05
1.57254e-05
1.52225e-05
1.34577e-05
1.01246e-05
4.70686e-06
-1.33904e-05
-1.14486e-06
-1.56883e-05
-5.5689e-06
-1.63358e-05
-7.77355e-06
-1.67443e-05
-8.92021e-06
-1.72009e-05
-9.02381e-06
-1.78229e-05
-8.32703e-06
-1.85849e-05
-7.02276e-06
-1.93969e-05
-5.2523e-06
-2.01588e-05
-3.21869e-06
-2.07938e-05
-1.1297e-06
-2.13675e-05
7.12571e-07
2.48445e-06
-2.19371e-05
-8.48589e-06
7.34058e-06
-1.16516e-05
-2.40332e-06
-1.28226e-05
-6.60285e-06
-1.35286e-05
-8.21451e-06
-1.41081e-05
-8.44457e-06
-1.47346e-05
-7.70073e-06
-1.54243e-05
-6.33329e-06
-1.61234e-05
-4.55333e-06
-1.67657e-05
-2.57653e-06
-1.73092e-05
-5.8639e-07
-1.78111e-05
1.21429e-06
2.99252e-06
-1.83194e-05
-5.72164e-06
1.30617e-05
-8.48866e-06
3.6338e-07
-9.83811e-06
-5.25363e-06
-1.0683e-05
-7.3698e-06
-1.13292e-05
-7.79849e-06
-1.19391e-05
-7.091e-06
-1.25543e-05
-5.71815e-06
-1.31469e-05
-3.96082e-06
-1.36739e-05
-2.04965e-06
-1.41124e-05
-1.48075e-07
-1.45068e-05
1.60856e-06
3.37394e-06
-1.48885e-05
-3.7869e-06
1.68479e-05
-5.95664e-06
2.53295e-06
-7.26785e-06
-3.94264e-06
-8.1423e-06
-6.49562e-06
-8.81271e-06
-7.12832e-06
-9.39915e-06
-6.50478e-06
-9.94846e-06
-5.169e-06
-1.04475e-05
-3.46194e-06
-1.08675e-05
-1.62983e-06
-1.11937e-05
1.77977e-07
-1.14568e-05
1.87149e-06
3.59067e-06
-1.16737e-05
-2.20463e-06
1.90536e-05
-3.80374e-06
4.13201e-06
-4.98909e-06
-2.75741e-06
-5.83862e-06
-5.64619e-06
-6.51521e-06
-6.45187e-06
-7.08542e-06
-5.93466e-06
-7.58494e-06
-4.66961e-06
-8.0078e-06
-3.03919e-06
-8.33309e-06
-1.30468e-06
-8.54832e-06
3.93064e-07
-8.67116e-06
1.99418e-06
3.62709e-06
-8.70774e-06
-8.05627e-07
1.98586e-05
-1.86861e-06
5.19483e-06
-2.89908e-06
-1.72713e-06
-3.71119e-06
-4.83434e-06
-4.39851e-06
-5.76476e-06
-4.97238e-06
-5.36101e-06
-5.44459e-06
-4.19756e-06
-5.81231e-06
-2.67163e-06
-6.05908e-06
-1.05805e-06
-6.17209e-06
5.05936e-07
-6.15826e-06
1.98023e-06
3.48474e-06
-6.01609e-06
5.10209e-07
1.93491e-05
-4.65277e-08
5.75176e-06
-9.14483e-07
-8.59369e-07
-1.70738e-06
-4.04145e-06
-2.43083e-06
-5.04151e-06
-3.03628e-06
-4.75564e-06
-3.50907e-06
-3.72493e-06
-3.84584e-06
-2.33497e-06
-4.03346e-06
-8.70596e-07
-4.05848e-06
5.30826e-07
-3.92027e-06
1.84188e-06
3.17718e-06
-3.61285e-06
1.77235e-06
1.75768e-05
1.71728e-06
5.80639e-06
1.02181e-06
-1.64025e-07
2.17758e-07
-3.23777e-06
-5.78757e-07
-4.24521e-06
-1.25208e-06
-4.08258e-06
-1.75803e-06
-3.21917e-06
-2.09083e-06
-2.00237e-06
-2.24083e-06
-7.20764e-07
-2.19572e-06
4.85545e-07
-1.95114e-06
1.59717e-06
2.72521e-06
-1.49935e-06
2.97168e-06
1.46028e-05
3.4474e-06
5.33173e-06
2.94419e-06
3.37944e-07
2.10136e-06
-2.39417e-06
1.19315e-06
-3.33778e-06
4.10815e-07
-3.29995e-06
-1.64915e-07
-2.64381e-06
-5.23226e-07
-1.64406e-06
-6.58468e-07
-5.85816e-07
-5.62882e-07
3.89936e-07
-2.33306e-07
1.2675e-06
2.15398e-06
3.37868e-07
4.1459e-06
1.04554e-05
5.13695e-06
4.33993e-06
4.87203e-06
6.02131e-07
3.98404e-06
-1.50634e-06
2.93777e-06
-2.29206e-06
2.00622e-06
-2.36861e-06
1.31793e-06
-1.95587e-06
8.98409e-07
-1.22483e-06
7.52719e-07
-4.40474e-07
8.78718e-07
2.63769e-07
1.26981e-06
8.76362e-07
1.4905e-06
1.93293e-06
5.10287e-06
5.34969e-06
6.74854e-06
2.69296e-06
6.81571e-06
5.33249e-07
5.94167e-06
-6.3282e-07
4.77508e-06
-1.12655e-06
3.66284e-06
-1.25693e-06
2.80159e-06
-1.09547e-06
2.26794e-06
-6.91969e-07
2.0793e-06
-2.52715e-07
2.21524e-06
1.27396e-07
2.64436e-06
4.46937e-07
7.61914e-07
3.37217e-06
5.34943e-06
8.04203e-06
8.57518e-06
7.94215e-06
6.81549e-06
5.5584e-06
4.46277e-06
3.7706e-06
3.51779e-06
3.64512e-06
4.0919e-06
4.85361e-06
-2.27264e-05
4.03544e-06
-2.36937e-05
5.82103e-06
-2.47716e-05
7.659e-06
-2.58605e-05
9.41382e-06
-2.68e-05
1.08389e-05
-2.73814e-05
1.15652e-05
-2.73568e-05
1.12074e-05
-2.64452e-05
9.44028e-06
-2.43204e-05
6.06309e-06
-2.05253e-05
1.07053e-06
-1.39146e-05
-5.98367e-06
-1.68957e-05
-1.89673e-05
4.68303e-06
-1.97092e-05
6.56257e-06
-2.04805e-05
8.4301e-06
-2.11835e-05
1.01165e-05
-2.16687e-05
1.13239e-05
-2.17389e-05
1.16352e-05
-2.11447e-05
1.0613e-05
-1.95722e-05
7.86763e-06
-1.66146e-05
3.10538e-06
-1.16677e-05
-3.87635e-06
-4.97364e-06
-1.26776e-05
-2.18694e-05
-1.53319e-05
5.12622e-06
-1.57916e-05
7.02201e-06
-1.62086e-05
8.84699e-06
-1.6496e-05
1.04037e-05
-1.65277e-05
1.13555e-05
-1.61395e-05
1.12467e-05
-1.51227e-05
9.59612e-06
-1.32268e-05
5.97161e-06
-1.02403e-05
1.18797e-07
-6.21201e-06
-7.90457e-06
-2.10268e-06
-1.67868e-05
-2.39714e-05
-1.1882e-05
5.33436e-06
-1.20395e-05
7.17926e-06
-1.20966e-05
8.90391e-06
-1.19853e-05
1.02923e-05
-1.16162e-05
1.09863e-05
-1.08813e-05
1.05117e-05
-9.65626e-06
8.37093e-06
-7.82784e-06
4.14308e-06
-5.4524e-06
-2.25667e-06
-2.92876e-06
-1.04281e-05
-8.86737e-07
-1.88286e-05
-2.48583e-05
-8.67399e-06
5.30042e-06
-8.53433e-06
7.03947e-06
-8.25242e-06
8.6219e-06
-7.78582e-06
9.82559e-06
-7.09043e-06
1.02909e-05
-6.12852e-06
9.54972e-06
-4.87743e-06
7.1198e-06
-3.35988e-06
2.62547e-06
-1.78297e-06
-3.83361e-06
-4.93613e-07
-1.17173e-05
3.08466e-07
-1.96304e-05
-2.45489e-05
-5.75005e-06
5.03427e-06
-5.33379e-06
6.62308e-06
-4.74696e-06
8.03498e-06
-3.97628e-06
9.05481e-06
-3.02526e-06
9.33983e-06
-1.92804e-06
8.45239e-06
-7.55035e-07
5.94668e-06
3.78972e-07
1.49134e-06
1.21675e-06
-4.67144e-06
1.54188e-06
-1.20424e-05
1.32387e-06
-1.94122e-05
-2.32252e-05
-3.13535e-06
4.55658e-06
-2.4712e-06
5.95889e-06
-1.61719e-06
7.18084e-06
-5.8946e-07
8.02712e-06
5.64054e-07
8.18626e-06
1.74508e-06
7.2714e-06
2.80999e-06
4.88176e-06
3.59438e-06
7.06886e-07
3.82461e-06
-4.90157e-06
3.36709e-06
-1.15849e-05
2.2862e-06
-1.8331e-05
-2.09383e-05
-8.37184e-07
3.89435e-06
4.30995e-08
5.07848e-06
1.1286e-06
6.09534e-06
2.37582e-06
6.77979e-06
3.69984e-06
6.86223e-06
4.94966e-06
6.02146e-06
5.92575e-06
3.90555e-06
6.43825e-06
1.94265e-07
6.18681e-06
-4.65042e-06
5.04856e-06
-1.04466e-05
3.11632e-06
-1.6399e-05
-1.7822e-05
1.15552e-06
3.07623e-06
2.22105e-06
4.01326e-06
3.5071e-06
4.8087e-06
4.94781e-06
5.33959e-06
6.42958e-06
5.37996e-06
7.75829e-06
4.69313e-06
8.68939e-06
2.97445e-06
9.01728e-06
-1.33927e-07
8.38275e-06
-4.015e-06
6.61869e-06
-8.68365e-06
3.8337e-06
-1.36131e-05
-1.3989e-05
2.87754e-06
2.13127e-06
4.10069e-06
2.78995e-06
5.56303e-06
3.34612e-06
7.18255e-06
3.72009e-06
8.82427e-06
3.73809e-06
1.02555e-05
3.26202e-06
1.11887e-05
2.04123e-06
1.141e-05
-3.55208e-07
1.04542e-05
-3.05923e-06
8.08195e-06
-6.31185e-06
4.40538e-06
-9.93697e-06
-9.58454e-06
4.41568e-06
1.0869e-06
5.77177e-06
1.43348e-06
7.39138e-06
1.72593e-06
9.18328e-06
1.92817e-06
1.09902e-05
1.93088e-06
1.25582e-05
1.6941e-06
1.35298e-05
1.06954e-06
1.36766e-05
-5.02186e-07
1.2381e-05
-1.76362e-06
9.4013e-06
-3.333e-06
4.88011e-06
-5.41653e-06
-4.7065e-06
5.94044e-06
7.37379e-06
9.09973e-06
1.10278e-05
1.29587e-05
1.46528e-05
1.57223e-05
1.52202e-05
1.34564e-05
1.01233e-05
4.7065e-06
-1.33944e-05
-1.1433e-06
-1.56935e-05
-5.56544e-06
-1.63415e-05
-7.76952e-06
-1.67503e-05
-8.91596e-06
-1.72068e-05
-9.01952e-06
-1.78287e-05
-8.3228e-06
-1.85903e-05
-7.01873e-06
-1.94018e-05
-5.24852e-06
-2.0163e-05
-3.21524e-06
-2.07974e-05
-1.12659e-06
-2.13703e-05
7.15269e-07
2.48686e-06
-2.19389e-05
-8.48891e-06
7.34566e-06
-1.16559e-05
-2.39855e-06
-1.28273e-05
-6.59835e-06
-1.35335e-05
-8.21011e-06
-1.41129e-05
-8.44033e-06
-1.47391e-05
-7.69674e-06
-1.54284e-05
-6.32964e-06
-1.61269e-05
-4.55009e-06
-1.67686e-05
-2.57367e-06
-1.73114e-05
-5.83983e-07
-1.78125e-05
1.21629e-06
2.9941e-06
-1.83199e-05
-5.72395e-06
1.30694e-05
-8.4919e-06
3.69135e-07
-9.84165e-06
-5.24883e-06
-1.06866e-05
-7.36537e-06
-1.13327e-05
-7.79442e-06
-1.19422e-05
-7.08732e-06
-1.2557e-05
-5.71495e-06
-1.3149e-05
-3.95813e-06
-1.36754e-05
-2.04741e-06
-1.41132e-05
-1.46312e-07
-1.45068e-05
1.60984e-06
3.37479e-06
-1.48876e-05
-3.78841e-06
1.68574e-05
-5.95877e-06
2.5394e-06
-7.27013e-06
-3.9377e-06
-8.14451e-06
-6.49125e-06
-8.81469e-06
-7.12447e-06
-9.40078e-06
-6.50143e-06
-9.94962e-06
-5.16625e-06
-1.04481e-05
-3.4598e-06
-1.08674e-05
-1.62818e-06
-1.1193e-05
1.79128e-07
-1.14554e-05
1.87215e-06
3.59087e-06
-1.16716e-05
-2.20532e-06
1.9064e-05
-3.80471e-06
4.13877e-06
-4.99006e-06
-2.75246e-06
-5.83938e-06
-5.64207e-06
-6.51566e-06
-6.44835e-06
-7.08551e-06
-5.93169e-06
-7.58456e-06
-4.66733e-06
-8.00686e-06
-3.03759e-06
-8.33157e-06
-1.30358e-06
-8.54621e-06
3.93675e-07
-8.66848e-06
1.99431e-06
3.62675e-06
-8.70446e-06
-8.05482e-07
1.98692e-05
-1.86841e-06
5.20156e-06
-2.8987e-06
-1.72236e-06
-3.71048e-06
-4.83058e-06
-4.39743e-06
-5.76162e-06
-4.97094e-06
-5.35841e-06
-5.4427e-06
-4.19571e-06
-5.80989e-06
-2.67053e-06
-6.05614e-06
-1.05743e-06
-6.16865e-06
5.06087e-07
-6.15436e-06
1.97991e-06
3.48401e-06
-6.01173e-06
5.11144e-07
1.9359e-05
-4.51649e-08
5.75811e-06
-9.12758e-07
-8.54947e-07
-1.70523e-06
-4.03814e-06
-2.42826e-06
-5.03881e-06
-3.03335e-06
-4.7534e-06
-3.50574e-06
-3.72349e-06
-3.84203e-06
-2.33432e-06
-4.02919e-06
-8.70399e-07
-4.0538e-06
5.3062e-07
-3.91527e-06
1.84123e-06
3.17616e-06
-3.60753e-06
1.774e-06
1.75853e-05
1.71973e-06
5.81205e-06
1.02483e-06
-1.60165e-07
2.21286e-07
-3.23496e-06
-5.74779e-07
-4.24295e-06
-1.24777e-06
-4.08068e-06
-1.75337e-06
-3.21806e-06
-2.08574e-06
-2.00212e-06
-2.23537e-06
-7.20874e-07
-2.18996e-06
4.85071e-07
-1.94517e-06
1.59631e-06
2.72405e-06
-1.49319e-06
2.97392e-06
1.46097e-05
3.45081e-06
5.33626e-06
2.94841e-06
3.41134e-07
2.10615e-06
-2.39201e-06
1.19842e-06
-3.336e-06
4.16387e-07
-3.29836e-06
-1.59057e-07
-2.64304e-06
-5.16998e-07
-1.64409e-06
-6.51976e-07
-5.86224e-07
-5.56184e-07
3.89369e-07
-2.26536e-07
1.26654e-06
2.15271e-06
3.44685e-07
4.14866e-06
1.04602e-05
5.14118e-06
4.34327e-06
4.87728e-06
6.04439e-07
3.98992e-06
-1.50484e-06
2.94417e-06
-2.29077e-06
2.01292e-06
-2.36732e-06
1.32486e-06
-1.95533e-06
9.05617e-07
-1.22507e-06
7.601e-07
-4.40983e-07
8.86186e-07
2.63246e-07
1.27719e-06
8.75455e-07
1.48948e-06
1.94028e-06
5.10578e-06
5.35256e-06
6.75341e-06
2.6948e-06
6.82175e-06
5.34682e-07
5.94841e-06
-6.32001e-07
4.78242e-06
-1.12582e-06
3.67056e-06
-1.25603e-06
2.80956e-06
-1.09515e-06
2.27605e-06
-6.9217e-07
2.08743e-06
-2.53036e-07
2.22334e-06
1.27193e-07
2.65221e-06
4.46382e-07
7.61508e-07
3.37987e-06
5.3524e-06
8.0469e-06
8.58149e-06
7.94929e-06
6.82337e-06
5.56718e-06
4.4719e-06
3.77958e-06
3.52651e-06
3.65366e-06
4.09997e-06
4.86144e-06
-2.27271e-05
4.03741e-06
-2.36931e-05
5.82227e-06
-2.47695e-05
7.65919e-06
-2.5857e-05
9.41259e-06
-2.67947e-05
1.08357e-05
-2.73743e-05
1.15595e-05
-2.73481e-05
1.11994e-05
-2.64355e-05
9.43076e-06
-2.43106e-05
6.05342e-06
-2.05166e-05
1.06215e-06
-1.39085e-05
-5.98879e-06
-1.68949e-05
-1.89666e-05
4.68411e-06
-1.97073e-05
6.56282e-06
-2.04773e-05
8.42912e-06
-2.11789e-05
1.0114e-05
-2.16627e-05
1.13193e-05
-2.17317e-05
1.16282e-05
-2.11365e-05
1.0604e-05
-1.95638e-05
7.85784e-06
-1.66071e-05
3.09655e-06
-1.16626e-05
-3.88241e-06
-4.97186e-06
-1.26797e-05
-2.18671e-05
-1.533e-05
5.12649e-06
-1.57887e-05
7.02136e-06
-1.62046e-05
8.84505e-06
-1.64909e-05
1.04002e-05
-1.65217e-05
1.13499e-05
-1.61327e-05
1.1239e-05
-1.51157e-05
9.58679e-06
-1.32202e-05
5.96221e-06
-1.02351e-05
1.11336e-07
-6.20903e-06
-7.90862e-06
-2.10184e-06
-1.67869e-05
-2.39687e-05
-1.18791e-05
5.33393e-06
-1.20357e-05
7.17793e-06
-1.2092e-05
8.90126e-06
-1.198e-05
1.02882e-05
-1.16105e-05
1.09802e-05
-1.08754e-05
1.05038e-05
-9.6506e-06
8.36182e-06
-7.82301e-06
4.13446e-06
-5.44899e-06
-2.26282e-06
-2.92678e-06
-1.04309e-05
-8.85969e-07
-1.88278e-05
-2.48551e-05
-8.67009e-06
5.29949e-06
-8.52987e-06
7.03766e-06
-8.24745e-06
8.61882e-06
-7.78055e-06
9.82123e-06
-7.08508e-06
1.02846e-05
-6.12347e-06
9.5421e-06
-4.87302e-06
7.11125e-06
-3.35647e-06
2.6178e-06
-1.78075e-06
-3.83859e-06
-4.92227e-07
-1.17194e-05
3.09149e-07
-1.9629e-05
-2.45454e-05
-5.74529e-06
5.03297e-06
-5.32873e-06
6.62106e-06
-4.74168e-06
8.03178e-06
-3.97106e-06
9.05059e-06
-3.0203e-06
9.33379e-06
-1.92377e-06
8.44543e-06
-7.51656e-07
5.93897e-06
3.81327e-07
1.48462e-06
1.21812e-06
-4.67554e-06
1.54284e-06
-1.20443e-05
1.32431e-06
-1.94106e-05
-2.32217e-05
-3.12979e-06
4.55513e-06
-2.4656e-06
5.95684e-06
-1.61164e-06
7.17782e-06
-5.84316e-07
8.02319e-06
5.68677e-07
8.18082e-06
1.74871e-06
7.26531e-06
2.81257e-06
4.87502e-06
3.59596e-06
7.01189e-07
3.82529e-06
-4.90504e-06
3.36765e-06
-1.15865e-05
2.28639e-06
-1.83294e-05
-2.09349e-05
-8.30945e-07
3.8928e-06
4.91914e-08
5.07668e-06
1.13437e-06
6.0926e-06
2.38092e-06
6.77666e-06
3.70419e-06
6.8574e-06
4.95279e-06
6.01657e-06
5.92771e-06
3.89987e-06
6.43919e-06
1.89422e-07
6.1869e-06
-4.65287e-06
5.04867e-06
-1.04487e-05
3.11623e-06
-1.63969e-05
-1.78191e-05
1.16236e-06
3.07505e-06
2.22752e-06
4.01149e-06
3.51317e-06
4.807e-06
4.95277e-06
5.33648e-06
6.4338e-06
5.37675e-06
7.76098e-06
4.68901e-06
8.69083e-06
2.96999e-06
9.01779e-06
-1.37254e-07
8.38202e-06
-4.0179e-06
6.61855e-06
-8.68399e-06
3.8331e-06
-1.36126e-05
-1.39856e-05
2.88481e-06
2.13042e-06
4.10757e-06
2.78873e-06
5.56923e-06
3.34497e-06
7.18755e-06
3.71773e-06
8.82828e-06
3.73596e-06
1.02579e-05
3.25909e-06
1.11897e-05
2.03809e-06
1.14099e-05
-3.57619e-07
1.0453e-05
-3.06117e-06
8.08109e-06
-6.31193e-06
4.40464e-06
-9.93651e-06
-9.58174e-06
4.42329e-06
1.0868e-06
5.77894e-06
1.4329e-06
7.39777e-06
1.72544e-06
9.18825e-06
1.92638e-06
1.09941e-05
1.92989e-06
1.25603e-05
1.69227e-06
1.35304e-05
1.0677e-06
1.3676e-05
-5.03475e-07
1.23791e-05
-1.76471e-06
9.3998e-06
-3.33245e-06
4.8789e-06
-5.41638e-06
-4.70477e-06
5.94821e-06
7.38098e-06
9.10623e-06
1.10326e-05
1.29623e-05
1.46546e-05
1.57222e-05
1.52186e-05
1.3454e-05
1.01214e-05
4.70477e-06
-1.33896e-05
-1.14239e-06
-1.56878e-05
-5.56755e-06
-1.6336e-05
-7.77198e-06
-1.67451e-05
-8.91798e-06
-1.72024e-05
-9.02116e-06
-1.78251e-05
-8.32439e-06
-1.85876e-05
-7.02055e-06
-1.93999e-05
-5.25079e-06
-2.01619e-05
-3.21796e-06
-2.07968e-05
-1.12962e-06
-2.13702e-05
7.12227e-07
2.48408e-06
-8.4852e-06
7.34246e-06
-1.16511e-05
-2.40178e-06
-1.28226e-05
-6.60077e-06
-1.35292e-05
-8.2117e-06
-1.41093e-05
-8.4413e-06
-1.47364e-05
-7.6975e-06
-1.54265e-05
-6.33062e-06
-1.61259e-05
-4.55157e-06
-1.67682e-05
-2.57575e-06
-1.73115e-05
-5.86493e-07
-1.78131e-05
1.21361e-06
2.99161e-06
-5.72112e-06
1.3063e-05
-8.48814e-06
3.64926e-07
-9.83794e-06
-5.25121e-06
-1.06833e-05
-7.36656e-06
-1.13299e-05
-7.79475e-06
-1.19402e-05
-7.0873e-06
-1.25558e-05
-5.71512e-06
-1.31487e-05
-3.95886e-06
-1.36757e-05
-2.04886e-06
-1.4114e-05
-1.48369e-07
-1.4508e-05
1.6075e-06
3.3726e-06
-3.7864e-06
1.68489e-05
-5.95608e-06
2.53445e-06
-7.26745e-06
-3.94006e-06
-8.14216e-06
-6.49212e-06
-8.81287e-06
-7.12426e-06
-9.39963e-06
-6.50074e-06
-9.9492e-06
-5.16572e-06
-1.04484e-05
-3.45986e-06
-1.08683e-05
-1.62907e-06
-1.11943e-05
1.77485e-07
-1.14571e-05
1.87013e-06
3.58895e-06
-2.20416e-06
1.9054e-05
-3.80313e-06
4.13339e-06
-4.98847e-06
-2.75482e-06
-5.83806e-06
-5.64263e-06
-6.51477e-06
-6.44767e-06
-7.08514e-06
-5.93046e-06
-7.5848e-06
-4.66618e-06
-8.0077e-06
-3.03705e-06
-8.33295e-06
-1.30397e-06
-8.54801e-06
3.92401e-07
-8.6706e-06
1.99252e-06
3.62511e-06
-8.05177e-07
1.98587e-05
-1.86796e-06
5.19604e-06
-2.89827e-06
-1.72469e-06
-3.71024e-06
-4.83091e-06
-4.39748e-06
-5.76063e-06
-4.97133e-06
-5.35681e-06
-5.44355e-06
-4.19412e-06
-5.81123e-06
-2.66952e-06
-6.05795e-06
-1.05739e-06
-6.17085e-06
5.05137e-07
-6.15682e-06
1.97834e-06
3.48262e-06
5.10608e-07
1.93489e-05
-4.58589e-08
5.75272e-06
-9.13523e-07
-8.57207e-07
-1.70609e-06
-4.03833e-06
-2.42926e-06
-5.03766e-06
-3.03451e-06
-4.75162e-06
-3.50716e-06
-3.72162e-06
-3.84382e-06
-2.33296e-06
-4.03137e-06
-8.70012e-07
-4.05634e-06
5.29951e-07
-3.91803e-06
1.83985e-06
3.17512e-06
1.77265e-06
1.75763e-05
1.71792e-06
5.80706e-06
1.02285e-06
-1.62249e-07
2.19298e-07
-3.23512e-06
-5.76732e-07
-4.24181e-06
-1.24968e-06
-4.07893e-06
-1.75535e-06
-3.21613e-06
-2.08793e-06
-2.00055e-06
-2.23787e-06
-7.20265e-07
-2.19279e-06
4.84662e-07
-1.94821e-06
1.59513e-06
2.72333e-06
2.97181e-06
1.46023e-05
3.44795e-06
5.33204e-06
2.94523e-06
3.39221e-07
2.10303e-06
-2.39211e-06
1.19549e-06
-3.33505e-06
4.13714e-07
-3.29683e-06
-1.61571e-07
-2.6412e-06
-5.19584e-07
-1.64253e-06
-6.54745e-07
-5.8541e-07
-5.59282e-07
3.89146e-07
-2.29881e-07
1.26562e-06
2.15236e-06
4.14583e-06
1.04551e-05
5.13733e-06
4.33988e-06
4.87297e-06
6.02899e-07
3.98569e-06
-1.50495e-06
2.94025e-06
-2.29012e-06
2.00946e-06
-2.36621e-06
1.3218e-06
-1.95384e-06
9.02679e-07
-1.22369e-06
7.57081e-07
-4.40187e-07
8.8285e-07
2.63167e-07
1.2735e-06
8.74799e-07
1.48929e-06
5.10276e-06
5.3497e-06
6.7487e-06
2.69277e-06
6.8164e-06
5.3358e-07
5.94311e-06
-6.32092e-07
4.7775e-06
-1.12551e-06
3.66627e-06
-1.25545e-06
2.80589e-06
-1.09423e-06
2.27277e-06
-6.91317e-07
2.08423e-06
-2.52593e-07
2.21982e-06
1.26998e-07
2.64818e-06
4.45723e-07
7.61023e-07
5.34947e-06
8.04189e-06
8.57539e-06
7.9431e-06
6.81751e-06
5.56191e-06
4.46753e-06
3.776e-06
3.52328e-06
3.65014e-06
4.09558e-06
)
;

boundaryField
{
    rotor
    {
        type            calculated;
        value           uniform 0;
    }
    stator
    {
        type            calculated;
        value           uniform 0;
    }
    front
    {
        type            empty;
        value           nonuniform 0();
    }
    back
    {
        type            empty;
        value           nonuniform 0();
    }
}


// ************************************************************************* //
