/*--------------------------------*- C++ -*----------------------------------*\
| =========                 |                                                 |
| \\      /  F ield         | OpenFOAM: The Open Source CFD Toolbox           |
|  \\    /   O peration     | Version:  v1912                                 |
|   \\  /    A nd           | Website:  www.openfoam.com                      |
|    \\/     M anipulation  |                                                 |
\*---------------------------------------------------------------------------*/
FoamFile
{
    version     2.0;
    format      ascii;
    class       volVectorField;
    location    "350";
    object      U;
}
// * * * * * * * * * * * * * * * * * * * * * * * * * * * * * * * * * * * * * //

dimensions      [0 1 -1 0 0 0 0];


internalField   nonuniform List<vector> 
3072
(
(0.269521 2.22049 0)
(0.293697 1.9314 0)
(0.377405 1.7588 1.40401e-19)
(0.492989 1.65794 7.43105e-19)
(0.613257 1.58425 -1.24889e-18)
(0.736642 1.56812 8.48467e-19)
(0.927266 1.72193 3.88262e-19)
(1.4443 1.65057 6.97091e-19)
(2.4653 1.52343 -1.99028e-19)
(2.97375 1.95563 8.61771e-19)
(3.17872 2.19713 7.30119e-19)
(3.48831 2.35168 6.71079e-19)
(-0.392154 2.74569 -2.57985e-19)
(-0.221092 2.37781 -5.73464e-19)
(0.0416593 2.35398 5.22157e-19)
(0.332192 2.37892 0)
(0.699089 2.44401 1.02717e-18)
(1.34676 2.4246 -1.22603e-18)
(2.18648 2.64895 0)
(2.74701 2.81919 0)
(3.0016 2.82224 0)
(3.09022 2.89152 7.49058e-19)
(3.1372 2.88603 -2.71218e-18)
(3.25609 2.87377 3.67524e-19)
(-0.3514 3.00946 1.73349e-19)
(-0.0733544 2.72434 0)
(0.380561 2.77288 0)
(0.950696 2.81646 -3.39251e-18)
(1.67604 2.95727 1.16626e-18)
(2.32648 3.06484 -1.97852e-18)
(2.75106 3.07942 1.82035e-18)
(2.99174 3.02081 0)
(3.14092 2.89054 0)
(3.1992 2.809 -1.02816e-18)
(3.26037 2.72399 -1.076e-18)
(3.33867 2.63993 3.7569e-18)
(-0.26756 3.32353 -1.35519e-18)
(0.166457 3.15172 -2.35985e-18)
(0.773213 3.26428 1.95244e-18)
(1.44759 3.34301 -1.66602e-18)
(2.07194 3.38767 3.55831e-18)
(2.51732 3.32684 -3.67577e-18)
(2.78557 3.20954 -2.34036e-18)
(2.94928 3.0655 -5.70036e-18)
(3.05123 2.92725 -2.80299e-19)
(3.10482 2.81647 3.3502e-18)
(3.16042 2.71413 3.71937e-18)
(3.22036 2.61483 -2.97175e-18)
(-0.0390932 3.52424 0)
(0.443885 3.50349 1.18995e-18)
(1.05633 3.60944 -2.58092e-18)
(1.67831 3.62968 3.21066e-18)
(2.18471 3.56052 5.89358e-19)
(2.50977 3.41804 2.24114e-18)
(2.7104 3.2528 2.30926e-18)
(2.83466 3.08822 2.20571e-18)
(2.91657 2.93199 -4.66225e-18)
(2.97635 2.79565 3.97246e-18)
(3.03557 2.67228 -5.37744e-18)
(3.09571 2.55653 7.13803e-18)
(0.181717 3.70011 -4.29975e-18)
(0.677127 3.77341 1.65164e-18)
(1.23439 3.84039 4.75377e-18)
(1.76528 3.79295 0)
(2.16511 3.65588 -7.13485e-18)
(2.42094 3.47385 7.3448e-18)
(2.58722 3.28253 0)
(2.70158 3.09736 -5.44768e-18)
(2.78612 2.92565 4.64929e-18)
(2.85415 2.7728 0)
(2.91821 2.63471 2.65612e-19)
(2.98089 2.50752 4.22434e-18)
(0.382598 3.86406 0)
(0.851071 4.01634 -3.83334e-18)
(1.33225 4.02653 3.52059e-18)
(1.76447 3.92697 0)
(2.08379 3.74602 -4.20771e-18)
(2.30016 3.53434 6.64188e-19)
(2.4526 3.32011 6.00751e-18)
(2.56621 3.1166 5.53318e-18)
(2.65638 2.92933 -4.87076e-18)
(2.73282 2.76058 4.81693e-18)
(2.80324 2.60793 -4.16942e-18)
(2.87043 2.46854 -1.16819e-17)
(0.567943 4.05056 0)
(0.972919 4.25986 3.29458e-18)
(1.36281 4.20471 -4.85096e-18)
(1.70491 4.06312 4.83445e-18)
(1.96798 3.84785 0)
(2.16324 3.60887 -6.28309e-18)
(2.31235 3.37158 6.17112e-18)
(2.43091 3.14784 1.16481e-19)
(2.52918 2.94229 -1.02446e-17)
(2.61407 2.75628 -4.79253e-18)
(2.69091 2.58824 -2.6426e-19)
(2.76258 2.43576 8.60403e-18)
(0.70977 4.22442 0)
(1.04742 4.49696 -3.88757e-18)
(1.33766 4.36892 -5.42851e-18)
(1.60328 4.18518 -3.87716e-18)
(1.82639 3.93953 7.80649e-18)
(2.01009 3.67568 0)
(2.16148 3.41679 0)
(2.28801 3.17363 0)
(2.39573 2.95043 0)
(2.48948 2.74828 4.8607e-18)
(2.57313 2.566 -4.88315e-18)
(2.64952 2.40131 4.67159e-18)
(0.823355 4.49162 0)
(1.03449 4.70626 2.72946e-18)
(1.22763 4.47387 -6.16549e-19)
(1.44464 4.23063 4.46631e-18)
(1.64461 3.95668 4.43349e-18)
(1.82389 3.67557 -7.1115e-18)
(1.98188 3.40509 0)
(2.11964 3.15263 -2.15058e-19)
(2.23958 2.92109 -1.75745e-17)
(2.34455 2.71109 0)
(2.43716 2.52155 1.0908e-17)
(2.52016 2.35026 -5.10413e-18)
(0.97268 4.56383 0)
(0.940417 4.68433 3.14692e-18)
(1.02646 4.36711 9.29464e-18)
(1.20904 4.06729 -7.93784e-18)
(1.39945 3.79091 -1.1126e-17)
(1.58448 3.52188 1.75978e-17)
(1.75606 3.26796 -1.98604e-19)
(1.91052 3.03154 -6.89246e-18)
(2.04716 2.81316 5.63736e-18)
(2.16738 2.61312 -1.19842e-17)
(2.27257 2.43086 -1.66101e-17)
(2.36544 2.26458 1.67831e-17)
(0.393794 4.17959 -1.85994e-18)
(0.563345 4.10594 -1.23792e-17)
(0.691218 3.79967 2.36581e-18)
(0.884997 3.54625 0)
(1.0963 3.34794 0)
(1.30276 3.15281 3.57393e-19)
(1.49436 2.96192 1.85996e-17)
(1.66829 2.77748 1.14882e-17)
(1.82344 2.60069 0)
(1.96085 2.43371 1.08246e-17)
(2.08064 2.27751 0)
(2.18567 2.13144 4.89781e-19)
(3.73687 2.32905 3.41543e-19)
(3.96411 2.28892 -4.36296e-19)
(4.10278 2.15771 -2.73487e-19)
(4.19404 2.01963 -5.58011e-19)
(4.19558 1.84269 -2.74502e-19)
(4.15204 1.6546 0)
(4.01347 1.45327 0)
(3.81221 1.25199 7.89355e-19)
(3.52118 1.04201 -9.26508e-19)
(3.13543 0.799814 0)
(2.70173 0.392562 0)
(2.56866 -0.175972 -5.88866e-20)
(3.34431 2.85374 1.60183e-18)
(3.4511 2.79168 0)
(3.55213 2.69363 -8.98403e-19)
(3.64987 2.56028 4.743e-19)
(3.72763 2.39674 2.82374e-19)
(3.76672 2.23066 2.63412e-18)
(3.75875 2.06796 -4.27766e-18)
(3.69954 1.91947 6.70801e-19)
(3.58543 1.80483 0)
(3.33058 1.69627 0)
(3.05999 1.5641 0)
(3.19599 1.07877 7.1008e-19)
(3.41188 2.5543 1.4968e-18)
(3.49102 2.46339 -4.10608e-18)
(3.56508 2.36473 1.13369e-18)
(3.62797 2.26262 2.73127e-18)
(3.67087 2.16086 -2.7854e-18)
(3.68744 2.06448 0)
(3.67277 1.9843 0)
(3.62717 1.93004 -2.28084e-19)
(3.55849 1.9054 1.08383e-18)
(3.41982 1.89633 0)
(3.19577 1.88833 0)
(3.4058 1.77438 -4.62079e-19)
(3.27792 2.51953 3.32303e-19)
(3.33859 2.42465 4.08037e-18)
(3.39831 2.32878 2.8633e-18)
(3.45182 2.23408 -2.84645e-18)
(3.49393 2.1455 0)
(3.52082 2.06914 1.66599e-18)
(3.52896 2.01268 0)
(3.52173 1.98552 2.47249e-18)
(3.49601 1.98881 -7.56182e-19)
(3.42807 2.04593 0)
(3.2485 2.13258 -5.45806e-19)
(3.54777 2.1931 6.46419e-19)
(3.15578 2.44805 -2.91079e-18)
(3.21692 2.34473 0)
(3.27616 2.24626 0)
(3.33051 2.15489 0)
(3.37756 2.07462 0)
(3.41605 2.01046 -3.02044e-18)
(3.44455 1.97095 -1.36178e-19)
(3.46267 1.96259 -1.36699e-18)
(3.47726 1.99479 0)
(3.47214 2.08308 -1.17172e-18)
(3.3564 2.22871 4.8603e-19)
(3.76873 2.431 -1.65733e-19)
(3.04286 2.39002 -2.32633e-19)
(3.10467 2.28073 -6.94795e-18)
(3.16509 2.17955 3.27518e-18)
(3.22287 2.08823 1.95621e-21)
(3.27724 2.01005 2.14559e-19)
(3.32811 1.94953 4.70384e-18)
(3.37647 1.91283 -1.50712e-19)
(3.42439 1.90699 -5.27474e-18)
(3.47404 1.94284 -2.12294e-18)
(3.52821 2.03708 1.06979e-18)
(3.47455 2.22675 -1.32298e-18)
(3.93636 2.55112 -5.34032e-19)
(2.93567 2.34082 1.11492e-17)
(2.9998 2.22349 3.64462e-18)
(3.06285 2.11637 0)
(3.12496 2.02066 0)
(3.18678 1.93888 2.03716e-19)
(3.24967 1.87477 -3.42705e-18)
(3.31609 1.83344 5.37496e-18)
(3.38962 1.82149 -1.26826e-19)
(3.47379 1.84964 1.82283e-18)
(3.57528 1.93695 0)
(3.59707 2.125 -2.3877e-19)
(4.09417 2.5323 -7.92699e-20)
(2.83077 2.29696 -4.12193e-18)
(2.89691 2.17029 -3.79145e-18)
(2.96204 2.05523 4.06497e-18)
(3.0274 1.95229 -3.80534e-18)
(3.09479 1.86317 9.69441e-22)
(3.16683 1.79055 7.55714e-18)
(3.24749 1.73819 -3.47217e-18)
(3.3424 1.71175 1.96245e-18)
(3.45735 1.72106 0)
(3.60475 1.78627 1.18781e-18)
(3.70443 1.95963 6.05017e-19)
(4.20151 2.41113 -9.12697e-19)
(2.72061 2.25206 4.52436e-18)
(2.78841 2.11619 -4.37977e-18)
(2.8547 1.99267 -4.08932e-18)
(2.92161 1.88123 -8.51246e-18)
(2.9918 1.78262 8.19266e-18)
(3.0689 1.69845 -7.86354e-18)
(3.15831 1.63073 0)
(3.268 1.58339 -1.87305e-18)
(3.40686 1.56381 0)
(3.59431 1.59127 0)
(3.77427 1.72808 0)
(4.25924 2.14854 4.35352e-19)
(2.59544 2.19506 4.94316e-18)
(2.66554 2.05324 -9.92147e-18)
(2.73275 1.9235 9.66664e-18)
(2.79972 1.80481 9.27113e-18)
(2.86963 1.69701 4.47482e-18)
(2.94696 1.60061 0)
(3.0384 1.51554 0)
(3.15369 1.44326 4.35805e-18)
(3.30562 1.38707 0)
(3.5238 1.36271 -1.22372e-18)
(3.76614 1.42488 7.9653e-19)
(4.2465 1.73567 -1.26636e-18)
(2.44731 2.11274 -1.09981e-17)
(2.52124 1.97203 1.01444e-17)
(2.58972 1.84151 -9.90643e-18)
(2.65564 1.71956 -2.48808e-17)
(2.72236 1.60554 -2.45258e-19)
(2.79451 1.49903 1.34106e-19)
(2.88026 1.39774 -4.77165e-18)
(2.98959 1.29997 -4.36758e-18)
(3.13944 1.20276 0)
(3.36813 1.11628 3.69826e-18)
(3.64427 1.05046 9.02799e-19)
(4.11579 1.03528 -1.77943e-18)
(2.27568 1.99542 -4.87115e-19)
(2.35417 1.86527 0)
(2.42348 1.74159 0)
(2.48627 1.62247 4.77563e-18)
(2.54634 1.50726 1.45868e-17)
(2.60784 1.39522 -4.76394e-18)
(2.68004 1.28244 -2.19224e-19)
(2.77093 1.16418 -2.47059e-18)
(2.89987 1.02972 -2.29892e-18)
(3.09518 0.879418 -2.31006e-18)
(3.38136 0.656489 0)
(3.71424 -0.0293484 2.32789e-18)
(2.22091 -0.269159 8.40696e-23)
(1.93185 -0.293566 0)
(1.75901 -0.377329 -1.40402e-19)
(1.65799 -0.492964 0)
(1.58429 -0.613278 -6.26074e-19)
(1.56774 -0.73688 8.46796e-19)
(1.72119 -0.92691 0)
(1.6512 -1.4422 4.73551e-19)
(1.52225 -2.46332 -1.903e-19)
(1.95404 -2.97365 -9.34399e-20)
(2.19637 -3.17823 -7.66726e-19)
(2.35084 -3.48802 -6.7144e-19)
(2.746 0.392239 -3.17239e-19)
(2.37771 0.221191 -1.6854e-19)
(2.35377 -0.04154 5.87987e-19)
(2.37833 -0.331933 0)
(2.4437 -0.698234 -1.02855e-18)
(2.42399 -1.34424 5.30078e-19)
(2.64718 -2.18491 0)
(2.81855 -2.74655 8.72843e-19)
(2.82129 -3.00172 -2.89444e-18)
(2.8908 -3.09063 1.93577e-18)
(2.88546 -3.13744 1.44667e-18)
(2.87322 -3.25626 -3.64639e-18)
(3.00944 0.351848 -1.73319e-19)
(2.72408 0.0741639 0)
(2.77246 -0.379364 -1.71913e-18)
(2.81567 -0.948847 0)
(2.95592 -1.67396 0)
(3.06409 -2.32568 -8.03911e-19)
(3.07874 -2.75096 4.10964e-18)
(3.02062 -2.99202 -2.96924e-18)
(2.8902 -3.14129 1.02876e-18)
(2.80864 -3.19964 0)
(2.72364 -3.26065 2.64371e-18)
(2.6396 -3.3389 -1.59496e-18)
(3.32365 0.268433 8.72646e-19)
(3.15134 -0.165125 1.36573e-18)
(3.26371 -0.771666 1.43133e-18)
(3.3423 -1.44619 2.51318e-18)
(3.38724 -2.07124 -1.64283e-18)
(3.32674 -2.51744 -1.25931e-18)
(3.20937 -2.78599 0)
(3.06541 -2.94971 0)
(2.92706 -3.05171 2.17982e-18)
(2.81624 -3.10528 0)
(2.7139 -3.16076 4.58373e-19)
(2.61459 -3.22063 1.29292e-18)
(3.52448 0.0401064 1.43768e-18)
(3.50332 -0.442511 -9.55154e-19)
(3.60935 -1.05513 -2.585e-18)
(3.62977 -1.67752 0)
(3.56076 -2.18461 0)
(3.41828 -2.5101 3.10018e-18)
(3.25292 -2.7108 0)
(3.08826 -2.83512 -5.25627e-18)
(2.93195 -2.91701 -2.22688e-18)
(2.79554 -2.97674 3.97519e-18)
(2.67214 -3.03587 -5.38078e-18)
(2.55638 -3.09594 3.39215e-18)
(3.70054 -0.180607 -2.41638e-18)
(3.77352 -0.675945 -1.4259e-18)
(3.84073 -1.2335 2.04633e-18)
(3.79344 -1.76486 3.63816e-19)
(3.65639 -2.16517 3.59638e-18)
(3.47424 -2.42123 -7.05168e-18)
(3.28278 -2.58758 6.30942e-18)
(3.0975 -2.70195 6.16435e-19)
(2.92569 -2.78647 0)
(2.77277 -2.85446 0)
(2.63463 -2.91845 8.21999e-18)
(2.50742 -2.98108 5.05468e-20)
(3.86456 -0.381707 -3.83431e-20)
(4.01664 -0.850196 -2.12267e-18)
(4.0271 -1.33164 0)
(3.92762 -1.76421 -4.25399e-18)
(3.74661 -2.08384 4.47554e-18)
(3.5348 -2.30036 1.0821e-17)
(3.32043 -2.45286 6.62437e-18)
(3.11679 -2.5665 8.22797e-19)
(2.92943 -2.65665 -1.02563e-17)
(2.76059 -2.73306 4.48902e-18)
(2.60789 -2.80343 4.78379e-18)
(2.46847 -2.87058 2.53275e-19)
(4.05103 -0.567339 2.09476e-19)
(4.26026 -0.972329 3.2972e-18)
(4.20535 -1.36239 0)
(4.06382 -1.70469 -4.83657e-18)
(3.84847 -1.96797 -3.54055e-18)
(3.60935 -2.16335 6.14551e-19)
(3.37193 -2.31252 -1.16837e-17)
(3.14808 -2.4311 4.06169e-19)
(2.94242 -2.52938 -2.63626e-19)
(2.75633 -2.61425 5.03815e-18)
(2.58824 -2.69107 -4.06604e-18)
(2.43573 -2.7627 2.14178e-19)
(4.22485 -0.709516 -3.45762e-18)
(4.49737 -1.04706 1.55904e-18)
(4.36951 -1.33734 -7.90202e-18)
(4.18582 -1.60308 3.87732e-18)
(3.94011 -1.82632 0)
(3.67616 -2.01012 0)
(3.41715 -2.16157 6.44897e-18)
(3.17389 -2.28813 1.17389e-17)
(2.9506 -2.39586 -5.35191e-18)
(2.74837 -2.48961 -4.86252e-18)
(2.56603 -2.57324 -4.65229e-18)
(2.40131 -2.64961 0)
(4.49197 -0.823395 7.18659e-20)
(4.70649 -1.03425 4.14782e-18)
(4.47428 -1.22736 9.4056e-18)
(4.2311 -1.44443 0)
(3.95713 -1.64447 7.75085e-18)
(3.67596 -1.82382 0)
(3.4054 -1.98188 3.31122e-19)
(3.15287 -2.11968 -5.70565e-18)
(2.92125 -2.23965 6.15422e-18)
(2.71119 -2.34462 0)
(2.5216 -2.43724 0)
(2.35027 -2.52023 -1.05346e-17)
(4.56387 -0.972875 -6.61651e-18)
(4.68439 -0.940261 3.14697e-18)
(4.36727 -1.02624 5.26512e-19)
(4.06751 -1.2088 -8.7475e-18)
(3.79115 -1.39924 -3.44409e-18)
(3.52212 -1.58434 -3.51886e-18)
(3.26817 -1.75598 -6.84297e-18)
(3.0317 -1.91048 -1.92915e-17)
(2.81328 -2.04716 -5.63768e-18)
(2.6132 -2.16741 -1.19855e-17)
(2.43091 -2.27261 1.16107e-17)
(2.2646 -2.36549 1.06595e-17)
(4.17956 -0.393919 3.55904e-18)
(4.10578 -0.563227 -1.42059e-18)
(3.79957 -0.691014 3.52045e-19)
(3.54624 -0.88476 7.39275e-18)
(3.34799 -1.09608 0)
(3.1529 -1.30259 -6.68771e-18)
(2.96202 -1.49424 5.99221e-18)
(2.77757 -1.66822 5.33943e-18)
(2.60076 -1.82341 -1.73535e-17)
(2.43376 -1.96085 1.08246e-17)
(2.27754 -2.08066 -1.05977e-17)
(2.13145 -2.1857 0)
(2.32856 -3.73656 -4.93044e-19)
(2.28841 -3.96389 1.20028e-18)
(2.1574 -4.1026 -9.95182e-19)
(2.01932 -4.1939 -3.30413e-19)
(1.84253 -4.19545 -3.92842e-20)
(1.65444 -4.15193 6.88793e-20)
(1.4532 -4.01338 -1.23584e-19)
(1.25192 -3.81213 -3.05734e-19)
(1.04199 -3.52112 -9.26579e-19)
(0.799794 -3.13537 0)
(0.392547 -2.70169 0)
(-0.176083 -2.56859 -5.89005e-20)
(2.85336 -3.34439 -5.22813e-20)
(2.79136 -3.45113 2.11561e-18)
(2.6934 -3.55212 -8.98361e-19)
(2.56012 -3.64983 0)
(2.3966 -3.72759 1.6926e-18)
(2.23055 -3.76668 0)
(2.06787 -3.75871 1.2774e-18)
(1.91941 -3.69951 2.21677e-18)
(1.80479 -3.5854 -1.89136e-18)
(1.69624 -3.33057 0)
(1.56406 -3.05998 0)
(1.07865 -3.196 -2.6352e-20)
(2.55401 -3.41203 1.07366e-18)
(2.46313 -3.49113 -1.01584e-18)
(2.36451 -3.56515 1.13426e-18)
(2.26244 -3.628 0)
(2.16071 -3.67088 -1.22606e-18)
(2.06436 -3.68744 3.11603e-18)
(1.98421 -3.67276 -4.51102e-18)
(1.92997 -3.62715 -5.08172e-18)
(1.90535 -3.55848 3.04839e-18)
(1.89629 -3.41981 0)
(1.88829 -3.19577 6.00441e-19)
(1.77433 -3.40583 1.50331e-19)
(2.51932 -3.27812 1.25208e-18)
(2.42446 -3.33873 -2.84145e-18)
(2.32862 -3.39839 2.86462e-18)
(2.23394 -3.45186 -2.84771e-18)
(2.14539 -3.49394 0)
(2.06905 -3.52082 1.66658e-18)
(2.01261 -3.52895 1.15055e-18)
(1.98545 -3.52171 6.81871e-19)
(1.98876 -3.496 -1.53538e-18)
(2.04589 -3.42806 0)
(2.13253 -3.24849 -3.51943e-19)
(2.19303 -3.54779 5.81467e-19)
(2.4479 -3.15595 3.25987e-18)
(2.34459 -3.21703 -1.69124e-18)
(2.24613 -3.27623 0)
(2.15478 -3.33054 0)
(2.07453 -3.37757 1.6392e-18)
(2.01037 -3.41605 -1.38152e-18)
(1.97087 -3.44454 -2.47003e-19)
(1.96252 -3.46266 0)
(1.99474 -3.47725 -8.13282e-19)
(2.08304 -3.47214 1.17199e-18)
(2.22866 -3.35639 -1.06386e-18)
(2.43095 -3.76876 -2.67558e-19)
(2.38991 -3.04299 -7.00001e-18)
(2.28063 -3.10475 3.35295e-18)
(2.17945 -3.16514 6.77222e-18)
(2.08813 -3.2229 1.95785e-21)
(2.00996 -3.27725 -8.10165e-18)
(1.94945 -3.32811 -3.44605e-18)
(1.91276 -3.37647 -2.37345e-19)
(1.90693 -3.42439 0)
(1.94278 -3.47404 0)
(2.03703 -3.52821 -1.06992e-18)
(2.22671 -3.47455 -7.7011e-19)
(2.55107 -3.93639 2.3409e-19)
(2.34074 -2.93578 3.80972e-18)
(2.22341 -2.99987 -7.51348e-18)
(2.11629 -3.06289 -3.33908e-18)
(2.02058 -3.12499 -1.93169e-19)
(1.93881 -3.18679 3.22277e-18)
(1.8747 -3.24968 3.19661e-18)
(1.83338 -3.31609 1.81231e-18)
(1.82143 -3.38962 1.77415e-18)
(1.84959 -3.47379 -1.97761e-18)
(1.9369 -3.57529 0)
(2.12497 -3.59707 1.24051e-18)
(2.53228 -4.0942 -3.5708e-19)
(2.29691 -2.83086 0)
(2.17024 -2.89697 3.79303e-18)
(2.05517 -2.96208 0)
(1.95223 -3.02743 -1.93212e-19)
(1.86311 -3.09481 9.73636e-22)
(1.79049 -3.16684 7.55959e-18)
(1.73813 -3.2475 -1.64084e-18)
(1.7117 -3.34241 -3.8302e-18)
(1.721 -3.45736 -2.10834e-18)
(1.78622 -3.60476 1.18799e-18)
(1.95959 -3.70444 -2.31526e-18)
(2.41111 -4.20153 1.1646e-18)
(2.25204 -2.72068 4.52609e-18)
(2.11615 -2.78846 -4.38144e-18)
(1.99262 -2.85474 -4.43317e-18)
(1.88118 -2.92164 4.33508e-18)
(1.78257 -2.99182 4.10088e-18)
(1.6984 -3.06892 -1.20475e-17)
(1.63068 -3.15833 0)
(1.58333 -3.26801 1.87349e-18)
(1.56375 -3.40687 1.93706e-18)
(1.59122 -3.59433 0)
(1.72805 -3.77428 2.83241e-18)
(2.14854 -4.25926 -2.07051e-18)
(2.19505 -2.5955 0)
(2.05322 -2.66558 -9.92462e-18)
(1.92347 -2.73279 -5.1491e-18)
(1.80477 -2.79975 -8.9978e-18)
(1.69696 -2.86966 4.47611e-18)
(1.60057 -2.94699 4.23219e-18)
(1.51549 -3.03843 0)
(1.44321 -3.15371 0)
(1.38702 -3.30564 0)
(1.36266 -3.52382 0)
(1.42485 -3.76615 -7.98939e-19)
(1.73567 -4.2465 -1.03592e-19)
(2.11273 -2.44735 5.36139e-18)
(1.97202 -2.52127 4.91647e-18)
(1.84149 -2.58976 2.03886e-17)
(1.71953 -2.65567 5.23562e-18)
(1.60551 -2.7224 1.96889e-17)
(1.49899 -2.79455 -4.74731e-18)
(1.39769 -2.8803 -4.7726e-18)
(1.29992 -2.98962 0)
(1.2027 -3.13946 -4.56593e-18)
(1.11623 -3.36815 -2.45967e-18)
(1.05043 -3.64429 -1.84977e-18)
(1.03529 -4.11579 -1.10578e-25)
(1.99542 -2.27572 0)
(1.86527 -2.35422 0)
(1.74158 -2.42353 -2.03867e-17)
(1.62245 -2.48632 -1.48569e-17)
(1.50723 -2.54639 -4.70622e-18)
(1.39519 -2.60789 0)
(1.2824 -2.68009 4.74591e-18)
(1.16413 -2.77097 0)
(1.02968 -2.8999 -2.00238e-19)
(0.879369 -3.0952 2.3102e-18)
(0.656461 -3.38137 6.68464e-19)
(-0.0293343 -3.71425 4.60934e-18)
(-0.269325 -2.22095 1.14859e-19)
(-0.293787 -1.9319 1.92534e-19)
(-0.377576 -1.75919 -1.77527e-19)
(-0.493194 -1.65826 1.91745e-20)
(-0.613487 -1.5845 0)
(-0.736961 -1.56818 6.697e-20)
(-0.927477 -1.72183 0)
(-1.44391 -1.65071 4.68737e-19)
(-2.46465 -1.52322 1.17027e-18)
(-2.97345 -1.95515 2.59705e-20)
(-3.17834 -2.19683 4.01978e-19)
(-3.48792 -2.3513 8.37318e-19)
(0.39199 -2.74602 4.33045e-19)
(0.220855 -2.37794 -5.75241e-19)
(-0.0418265 -2.35417 5.56319e-19)
(-0.332202 -2.37905 -3.24109e-20)
(-0.698923 -2.44415 -1.0309e-18)
(-1.34622 -2.42456 -2.05976e-19)
(-2.1859 -2.64857 -9.95904e-19)
(-2.7466 -2.81896 -1.5165e-18)
(-3.00132 -2.82193 2.73179e-18)
(-3.09003 -2.89121 -6.28952e-19)
(-3.13701 -2.88571 7.64879e-19)
(-3.25588 -2.87342 4.58795e-19)
(0.351345 -3.00948 -3.47059e-19)
(0.073395 -2.72434 0)
(-0.380351 -2.77282 0)
(-0.950255 -2.81631 -1.44446e-18)
(-1.67546 -2.95703 0)
(-2.32597 -3.06467 -1.17534e-18)
(-2.75063 -3.07923 6.95442e-19)
(-2.99142 -3.02071 2.55246e-18)
(-3.14065 -2.89038 -1.27091e-18)
(-3.19899 -2.80882 -1.8433e-18)
(-3.26015 -2.72379 -3.72072e-18)
(-3.33845 -2.63972 3.75766e-18)
(0.267599 -3.32355 -1.74737e-18)
(-0.166324 -3.15157 -1.36785e-18)
(-0.772966 -3.26411 2.53049e-18)
(-1.44721 -3.34283 8.45254e-19)
(-2.0715 -3.38754 0)
(-2.51693 -3.32678 -4.49275e-18)
(-2.78528 -3.20944 3.63016e-18)
(-2.94901 -3.06542 0)
(-3.051 -2.92713 3.26073e-18)
(-3.10463 -2.81631 -4.80684e-18)
(-3.16024 -2.71396 3.26164e-18)
(-3.22019 -2.61464 4.40249e-19)
(0.0392133 -3.52425 2.17215e-18)
(-0.443708 -3.50343 2.90919e-18)
(-1.05608 -3.60941 8.37492e-19)
(-1.67795 -3.62968 0)
(-2.18433 -3.56055 -2.78645e-18)
(-2.50945 -3.41807 4.79914e-18)
(-2.71011 -3.25281 0)
(-2.83442 -3.08819 -2.86223e-18)
(-2.91638 -2.93193 -2.66117e-18)
(-2.97619 -2.79555 3.97274e-18)
(-3.03543 -2.67216 0)
(-3.09557 -2.55639 -3.06957e-18)
(-0.181585 -3.70017 1.89417e-18)
(-0.676948 -3.77343 6.63432e-19)
(-1.23414 -3.84047 -2.04475e-18)
(-1.76496 -3.79306 -8.84343e-18)
(-2.16478 -3.65601 -2.90873e-19)
(-2.42065 -3.47396 7.34791e-18)
(-2.58698 -3.2826 0)
(-2.70138 -3.0974 8.23531e-18)
(-2.78597 -2.92566 -4.80672e-18)
(-2.85403 -2.77277 4.2215e-18)
(-2.9181 -2.63465 2.6558e-19)
(-2.98079 -2.50743 -5.04996e-20)
(-0.382519 -3.86414 -1.71012e-18)
(-0.850931 -4.01641 -1.37936e-18)
(-1.33203 -4.02666 0)
(-1.76417 -3.92714 9.16936e-18)
(-2.0835 -3.7462 -1.26395e-17)
(-2.2999 -3.53452 -2.07546e-19)
(-2.4524 -3.32026 -1.26257e-17)
(-2.56606 -3.11671 5.03614e-19)
(-2.65626 -2.9294 -4.87045e-18)
(-2.73273 -2.7606 -4.81662e-18)
(-2.80317 -2.60792 4.78085e-18)
(-2.87037 -2.46849 -3.96014e-18)
(-0.567941 -4.05066 -1.55027e-19)
(-0.972833 -4.25994 -1.7728e-18)
(-1.36262 -4.20485 0)
(-1.70465 -4.06332 4.83272e-18)
(-1.96772 -3.84808 3.3292e-18)
(-2.16301 -3.60909 2.95874e-18)
(-2.31217 -3.37178 -4.92993e-19)
(-2.43078 -3.14801 -1.16479e-19)
(-2.52909 -2.94241 -5.48576e-18)
(-2.61401 -2.75636 -5.75016e-19)
(-2.69087 -2.58828 2.26779e-19)
(-2.76254 -2.43577 0)
(-0.70988 -4.2245 2.14987e-18)
(-1.04736 -4.49702 0)
(-1.33749 -4.36904 0)
(-1.60306 -4.18535 -3.87587e-18)
(-1.82615 -3.93974 3.42532e-18)
(-2.00988 -3.67591 -7.02771e-18)
(-2.16132 -3.41701 0)
(-2.28789 -3.17382 5.74563e-18)
(-2.39564 -2.95058 -2.39689e-19)
(-2.48942 -2.7484 4.86013e-18)
(-2.57309 -2.56608 -5.07091e-18)
(-2.6495 -2.40135 9.72917e-18)
(-0.823474 -4.49164 4.47472e-18)
(-1.03444 -4.70624 -1.41887e-18)
(-1.22748 -4.47391 -5.01067e-18)
(-1.44443 -4.23072 -8.5797e-18)
(-1.64438 -3.95681 0)
(-1.82367 -3.67573 6.44437e-18)
(-1.9817 -3.40526 -1.30128e-17)
(-2.1195 -3.15279 5.77218e-18)
(-2.23948 -2.92123 6.15202e-18)
(-2.34448 -2.7112 0)
(-2.43713 -2.52163 -5.8302e-18)
(-2.52015 -2.35031 -9.82101e-18)
(-0.972824 -4.56378 -6.56505e-18)
(-0.940365 -4.68425 1.4309e-18)
(-1.02632 -4.36705 4.38345e-18)
(-1.20882 -4.06725 3.71449e-18)
(-1.39921 -3.79092 -4.89679e-20)
(-1.58425 -3.52194 -1.08772e-17)
(-1.75586 -3.26804 1.29965e-17)
(-1.91035 -3.03163 2.53655e-17)
(-2.04704 -2.81325 -1.77271e-17)
(-2.16731 -2.6132 -1.19822e-17)
(-2.27254 -2.43093 1.09521e-17)
(-2.36544 -2.26463 0)
(-0.393815 -4.17952 5.49995e-18)
(-0.563239 -4.10577 1.87478e-18)
(-0.691058 -3.7995 2.0136e-18)
(-0.884784 -3.54612 7.94302e-18)
(-1.09606 -3.34786 0)
(-1.30253 -3.15277 6.32993e-18)
(-1.49415 -2.96192 -1.26058e-17)
(-1.66812 -2.77751 -5.58479e-18)
(-1.82332 -2.60073 -5.7129e-18)
(-1.96077 -2.43376 1.08235e-17)
(-2.0806 -2.27756 5.65653e-18)
(-2.18568 -2.13148 1.62445e-17)
(-3.73648 -2.32876 1.50851e-19)
(-3.96372 -2.28861 5.6794e-19)
(-4.10241 -2.15747 3.29454e-19)
(-4.19369 -2.01939 -7.91788e-19)
(-4.19525 -1.8425 2.34745e-19)
(-4.15173 -1.65441 0)
(-4.0132 -1.45313 -4.95459e-19)
(-3.81197 -1.25185 3.7383e-19)
(-3.52099 -1.04191 0)
(-3.13529 -0.799717 1.13549e-19)
(-2.70166 -0.392477 0)
(-2.56857 0.176094 -2.92368e-19)
(-3.34411 -2.85341 -4.15915e-18)
(-3.45088 -2.79136 2.98956e-18)
(-3.5519 -2.69334 2.24724e-18)
(-3.64963 -2.56002 -9.36386e-19)
(-3.72739 -2.39651 0)
(-3.76649 -2.23045 0)
(-3.75854 -2.06777 1.46602e-18)
(-3.69936 -1.9193 -1.58444e-18)
(-3.58528 -1.80467 0)
(-3.33048 -1.69611 5.93768e-19)
(-3.05993 -1.56395 -4.8372e-20)
(-3.19596 -1.07863 -1.07931e-18)
(-3.41166 -2.55409 1.55464e-18)
(-3.49081 -2.46318 -2.66954e-18)
(-3.56486 -2.36452 0)
(-3.62776 -2.26242 -2.76117e-18)
(-3.67067 -2.16066 -2.85788e-18)
(-3.68727 -2.06429 6.1577e-18)
(-3.67262 -1.98411 -5.50723e-18)
(-3.62704 -1.92985 0)
(-3.55839 -1.90521 0)
(-3.41975 -1.89613 0)
(-3.19573 -1.88813 -5.28324e-19)
(-3.40576 -1.77418 1.61482e-19)
(-3.27775 -2.51934 -1.25168e-18)
(-3.33843 -2.42445 -3.77193e-19)
(-3.39816 -2.32858 0)
(-3.45167 -2.23388 -3.53759e-19)
(-3.49379 -2.1453 0)
(-3.5207 -2.06894 0)
(-3.52886 -2.01248 1.30571e-18)
(-3.52164 -1.98531 -1.57424e-18)
(-3.49595 -1.9886 1.68969e-18)
(-3.42801 -2.04571 0)
(-3.24848 -2.13235 -5.45916e-19)
(-3.54774 -2.19286 -6.46613e-19)
(-3.15566 -2.4479 6.78967e-18)
(-3.2168 -2.34456 -1.69035e-18)
(-3.27605 -2.24608 3.04151e-18)
(-3.3304 -2.15471 1.37161e-18)
(-3.37746 -2.07444 -4.66014e-18)
(-3.41596 -2.01026 0)
(-3.44448 -1.97074 -1.59416e-18)
(-3.46261 -1.96237 0)
(-3.47721 -1.99457 0)
(-3.47211 -2.08286 1.172e-18)
(-3.3564 -2.22847 3.22707e-20)
(-3.76869 -2.43075 7.29115e-19)
(-3.04277 -2.38991 -3.261e-18)
(-3.10458 -2.2806 -2.45198e-19)
(-3.16501 -2.1794 0)
(-3.2228 -2.08807 0)
(-3.27718 -2.00987 -5.12561e-18)
(-3.32805 -1.94934 3.23167e-18)
(-3.37643 -1.91263 3.30575e-18)
(-3.42435 -1.90677 1.72961e-18)
(-3.47402 -1.94261 -4.11801e-18)
(-3.52819 -2.03684 -1.06988e-18)
(-3.47456 -2.22651 0)
(-3.93634 -2.55086 8.34172e-19)
(-2.93562 -2.34075 -7.82031e-18)
(-2.99975 -2.22339 3.21817e-18)
(-3.06281 -2.11625 3.55698e-18)
(-3.12493 -2.02052 1.93798e-19)
(-3.18675 -1.93873 -4.00117e-19)
(-3.24965 -1.8746 -3.616e-18)
(-3.31608 -1.83325 -5.27509e-18)
(-3.38961 -1.82129 -1.90235e-18)
(-3.47379 -1.84942 1.82269e-18)
(-3.57528 -1.93672 0)
(-3.59709 -2.12477 2.09749e-18)
(-4.09415 -2.53205 -5.34308e-19)
(-2.83075 -2.29693 8.05602e-18)
(-2.8969 -2.17024 -4.37532e-18)
(-2.96203 -2.05515 -4.06449e-18)
(-3.0274 -1.95219 -7.4166e-18)
(-3.0948 -1.86304 7.28636e-18)
(-3.16683 -1.7904 -1.88813e-19)
(-3.2475 -1.73802 1.09982e-17)
(-3.34242 -1.71156 1.75633e-18)
(-3.45737 -1.72084 2.10765e-18)
(-3.60477 -1.78604 0)
(-3.70446 -1.9594 -1.44008e-18)
(-4.20151 -2.41089 -6.87886e-19)
(-2.72061 -2.25207 0)
(-2.78842 -2.11616 4.19639e-18)
(-2.85473 -1.99262 4.08878e-18)
(-2.92164 -1.88115 -4.17831e-18)
(-2.99184 -1.78252 -1.59238e-19)
(-3.06894 -1.69833 -4.17953e-18)
(-3.15836 -1.63058 -3.77422e-18)
(-3.26804 -1.58321 0)
(-3.4069 -1.56361 -1.93642e-18)
(-3.59434 -1.59105 -1.20559e-18)
(-3.7743 -1.72787 4.63405e-18)
(-4.25925 -2.14833 -9.91593e-19)
(-2.59545 -2.19508 0)
(-2.66557 -2.05324 0)
(-2.7328 -1.92347 0)
(-2.79978 -1.80476 -1.40196e-17)
(-2.8697 -1.69693 8.92383e-18)
(-2.94703 -1.60051 8.61533e-18)
(-3.03848 -1.51541 0)
(-3.15376 -1.44311 -4.35717e-18)
(-3.30569 -1.38689 0)
(-3.52385 -1.36251 -2.49928e-18)
(-3.76618 -1.42468 -7.98835e-19)
(-4.24652 -1.73548 -1.26649e-18)
(-2.44734 -2.11277 0)
(-2.52128 -1.97204 0)
(-2.58979 -1.8415 1.04757e-17)
(-2.65572 -1.71953 1.46543e-17)
(-2.72246 -1.60548 4.03227e-19)
(-2.79461 -1.49895 4.87944e-18)
(-2.88037 -1.39763 -2.33861e-18)
(-2.98969 -1.29984 6.612e-18)
(-3.13953 -1.20259 4.56425e-18)
(-3.3682 -1.11609 2.29551e-18)
(-3.64432 -1.05028 -1.84949e-18)
(-4.11583 -1.03514 -1.95059e-18)
(-2.27572 -1.99545 0)
(-2.35424 -1.86529 0)
(-2.42358 -1.74159 -9.95464e-18)
(-2.48638 -1.62245 5.24161e-18)
(-2.54647 -1.50722 -4.70538e-18)
(-2.60797 -1.39516 -4.76349e-18)
(-2.68018 -1.28235 4.9642e-18)
(-2.77107 -1.16406 0)
(-2.9 -1.02958 -4.51908e-18)
(-3.09529 -0.879263 -2.40257e-18)
(-3.38143 -0.656333 2.29624e-18)
(-3.71429 0.0294398 -4.62825e-18)
(-2.22091 0.269141 1.14438e-19)
(-1.93185 0.293549 0)
(-1.759 0.377318 0)
(-1.65798 0.492958 5.99387e-19)
(-1.58428 0.613268 -6.51531e-19)
(-1.56773 0.736857 0)
(-1.7212 0.926903 0)
(-1.65117 1.44233 4.68005e-19)
(-1.5223 2.46353 1.27746e-18)
(-1.95422 2.9738 9.88916e-19)
(-2.1965 3.17838 -3.65177e-19)
(-2.35101 3.4882 7.30805e-19)
(-2.746 -0.392257 -5.98801e-19)
(-2.3777 -0.221203 0)
(-2.35375 0.0415438 0)
(-2.3783 0.331952 -9.96879e-19)
(-2.44368 0.698268 2.09448e-18)
(-2.42403 1.34434 -2.18444e-18)
(-2.64725 2.18505 8.51782e-19)
(-2.81862 2.74671 7.69617e-19)
(-2.82137 3.00187 -3.91118e-19)
(-2.89089 3.09075 7.49837e-19)
(-2.88556 3.13755 0)
(-2.87334 3.25638 -1.62039e-18)
(-3.00943 -0.351882 3.46547e-19)
(-2.72405 -0.074198 0)
(-2.77242 0.379345 0)
(-2.81563 0.948845 -8.68049e-19)
(-2.95588 1.674 6.08715e-19)
(-3.06407 2.32582 -1.49184e-18)
(-3.07875 2.75115 0)
(-3.02064 2.9922 -3.38019e-18)
(-2.89023 3.14144 3.97513e-18)
(-2.80869 3.19977 -1.02795e-18)
(-2.72371 3.26077 -2.61625e-18)
(-2.63968 3.33901 3.75761e-18)
(-3.32366 -0.268515 -8.725e-19)
(-3.1513 0.165048 1.3655e-18)
(-3.26365 0.771627 0)
(-3.34224 1.44623 8.45249e-19)
(-3.38721 2.07139 -6.35477e-19)
(-3.32673 2.51766 1.25907e-18)
(-3.20938 2.78618 0)
(-3.06543 2.94989 -2.05382e-18)
(-2.92709 3.05185 -5.43908e-18)
(-2.81628 3.1054 3.3518e-18)
(-2.71395 3.16086 3.26287e-18)
(-2.61466 3.22073 -6.3866e-18)
(-3.52451 -0.0402067 1.08372e-18)
(-3.50329 0.442429 -1.19075e-18)
(-3.60931 1.05512 2.58483e-18)
(-3.62974 1.67763 0)
(-3.56075 2.18481 -5.87895e-18)
(-3.41827 2.51031 5.65491e-18)
(-3.25291 2.711 3.08682e-18)
(-3.08827 2.83528 2.2069e-18)
(-2.93196 2.91714 0)
(-2.79557 2.97684 0)
(-2.67217 3.03596 0)
(-2.55642 3.09601 -6.78713e-19)
(-3.70059 0.18049 4.83471e-18)
(-3.7735 0.675877 0)
(-3.84073 1.23353 -2.04623e-18)
(-3.79344 1.765 4.60569e-18)
(-3.65638 2.16537 3.56088e-18)
(-3.47422 2.42144 -7.01413e-18)
(-3.28276 2.58775 3.22921e-18)
(-3.09749 2.70209 -1.12883e-17)
(-2.92569 2.78658 -1.57518e-19)
(-2.77277 2.85454 -4.00178e-19)
(-2.63465 2.91851 2.6579e-19)
(-2.50744 2.98112 1.10173e-17)
(-3.86461 0.381603 -6.10986e-18)
(-4.01665 0.850155 3.83875e-18)
(-4.02713 1.3317 -5.89666e-18)
(-3.92764 1.76436 -4.25382e-18)
(-3.7466 2.08403 -7.89776e-18)
(-3.53477 2.30055 -4.20939e-18)
(-3.32039 2.45301 -6.25533e-18)
(-3.11676 2.56661 1.04034e-17)
(-2.9294 2.65673 0)
(-2.76057 2.73312 9.03552e-18)
(-2.60789 2.80347 -1.26634e-17)
(-2.46847 2.8706 4.23575e-18)
(-4.05107 0.567267 -3.04629e-18)
(-4.26028 0.972315 -5.2286e-18)
(-4.20539 1.36246 7.4591e-18)
(-4.06383 1.70483 0)
(-3.84846 1.96813 -4.14091e-18)
(-3.60932 2.16351 6.28634e-18)
(-3.37188 2.31264 -3.09408e-19)
(-3.14803 2.4312 1.16571e-19)
(-2.94238 2.52944 -5.08515e-18)
(-2.7563 2.61428 -9.55498e-18)
(-2.58821 2.69107 4.27283e-18)
(-2.43571 2.76268 -4.31668e-18)
(-4.2249 0.709458 2.15079e-18)
(-4.49741 1.04708 0)
(-4.36955 1.33741 0)
(-4.18583 1.6032 0)
(-3.9401 1.82645 3.42685e-18)
(-3.67612 2.01024 0)
(-3.4171 2.16167 -3.97836e-19)
(-3.17383 2.2882 1.14208e-17)
(-2.95054 2.3959 2.70304e-19)
(-2.74832 2.48962 4.8624e-18)
(-2.56599 2.57323 -4.88484e-18)
(-2.40127 2.64958 1.44069e-17)
(-4.49201 0.823403 7.18708e-20)
(-4.70652 1.03428 7.53444e-18)
(-4.47431 1.22743 -2.3073e-18)
(-4.23112 1.44453 0)
(-3.95713 1.64459 0)
(-3.67594 1.82393 0)
(-3.40536 1.98197 0)
(-3.15282 2.11975 6.0293e-18)
(-2.9212 2.23968 -2.30642e-17)
(-2.71115 2.34463 -1.1349e-17)
(-2.52156 2.43722 1.09104e-17)
(-2.35024 2.52019 5.8147e-18)
(-4.56389 0.972841 -6.56473e-18)
(-4.68441 0.940285 -4.35259e-18)
(-4.3673 1.02631 -2.61575e-18)
(-4.06755 1.2089 0)
(-3.79117 1.39936 0)
(-3.52213 1.58445 7.30997e-18)
(-3.26817 1.75607 -1.3486e-17)
(-3.03169 1.91055 2.55902e-17)
(-2.81326 2.0472 1.80673e-17)
(-2.61318 2.16742 1.12913e-17)
(-2.43089 2.2726 -1.09545e-17)
(-2.26458 2.36545 6.26931e-19)
(-4.17961 0.393942 -1.85979e-18)
(-4.10586 0.563295 0)
(-3.79967 0.691121 3.85629e-18)
(-3.54635 0.884888 -1.18096e-17)
(-3.3481 1.09621 1.07016e-17)
(-3.15298 1.30271 3.57362e-19)
(-2.96209 1.49434 5.99187e-18)
(-2.77763 1.6683 -5.58492e-18)
(-2.6008 1.82346 -2.84648e-17)
(-2.43379 1.96087 0)
(-2.27756 2.08066 0)
(-2.13147 2.18569 4.89751e-19)
(-2.3287 3.73674 -6.05592e-19)
(-2.28857 3.96407 -4.10027e-19)
(-2.15754 4.10277 -8.33024e-20)
(-2.01945 4.19407 -7.00152e-19)
(-1.84263 4.19561 2.10981e-19)
(-1.65453 4.15208 6.87844e-20)
(-1.45327 4.01352 -4.94957e-19)
(-1.25198 3.81226 1.3308e-18)
(-1.04204 3.52123 -6.60539e-19)
(-0.799833 3.13545 -1.13532e-19)
(-0.392589 2.70175 0)
(0.175972 2.56866 0)
(-2.85348 3.34451 3.70707e-18)
(-2.79148 3.45125 -1.73904e-18)
(-2.69352 3.55223 -8.98349e-19)
(-2.56023 3.64995 0)
(-2.3967 3.72771 -1.40992e-18)
(-2.23065 3.76679 0)
(-2.06796 3.7588 -6.40995e-19)
(-1.91949 3.69959 1.58383e-18)
(-1.80486 3.58547 0)
(-1.6963 3.3306 1.428e-18)
(-1.56414 3.06001 -1.8241e-18)
(-1.07879 3.19602 2.45448e-19)
(-2.55409 3.41213 1.4972e-18)
(-2.46322 3.49123 -4.10743e-18)
(-2.3646 3.56524 1.13408e-18)
(-2.26253 3.62809 0)
(-2.1608 3.67096 1.22587e-18)
(-2.06445 3.68751 3.11561e-18)
(-1.9843 3.67281 -4.27475e-18)
(-1.93005 3.6272 1.98492e-18)
(-1.90543 3.55851 -8.80301e-19)
(-1.89637 3.41984 0)
(-1.88837 3.19577 0)
(-1.77443 3.40582 -1.50309e-19)
(-2.5194 3.2782 -2.95471e-18)
(-2.42454 3.3388 2.47252e-18)
(-2.3287 3.39845 2.8643e-18)
(-2.23403 3.45192 -1.56303e-18)
(-2.14548 3.49399 -2.91967e-18)
(-2.06914 3.52085 0)
(-2.0127 3.52898 1.55624e-19)
(-1.98554 3.52174 3.18656e-18)
(-1.98885 3.49601 -2.44606e-18)
(-2.04598 3.42807 9.50281e-19)
(-2.13263 3.24849 -5.78512e-20)
(-2.19315 3.54779 -5.81382e-19)
(-2.44795 3.156 3.25962e-18)
(-2.34465 3.21707 -1.6911e-18)
(-2.2462 3.27626 3.04272e-18)
(-2.15485 3.33057 -1.63569e-18)
(-2.07461 3.37759 0)
(-2.01046 3.41606 0)
(-1.97097 3.44455 -1.34743e-18)
(-1.96262 3.46266 -3.35814e-18)
(-1.99483 3.47725 1.80219e-18)
(-2.08313 3.47213 1.17168e-18)
(-2.22876 3.35638 -1.06376e-18)
(-2.43106 3.76874 0)
(-2.38994 3.04302 -2.32758e-19)
(-2.28066 3.10477 -6.9508e-18)
(-2.1795 3.16515 0)
(-2.08819 3.2229 3.21676e-18)
(-2.01003 3.27725 -3.20194e-18)
(-1.94953 3.32809 0)
(-1.91285 3.37645 -1.29723e-19)
(-1.90702 3.42437 -1.44498e-19)
(-1.94288 3.47402 0)
(-2.03713 3.52819 -2.33284e-18)
(-2.2268 3.47453 1.0854e-18)
(-2.55117 3.93637 -6.04209e-19)
(-2.34075 2.93578 -4.03474e-18)
(-2.22343 2.99985 1.09459e-17)
(-2.11632 3.06287 0)
(-2.02062 3.12496 -3.48252e-18)
(-1.93887 3.18676 3.4397e-18)
(-1.87477 3.24964 3.41186e-18)
(-1.83345 3.31606 -3.78716e-18)
(-1.82152 3.38959 -1.79967e-18)
(-1.84968 3.47376 0)
(-1.93699 3.57525 -1.48642e-18)
(-2.12505 3.59705 1.47917e-18)
(-2.53235 4.09418 0)
(-2.2969 2.83084 8.26448e-18)
(-2.17024 2.89694 -7.78315e-18)
(-2.05518 2.96203 7.95846e-18)
(-1.95226 3.02737 -7.61036e-18)
(-1.86315 3.09475 9.84814e-22)
(-1.79054 3.16678 3.69262e-18)
(-1.73819 3.24744 3.47284e-18)
(-1.71177 3.34236 0)
(-1.72108 3.45731 -2.10815e-18)
(-1.78631 3.60472 4.77969e-18)
(-1.95966 3.70441 -1.43989e-18)
(-2.41116 4.2015 0)
(-2.25201 2.72064 4.52586e-18)
(-2.11613 2.7884 1.70966e-19)
(-1.99262 2.85468 -4.09055e-18)
(-1.88119 2.92157 0)
(-1.78259 2.99175 0)
(-1.69844 3.06885 0)
(-1.63073 3.15826 0)
(-1.5834 3.26795 -4.1135e-18)
(-1.56383 3.40682 1.93689e-18)
(-1.59129 3.59428 2.82392e-19)
(-1.72811 3.77425 0)
(-2.14857 4.25924 0)
(-2.19502 2.59544 -4.94436e-18)
(-2.0532 2.66552 -1.45614e-17)
(-1.92346 2.73272 0)
(-1.80477 2.79967 4.85909e-18)
(-1.69698 2.86958 9.09749e-18)
(-1.60059 2.94691 0)
(-1.51553 3.03835 0)
(-1.44326 3.15365 1.79792e-18)
(-1.38708 3.30558 -6.5238e-18)
(-1.36272 3.52378 2.26892e-19)
(-1.42489 3.76612 0)
(-1.73568 4.24649 0)
(-2.11272 2.4473 -5.63834e-18)
(-1.972 2.52121 -5.81665e-18)
(-1.84148 2.58969 1.04788e-17)
(-1.71953 2.6556 -1.46588e-17)
(-1.60551 2.72232 5.23688e-18)
(-1.49901 2.79447 9.62781e-18)
(-1.39772 2.88022 -2.4328e-18)
(-1.29996 2.98955 2.12185e-18)
(-1.20275 3.13941 4.28709e-18)
(-1.11628 3.36811 -4.75558e-18)
(-1.05046 3.64426 -1.84971e-18)
(-1.03527 4.11578 0)
(-1.99543 2.27568 -4.87093e-19)
(-1.86527 2.35417 1.01027e-17)
(-1.74158 2.42347 -9.95531e-18)
(-1.62245 2.48625 0)
(-1.50724 2.54632 -9.64637e-18)
(-1.3952 2.60782 -1.47369e-17)
(-1.28242 2.68002 -2.1923e-19)
(-1.16416 2.77092 0)
(-1.02972 2.89986 0)
(-0.879409 3.09518 1.13856e-18)
(-0.656486 3.38137 9.48525e-21)
(0.0293516 3.71426 2.32789e-18)
(0.135824 2.61662 5.70396e-19)
(0.227398 2.7124 2.27954e-18)
(0.423592 2.75202 1.2308e-19)
(0.632356 2.74329 0)
(0.847839 2.70171 5.57675e-18)
(1.05588 2.62662 -5.24493e-18)
(1.25154 2.52937 -1.55779e-17)
(1.43298 2.41907 -1.03681e-17)
(1.5985 2.3023 -8.9146e-21)
(1.74805 2.18434 -4.98217e-18)
(1.87935 2.06823 1.00281e-17)
(1.995 1.95461 -9.62028e-18)
(0.163777 2.21167 0)
(0.292993 2.20155 0)
(0.427879 2.20817 -2.22721e-18)
(0.57105 2.20447 4.52457e-18)
(0.73209 2.19123 -1.12201e-17)
(0.902987 2.16057 -6.77678e-18)
(1.07633 2.11376 8.84203e-18)
(1.24694 2.0546 2.22901e-17)
(1.4096 1.98666 -4.46967e-18)
(1.56157 1.91366 0)
(1.69667 1.83758 2.38486e-19)
(1.81656 1.75861 0)
(0.128115 1.96119 -4.4786e-19)
(0.243098 1.92938 4.60718e-19)
(0.371255 1.90667 3.76418e-18)
(0.504053 1.88348 3.51184e-20)
(0.648707 1.86126 3.83467e-18)
(0.803018 1.83491 -5.91744e-20)
(0.962408 1.80304 0)
(1.12293 1.76617 -3.92817e-18)
(1.27915 1.72468 -4.03016e-18)
(1.42676 1.67974 1.23312e-17)
(1.55631 1.63085 -1.23157e-17)
(1.66815 1.57738 8.47807e-18)
(0.0948171 1.74489 -8.14278e-19)
(0.206973 1.71948 1.65758e-18)
(0.328307 1.69726 2.75652e-20)
(0.454525 1.67694 -3.41013e-18)
(0.591847 1.65879 -6.99582e-18)
(0.740209 1.63977 -4.43596e-20)
(0.89625 1.61765 -7.24171e-18)
(1.05545 1.59085 3.68109e-18)
(1.21075 1.55778 -3.72843e-18)
(1.35424 1.51769 -7.56067e-18)
(1.47225 1.46889 0)
(1.55932 1.41189 7.9589e-18)
(2.09098 1.84518 9.5534e-18)
(2.17125 1.73355 9.8332e-18)
(2.23766 1.62345 0)
(2.29244 1.51276 0)
(2.3403 1.40164 4.63193e-18)
(2.38554 1.28957 -4.53734e-18)
(2.43812 1.17215 2.15347e-18)
(2.50231 1.04343 6.60615e-18)
(2.59639 0.889202 0)
(2.70869 0.697473 0)
(2.90106 0.406384 5.96249e-19)
(2.75755 -0.240727 -1.53681e-18)
(1.91004 1.67886 -9.17121e-18)
(1.98263 1.58704 2.87675e-19)
(2.0363 1.49263 0)
(2.07376 1.39275 -4.37104e-18)
(2.10185 1.28917 -6.8511e-21)
(2.12567 1.18148 4.18921e-18)
(2.1566 1.06577 0)
(2.19675 0.935649 -4.11296e-18)
(2.26544 0.781155 0)
(2.33207 0.585041 -3.9946e-18)
(2.46072 0.350906 -1.92065e-18)
(2.37576 -0.0940516 -1.51972e-26)
(1.73996 1.51949 -2.48584e-19)
(1.78603 1.43871 -8.181e-18)
(1.81105 1.35539 0)
(1.81984 1.26469 8.13441e-18)
(1.82224 1.1699 3.9208e-18)
(1.82477 1.06974 1.32068e-21)
(1.83967 0.960948 -9.43981e-18)
(1.86728 0.835126 1.10883e-17)
(1.92649 0.687574 -1.81125e-18)
(1.98007 0.498336 8.09236e-18)
(2.07993 0.306556 2.55153e-18)
(2.05802 -0.00414786 -4.45811e-19)
(1.57322 1.34879 2.35819e-17)
(1.56322 1.26346 0)
(1.54438 1.18573 0)
(1.5194 1.10546 -7.19509e-18)
(1.50008 1.02616 -7.16406e-18)
(1.49315 0.943347 6.98681e-18)
(1.5085 0.852363 1.35457e-17)
(1.54406 0.741706 -6.62403e-18)
(1.61182 0.60944 3.2884e-18)
(1.67666 0.435496 -3.26171e-18)
(1.76637 0.262556 -1.58542e-18)
(1.79006 0.0310269 -4.00204e-19)
(2.61652 -0.135776 -1.14079e-18)
(2.71229 -0.227307 0)
(2.75192 -0.423438 1.23076e-19)
(2.74325 -0.632175 0)
(2.70171 -0.847662 0)
(2.62665 -1.05572 5.24468e-18)
(2.52941 -1.25142 0)
(2.41911 -1.4329 1.00305e-17)
(2.30234 -1.59846 9.87701e-18)
(2.18438 -1.74804 1.0097e-17)
(2.06826 -1.87937 -4.94068e-18)
(1.95463 -1.99504 -5.06931e-18)
(2.2116 -0.163733 -5.39214e-19)
(2.20148 -0.292898 -5.48616e-19)
(2.20811 -0.427739 -1.10566e-18)
(2.20444 -0.570889 0)
(2.19122 -0.731932 -2.2454e-18)
(2.16058 -0.902846 1.12679e-17)
(2.11379 -1.07623 0)
(2.05463 -1.24687 4.46529e-18)
(1.98669 -1.40957 -4.46945e-18)
(1.91369 -1.56158 -8.8377e-18)
(1.83761 -1.6967 -9.10447e-18)
(1.75864 -1.81662 8.89319e-18)
(1.96112 -0.128077 -8.99353e-19)
(1.92933 -0.243021 1.37755e-18)
(1.90662 -0.371128 -2.81025e-18)
(1.88345 -0.503904 1.90715e-18)
(1.86125 -0.648559 0)
(1.83491 -0.802886 -1.55778e-17)
(1.80305 -0.962309 0)
(1.76619 -1.12287 8.00141e-18)
(1.72471 -1.27914 -4.06525e-18)
(1.67977 -1.42679 8.25204e-18)
(1.63089 -1.55637 4.05735e-18)
(1.57743 -1.66824 -8.47776e-18)
(1.74482 -0.0947962 1.21803e-18)
(1.71941 -0.20691 1.65759e-18)
(1.69719 -0.328188 0)
(1.67689 -0.454382 0)
(1.65875 -0.591703 0)
(1.63976 -0.740084 1.41916e-17)
(1.61767 -0.896164 7.24129e-18)
(1.59089 -1.05542 -1.10093e-17)
(1.55783 -1.21077 1.12139e-17)
(1.51775 -1.35431 -7.56033e-18)
(1.46897 -1.47237 0)
(1.41197 -1.55945 7.70461e-18)
(1.84519 -2.09103 -9.92224e-18)
(1.73355 -2.17131 -9.83339e-18)
(1.62344 -2.23772 9.35188e-18)
(1.51275 -2.29251 -9.58767e-18)
(1.40162 -2.34037 0)
(1.28955 -2.38561 -9.23992e-18)
(1.17212 -2.43819 1.14174e-17)
(1.04339 -2.50237 -2.22186e-18)
(0.889161 -2.59644 4.3488e-18)
(0.697434 -2.70872 -1.11521e-18)
(0.40636 -2.90108 1.13963e-18)
(-0.240707 -2.75756 -7.97231e-19)
(1.67889 -1.91012 8.88624e-18)
(1.58707 -1.98272 8.82238e-18)
(1.49264 -2.0364 0)
(1.39276 -2.07386 4.21597e-18)
(1.28917 -2.10194 8.56185e-18)
(1.18147 -2.12575 4.0646e-18)
(1.06575 -2.15668 -1.65013e-17)
(0.935627 -2.19682 -4.11293e-18)
(0.781127 -2.26549 -4.04067e-18)
(0.585014 -2.33211 -9.981e-19)
(0.350889 -2.46074 9.5618e-19)
(-0.0940397 -2.37577 5.20388e-19)
(1.51954 -1.74007 0)
(1.43875 -1.78614 -1.25794e-17)
(1.35542 -1.81116 4.08948e-18)
(1.26471 -1.81996 4.12384e-18)
(1.16992 -1.82235 7.84293e-18)
(1.06974 -1.82487 -3.83242e-18)
(0.960944 -1.83976 9.30844e-18)
(0.835115 -1.86736 9.23668e-18)
(0.68756 -1.92656 1.79794e-18)
(0.498324 -1.98012 -1.79338e-18)
(0.306551 -2.07995 -4.27487e-19)
(-0.00413264 -2.05803 -3.98555e-21)
(1.34886 -1.57336 0)
(1.26351 -1.56335 -1.56813e-19)
(1.18578 -1.54451 0)
(1.10549 -1.51952 -1.45404e-17)
(1.02618 -1.50019 3.54898e-18)
(0.94336 -1.49325 -1.04623e-17)
(0.852365 -1.50859 0)
(0.741701 -1.54414 -6.62359e-18)
(0.609431 -1.61188 3.26987e-18)
(0.435492 -1.67671 -3.26273e-18)
(0.26256 -1.76638 -1.18645e-18)
(0.0310486 -1.79006 -4.0061e-19)
(-0.135742 -2.61655 -1.14075e-18)
(-0.227305 -2.71234 1.16696e-19)
(-0.423455 -2.75193 0)
(-0.63218 -2.74321 -2.62352e-18)
(-0.847639 -2.70165 5.51974e-18)
(-1.05567 -2.62658 -8.1735e-18)
(-1.25135 -2.52935 -2.12127e-19)
(-1.43283 -2.41907 1.02313e-17)
(-1.59839 -2.30232 -5.04077e-18)
(-1.74799 -2.18437 0)
(-1.87933 -2.06826 -1.97104e-17)
(-1.99503 -1.95465 3.56556e-19)
(-0.163699 -2.21163 1.08454e-18)
(-0.292884 -2.20152 -5.32018e-19)
(-0.427731 -2.20813 4.51429e-18)
(-0.570874 -2.20444 -8.97781e-18)
(-0.7319 -2.1912 4.52329e-18)
(-0.902798 -2.16056 -1.49506e-19)
(-1.07617 -2.11376 0)
(-1.24681 -2.05461 1.34617e-17)
(-1.40952 -1.98667 -4.46924e-18)
(-1.56154 -1.91369 0)
(-1.69669 -1.83761 8.86563e-18)
(-1.81664 -1.75866 -8.89279e-18)
(-0.128048 -1.96114 -4.46716e-19)
(-0.243001 -1.92935 2.30638e-20)
(-0.37111 -1.90663 -3.72525e-18)
(-0.503878 -1.88346 3.78091e-18)
(-0.648522 -1.86125 -3.83438e-18)
(-0.802838 -1.83491 1.1679e-17)
(-0.962257 -1.80304 1.18517e-17)
(-1.12282 -1.76619 -3.92781e-18)
(-1.2791 -1.72471 4.07645e-18)
(-1.42678 -1.67978 0)
(-1.55638 -1.63091 -8.36504e-18)
(-1.66828 -1.57745 0)
(-0.0947662 -1.74482 -1.62851e-18)
(-0.206885 -1.71942 -3.29916e-18)
(-0.328165 -1.6972 3.37671e-18)
(-0.454354 -1.6769 -1.7055e-18)
(-0.591666 -1.65876 3.4827e-18)
(-0.740039 -1.63977 -1.23886e-17)
(-0.896116 -1.61768 -7.19572e-18)
(-1.05538 -1.5909 7.34872e-18)
(-1.21075 -1.55785 -1.11671e-17)
(-1.35432 -1.51778 0)
(-1.47241 -1.469 7.66309e-18)
(-1.55953 -1.41201 -1.56628e-17)
(-2.09104 -1.84522 1.47994e-17)
(-2.17135 -1.73358 -4.83028e-18)
(-2.23778 -1.62346 0)
(-2.29258 -1.51276 -9.22542e-18)
(-2.34046 -1.40161 0)
(-2.38571 -1.28953 0)
(-2.43829 -1.17208 -4.41939e-18)
(-2.50249 -1.04333 0)
(-2.59656 -0.88908 0)
(-2.70886 -0.697343 -4.46724e-20)
(-2.9012 -0.406257 2.30463e-18)
(-2.7577 0.240818 1.59443e-18)
(-1.91015 -1.67892 -8.88581e-18)
(-1.98277 -1.58709 0)
(-2.03646 -1.49266 0)
(-2.07394 -1.39277 -4.37072e-18)
(-2.10203 -1.28917 4.27717e-18)
(-2.12587 -1.18145 0)
(-2.15681 -1.06571 -6.28103e-18)
(-2.19697 -0.935568 -2.03009e-18)
(-2.26566 -0.781049 0)
(-2.3323 -0.584927 -1.02259e-18)
(-2.46093 -0.350788 -2.39147e-18)
(-2.37596 0.0941546 -5.18314e-19)
(-1.74012 -1.51957 8.51431e-18)
(-1.78621 -1.43878 -4.15426e-18)
(-1.81124 -1.35544 -8.3095e-18)
(-1.82005 -1.26472 4.01133e-18)
(-1.82247 -1.16992 -7.93963e-18)
(-1.82502 -1.06973 0)
(-1.83993 -0.960908 1.49943e-17)
(-1.86756 -0.835059 0)
(-1.92677 -0.687482 1.82508e-18)
(-1.98035 -0.498239 8.96096e-19)
(-2.0802 -0.306449 1.27944e-18)
(-2.05827 0.00424785 -2.21963e-22)
(-1.57344 -1.34892 -7.75288e-18)
(-1.56344 -1.26357 0)
(-1.54461 -1.18582 7.35932e-18)
(-1.51965 -1.10553 -1.09865e-17)
(-1.50036 -1.0262 1.77501e-17)
(-1.49345 -0.943359 -6.98604e-18)
(-1.50882 -0.852341 -1.35442e-17)
(-1.5444 -0.741653 0)
(-1.61216 -0.609356 0)
(-1.67699 -0.435403 0)
(-1.76668 -0.262458 -1.58243e-18)
(-1.79034 -0.0309314 -1.20591e-18)
(-2.61671 0.135872 -5.35376e-20)
(-2.71251 0.227428 5.9365e-19)
(-2.75215 0.423578 0)
(-2.74347 0.632325 5.52963e-18)
(-2.70191 0.84781 -2.63235e-18)
(-2.62683 1.05586 -7.9299e-18)
(-2.52957 1.25154 -5.21068e-18)
(-2.41925 1.433 5.12301e-18)
(-2.30246 1.59854 9.87641e-18)
(-2.18448 1.7481 1.00964e-17)
(-2.06834 1.87939 -1.00272e-17)
(-1.95469 1.99504 -9.61947e-18)
(-2.21182 0.163843 -1.65951e-26)
(-2.20172 0.293019 2.22528e-18)
(-2.20836 0.42787 4.51434e-18)
(-2.20469 0.571028 0)
(-2.19146 0.732074 4.52336e-18)
(-2.16082 0.902986 0)
(-2.11401 1.07636 4.46673e-18)
(-2.05484 1.24699 -6.40098e-21)
(-1.98688 1.40966 -1.34791e-17)
(-1.91386 1.56164 -8.83718e-18)
(-1.83775 1.69675 8.8654e-18)
(-1.75875 1.81664 9.15584e-18)
(-1.96137 0.12819 4.51445e-19)
(-1.92958 0.24315 -4.58359e-18)
(-1.90686 0.371268 -6.55015e-18)
(-1.8837 0.50405 -1.89927e-18)
(-1.8615 0.648706 -1.15583e-17)
(-1.83516 0.803029 5.87411e-18)
(-1.80329 0.962442 4.86931e-21)
(-1.76643 1.12299 3.9888e-18)
(-1.72493 1.27922 -1.06719e-19)
(-1.67997 1.42684 0)
(-1.63106 1.55639 0)
(-1.57755 1.66823 2.19472e-19)
(-1.74509 0.0949057 4.10522e-19)
(-1.71967 0.207036 1.64159e-18)
(-1.69744 0.328326 3.34905e-18)
(-1.67713 0.454528 -3.43593e-18)
(-1.65898 0.591852 1.39435e-17)
(-1.63998 0.740226 -7.0734e-18)
(-1.61788 0.896287 0)
(-1.59108 1.05551 7.37098e-18)
(-1.55801 1.21081 7.43902e-18)
(-1.5179 1.3543 0)
(-1.46909 1.47231 0)
(-1.41206 1.55936 -2.33666e-17)
(-1.84523 2.09101 9.55267e-18)
(-1.73358 2.17127 -9.83252e-18)
(-1.62347 2.23768 -1.44972e-17)
(-1.51277 2.29246 -7.27558e-21)
(-1.40164 2.34031 9.38985e-18)
(-1.28957 2.38556 2.26856e-17)
(-1.17215 2.43814 4.4197e-18)
(-1.04342 2.50234 -4.5285e-18)
(-0.889192 2.59642 0)
(-0.697463 2.70873 -4.46819e-20)
(-0.406379 2.9011 0)
(0.240742 2.7576 -7.97246e-19)
(-1.67897 1.91011 0)
(-1.58712 1.98269 -2.87648e-19)
(-1.49268 2.03636 8.72045e-18)
(-1.39279 2.07381 -1.32354e-17)
(-1.2892 2.1019 -1.28151e-17)
(-1.1815 2.12573 -8.25335e-18)
(-1.06578 2.15666 1.04315e-17)
(-0.935651 2.19682 6.10515e-18)
(-0.781151 2.2655 -4.04068e-18)
(-0.585033 2.33214 1.97374e-18)
(-0.3509 2.46078 0)
(0.0940815 2.37584 0)
(-1.51963 1.74004 -8.51387e-18)
(-1.43881 1.7861 4.02605e-18)
(-1.35547 1.81112 -4.21686e-18)
(-1.26475 1.81992 3.89664e-18)
(-1.16995 1.82233 1.16572e-17)
(-1.06977 1.82487 0)
(-0.96097 1.83978 1.40252e-19)
(-0.835139 1.86739 -3.66009e-18)
(-0.68758 1.92659 -2.73017e-20)
(-0.498336 1.98017 -3.59907e-18)
(-0.306552 2.08001 4.27506e-19)
(0.0041731 2.05811 -4.46035e-19)
(-1.34893 1.57327 -8.07405e-18)
(-1.26357 1.56328 0)
(-1.18583 1.54446 7.35939e-18)
(-1.10553 1.5195 -1.09868e-17)
(-1.02622 1.5002 3.56231e-18)
(-0.943392 1.49328 0)
(-0.852394 1.50864 9.82537e-20)
(-0.741728 1.54419 6.69234e-18)
(-0.609454 1.61194 3.27006e-18)
(-0.435507 1.67678 -1.23112e-21)
(-0.26256 1.76646 0)
(-0.0310136 1.79017 8.03138e-19)
(0.0813331 1.54034 1.14746e-18)
(0.191949 1.54055 2.17972e-20)
(0.316064 1.54292 -4.99565e-18)
(0.449842 1.54906 0)
(0.597612 1.55512 7.86859e-18)
(0.755382 1.55583 1.86588e-17)
(0.915696 1.54638 2.67401e-17)
(1.06867 1.52248 0)
(1.20161 1.48159 0)
(1.30049 1.42354 -5.38346e-18)
(1.35058 1.35097 5.34163e-18)
(1.34124 1.27118 -2.14557e-17)
(0.0779599 1.36135 -5.8437e-19)
(0.18914 1.37979 1.85159e-18)
(0.311909 1.39898 -6.40666e-18)
(0.445671 1.42034 0)
(0.591307 1.43794 1.08524e-17)
(0.742779 1.44541 -1.08531e-17)
(0.890267 1.43692 -5.42845e-18)
(1.0214 1.40813 6.48053e-21)
(1.12187 1.35711 -5.52609e-18)
(1.17844 1.28674 0)
(1.18155 1.20605 0)
(1.12956 1.12783 2.278e-17)
(0.0857107 1.19705 0)
(0.195091 1.22425 -2.45436e-18)
(0.314845 1.25056 5.12208e-18)
(0.44443 1.27607 2.67745e-18)
(0.581651 1.29441 -1.65514e-17)
(0.718426 1.29959 8.4287e-18)
(0.843402 1.28652 -1.71543e-17)
(0.943579 1.25224 5.81675e-18)
(1.00615 1.19702 1.38143e-20)
(1.02265 1.1264 2.91922e-20)
(0.989996 1.05295 -3.23246e-17)
(0.920575 0.998929 -2.67402e-17)
(0.0970907 1.04043 0)
(0.202059 1.06874 4.93339e-18)
(0.315526 1.09423 0)
(0.435992 1.116 1.07584e-17)
(0.558884 1.12824 0)
(0.674731 1.12605 5.84872e-18)
(0.771519 1.10572 2.40326e-17)
(0.836763 1.06556 -6.28113e-18)
(0.860018 1.00619 0)
(0.837834 0.93114 0)
(0.771218 0.84932 -8.35366e-18)
(0.695001 0.823575 8.2627e-18)
(1.25451 1.1815 -2.15308e-17)
(1.20625 1.07504 -5.32726e-18)
(1.17267 1.01113 2.65024e-17)
(1.14951 0.946066 -1.54982e-17)
(1.15045 0.885787 1.98838e-17)
(1.17636 0.820004 -1.92724e-17)
(1.22961 0.741093 -2.33095e-17)
(1.30443 0.638104 0)
(1.39545 0.509155 -4.40863e-18)
(1.47637 0.348766 0)
(1.54685 0.190586 0)
(1.5629 0.0186644 -1.1128e-18)
(0.995573 1.03823 0)
(0.948255 0.909742 0)
(0.923966 0.857908 -2.03192e-17)
(0.912422 0.807051 4.91322e-18)
(0.929115 0.760628 4.76617e-18)
(0.971047 0.708128 -5.16966e-20)
(1.03731 0.641881 1.12049e-17)
(1.12008 0.553026 6.64186e-18)
(1.20949 0.439977 0)
(1.2853 0.302253 0)
(1.34154 0.165626 -5.43257e-19)
(1.36112 0.0237407 2.79761e-18)
(0.746031 0.941702 0)
(0.724526 0.783866 -5.35094e-18)
(0.72362 0.7413 -1.5181e-17)
(0.728828 0.701907 1.94223e-17)
(0.759307 0.662583 1.87823e-17)
(0.810964 0.615242 4.53435e-18)
(0.881472 0.553753 -6.67726e-18)
(0.962624 0.472053 -6.52994e-18)
(1.04421 0.370065 8.70364e-18)
(1.11104 0.250555 0)
(1.15865 0.132458 5.47475e-19)
(1.18227 0.0127953 1.70403e-18)
(0.50731 0.849948 -3.46627e-17)
(0.52634 0.65944 -2.34954e-17)
(0.557967 0.632038 2.06847e-17)
(0.580866 0.60761 -2.43642e-17)
(0.621188 0.575468 4.75957e-18)
(0.677173 0.532424 0)
(0.746371 0.475027 -2.25644e-18)
(0.821386 0.39994 3.84503e-21)
(0.893398 0.308422 -6.52389e-18)
(0.95148 0.204409 0)
(0.993275 0.101378 -3.87541e-18)
(1.0191 -0.00284227 -5.13123e-18)
(1.54025 -0.0813119 -2.30407e-18)
(1.54045 -0.191873 -2.39313e-18)
(1.54284 -0.315945 0)
(1.54901 -0.449716 0)
(1.55511 -0.597501 7.97611e-18)
(1.55586 -0.755311 -7.93295e-18)
(1.54645 -0.915684 1.04232e-19)
(1.52258 -1.06872 1.59774e-17)
(1.48171 -1.20172 -5.24056e-18)
(1.42367 -1.30065 5.38274e-18)
(1.35109 -1.35075 -2.68348e-17)
(1.27128 -1.3414 0)
(1.36126 -0.0779453 1.75086e-18)
(1.37968 -0.189082 1.84131e-18)
(1.39891 -0.311821 -5.12595e-18)
(1.42031 -0.445583 -2.65564e-18)
(1.43796 -0.591244 -8.04092e-18)
(1.44549 -0.742763 0)
(1.43705 -0.890313 -1.64035e-17)
(1.40829 -1.02152 -5.53437e-18)
(1.35728 -1.12203 -1.10209e-17)
(1.28691 -1.17862 0)
(1.2062 -1.18173 2.26414e-17)
(1.12795 -1.12971 0)
(1.19696 -0.0857052 1.18305e-18)
(1.22415 -0.195052 -4.92208e-18)
(1.2505 -0.31479 5.12154e-18)
(1.27606 -0.444384 2.67711e-18)
(1.29446 -0.581637 -5.53138e-18)
(1.2997 -0.718466 2.81537e-18)
(1.28667 -0.843502 0)
(1.25243 -0.943732 5.77382e-18)
(1.19722 -1.00634 5.95883e-18)
(1.12659 -1.02284 6.20184e-18)
(1.05312 -0.990161 -3.23186e-17)
(0.999065 -0.920707 0)
(1.04036 -0.0970957 -2.36759e-18)
(1.06867 -0.202041 7.38965e-18)
(1.0942 -0.315504 0)
(1.11601 -0.435986 -1.07569e-17)
(1.1283 -0.558917 0)
(1.12617 -0.674816 -5.84799e-18)
(1.10589 -0.771658 -6.02289e-18)
(1.06575 -0.836941 3.13693e-17)
(1.0064 -0.860208 9.27219e-21)
(0.93134 -0.838009 -7.31465e-18)
(0.84949 -0.771354 3.36692e-17)
(0.823701 -0.695096 -3.28384e-17)
(1.18158 -1.25466 0)
(1.07511 -1.20638 -1.07083e-17)
(1.01119 -1.1728 0)
(0.946104 -1.14962 5.09863e-18)
(0.885811 -1.15055 4.99614e-18)
(0.820015 -1.17644 2.40544e-17)
(0.741095 -1.22966 7.01706e-18)
(0.638101 -1.30446 -2.27236e-18)
(0.509154 -1.39547 4.45321e-18)
(0.348775 -1.47636 -3.34121e-20)
(0.190608 -1.54683 2.14382e-18)
(0.0186965 -1.56288 0)
(1.03833 -0.995705 5.6958e-18)
(0.909812 -0.948373 -1.06672e-17)
(0.857963 -0.924071 5.07249e-18)
(0.807092 -0.912508 0)
(0.760654 -0.92918 9.54271e-18)
(0.708141 -0.971092 -9.21139e-18)
(0.641883 -1.03734 -1.79779e-17)
(0.553024 -1.12009 0)
(0.439975 -1.20948 -4.32714e-18)
(0.30226 -1.28527 -3.85544e-20)
(0.165646 -1.34151 -5.43162e-19)
(0.0237708 -1.3611 5.61414e-19)
(0.941806 -0.746138 0)
(0.783935 -0.724622 -8.31125e-20)
(0.741356 -0.723702 -2.02115e-17)
(0.70195 -0.72889 1.94167e-17)
(0.662613 -0.759347 -9.35338e-18)
(0.615258 -0.810983 -4.54758e-18)
(0.553759 -0.881471 1.10838e-17)
(0.472054 -0.962606 8.77015e-18)
(0.370066 -1.04418 2.17259e-18)
(0.250563 -1.111 4.32681e-18)
(0.132478 -1.15861 0)
(0.0128235 -1.18224 1.13551e-18)
(0.850054 -0.507382 -3.46566e-17)
(0.659506 -0.52641 1.74545e-17)
(0.632091 -0.558025 4.66051e-17)
(0.607654 -0.580906 -2.43564e-17)
(0.575502 -0.621208 -1.41214e-17)
(0.532445 -0.677173 -1.37081e-17)
(0.475039 -0.746355 -4.45244e-18)
(0.399945 -0.821357 -8.7543e-18)
(0.308426 -0.89336 0)
(0.204419 -0.951438 1.09052e-18)
(0.101396 -0.993235 -1.10657e-18)
(-0.00281554 -1.01907 -2.27971e-18)
(-0.0812792 -1.54025 2.29461e-18)
(-0.191845 -1.54045 2.39284e-18)
(-0.315915 -1.54284 -4.99482e-18)
(-0.449679 -1.54902 0)
(-0.597456 -1.55511 2.63201e-18)
(-0.755262 -1.55587 8.04089e-18)
(-0.915643 -1.54647 0)
(-1.06871 -1.52262 1.07233e-17)
(-1.20174 -1.48176 0)
(-1.30072 -1.42373 2.68484e-17)
(-1.35086 -1.35118 -1.07428e-17)
(-1.34154 -1.27139 2.67974e-17)
(-0.0779131 -1.36125 -5.84263e-19)
(-0.18905 -1.37968 3.06672e-18)
(-0.311787 -1.39891 -5.12539e-18)
(-0.445545 -1.42031 -8.03006e-18)
(-0.591201 -1.43797 -1.10699e-20)
(-0.742724 -1.44551 -1.35848e-17)
(-0.890292 -1.43708 -1.65027e-17)
(-1.02153 -1.40834 -1.64812e-17)
(-1.1221 -1.35736 -2.21783e-17)
(-1.17874 -1.287 -2.23442e-17)
(-1.1819 -1.20632 0)
(-1.12991 -1.1281 0)
(-0.0856729 -1.19694 2.36573e-18)
(-0.195017 -1.22415 -3.68212e-18)
(-0.314753 -1.2505 6.40845e-18)
(-0.444345 -1.27607 -6.79948e-20)
(-0.581599 -1.29446 1.1089e-17)
(-0.718438 -1.29972 5.65408e-18)
(-0.843502 -1.28671 1.70874e-17)
(-0.943776 -1.25248 4.06887e-17)
(-1.00644 -1.1973 1.78314e-17)
(-1.023 -1.12669 -2.47461e-17)
(-0.990375 -1.05326 0)
(-0.920943 -0.999237 0)
(-0.0970636 -1.04034 -4.73437e-18)
(-0.202004 -1.06866 1.2286e-18)
(-0.315466 -1.0942 -1.28595e-18)
(-0.435949 -1.11601 1.33893e-17)
(-0.558885 -1.12832 -1.40632e-17)
(-0.674802 -1.12619 -5.77262e-18)
(-0.771677 -1.10593 1.71386e-20)
(-0.837009 -1.0658 6.31978e-18)
(-0.860338 -1.00647 -2.66625e-17)
(-0.838199 -0.931424 2.92802e-17)
(-0.771587 -0.849601 -3.35791e-17)
(-0.695344 -0.82388 0)
(-1.25479 -1.18169 -2.16517e-17)
(-1.20654 -1.07519 -5.32578e-18)
(-1.17299 -1.01126 5.29048e-18)
(-1.14984 -0.946165 -5.23997e-18)
(-1.15081 -0.885853 -4.90881e-18)
(-1.17673 -0.820032 -9.77598e-20)
(-1.22997 -0.741084 1.15886e-17)
(-1.30478 -0.638063 -2.27195e-18)
(-1.39578 -0.509091 0)
(-1.47667 -0.348698 0)
(-1.54713 -0.190517 2.14338e-18)
(-1.56316 -0.0185892 2.21203e-18)
(-0.995869 -1.03848 4.55678e-17)
(-0.948565 -0.909925 0)
(-0.924302 -0.858062 0)
(-0.912774 -0.807171 9.82841e-18)
(-0.929476 -0.760711 -4.78586e-18)
(-0.971407 -0.708171 4.585e-18)
(-1.03766 -0.641884 0)
(-1.12041 -0.552995 -6.64486e-18)
(-1.20979 -0.439921 -2.17883e-18)
(-1.28557 -0.302188 4.34754e-18)
(-1.34179 -0.165559 -2.72364e-18)
(-1.36135 -0.0236691 -5.56381e-19)
(-0.746311 -0.941993 -2.57343e-17)
(-0.72483 -0.784058 1.60623e-17)
(-0.723952 -0.741455 5.03414e-18)
(-0.729169 -0.702028 4.84427e-18)
(-0.759649 -0.662668 4.66533e-18)
(-0.811296 -0.615288 0)
(-0.881786 -0.553762 2.21848e-18)
(-0.962912 -0.47203 4.34336e-18)
(-1.04447 -0.370019 2.17224e-18)
(-1.11126 -0.2505 -4.3261e-18)
(-1.15884 -0.1324 2.18414e-18)
(-1.18244 -0.0127346 -1.13534e-18)
(-0.50754 -0.850263 3.46527e-17)
(-0.526612 -0.659619 -2.32974e-17)
(-0.558272 -0.632179 -5.17837e-18)
(-0.581176 -0.607721 1.87652e-22)
(-0.621494 -0.575548 -1.41195e-17)
(-0.677464 -0.532469 -4.55576e-18)
(-0.746641 -0.47504 1.3363e-17)
(-0.821629 -0.399923 0)
(-0.893609 -0.308385 8.73902e-18)
(-0.951658 -0.204363 0)
(-0.993424 -0.10133 -4.42563e-18)
(-1.01922 0.00288928 2.2794e-18)
(-1.5405 0.0814096 1.16544e-18)
(-1.54068 0.191985 0)
(-1.54304 0.316063 5.04124e-18)
(-1.54919 0.449832 5.16566e-18)
(-1.55526 0.597601 -1.04987e-17)
(-1.55598 0.755378 5.38898e-18)
(-1.54654 0.915701 1.07475e-17)
(-1.52264 1.06868 5.13904e-20)
(-1.48174 1.20161 5.3857e-18)
(-1.42368 1.30048 -1.60841e-17)
(-1.3511 1.35057 -5.34087e-18)
(-1.2713 1.34125 2.14528e-17)
(-1.36147 0.0780304 -1.74817e-18)
(-1.37986 0.189173 -6.12741e-19)
(-1.39905 0.31191 -5.08314e-18)
(-1.42041 0.445658 0)
(-1.43802 0.591287 -1.35472e-17)
(-1.4455 0.742756 -8.11757e-18)
(-1.43701 0.890242 9.99846e-20)
(-1.40822 1.02137 5.508e-18)
(-1.35719 1.12183 -1.65472e-17)
(-1.28683 1.17839 2.23464e-17)
(-1.20614 1.18151 0)
(-1.12791 1.12954 2.2778e-17)
(-1.19711 0.0857716 -2.95431e-18)
(-1.22427 0.195115 6.16564e-19)
(-1.25057 0.31484 0)
(-1.27608 0.444407 -1.07567e-17)
(-1.29443 0.581616 1.3777e-17)
(-1.29962 0.718383 1.40627e-17)
(-1.28655 0.84335 -1.70878e-17)
(-1.25228 0.943518 -2.32855e-17)
(-1.19707 1.00608 -2.38715e-17)
(-1.12645 1.02258 3.09518e-17)
(-1.05301 0.989943 -6.44746e-18)
(-0.998981 0.920547 -5.34439e-17)
(-1.04045 0.0971404 4.14294e-18)
(-1.06872 0.202073 6.16576e-19)
(-1.09421 0.315513 0)
(-1.11596 0.435959 1.33883e-17)
(-1.12821 0.558837 -1.18627e-20)
(-1.12603 0.674671 -2.87697e-18)
(-1.10572 0.771448 0)
(-1.06556 0.836685 6.23361e-18)
(-1.00621 0.859938 1.99857e-17)
(-0.931177 0.837762 -3.12749e-20)
(-0.849363 0.771162 3.35874e-17)
(-0.823602 0.694962 6.60117e-17)
(-1.18161 1.25456 2.15276e-17)
(-1.07514 1.20633 5.32654e-18)
(-1.01122 1.17278 -5.29153e-18)
(-0.946139 1.14963 1.02552e-17)
(-0.885846 1.15058 0)
(-0.820049 1.1765 1.44828e-17)
(-0.741127 1.22974 -2.09819e-17)
(-0.638131 1.30456 -1.12926e-17)
(-0.509176 1.39557 0)
(-0.348784 1.47648 4.35474e-18)
(-0.190597 1.54696 0)
(-0.0186594 1.563 -1.1043e-18)
(-1.03831 0.995609 0)
(-0.909826 0.948323 0)
(-0.857985 0.924056 0)
(-0.807116 0.912528 -4.91883e-18)
(-0.760681 0.92923 8.81664e-21)
(-0.708169 0.971168 -4.58676e-18)
(-0.641913 1.03743 8.95854e-18)
(-0.553053 1.12021 -8.84984e-18)
(-0.440001 1.20961 0)
(-0.302276 1.28541 3.2673e-18)
(-0.165645 1.34165 1.63214e-18)
(-0.0237461 1.36124 -5.61557e-19)
(-0.941746 0.746061 0)
(-0.783924 0.724582 1.60677e-17)
(-0.741359 0.723695 -1.04032e-20)
(-0.701958 0.728917 3.51564e-22)
(-0.662626 0.759406 4.68866e-18)
(-0.615275 0.811071 4.57465e-18)
(-0.553781 0.881583 6.6663e-18)
(-0.472078 0.962736 4.34519e-18)
(-0.370089 1.04432 2.17317e-18)
(-0.250579 1.11114 -4.32799e-18)
(-0.132481 1.15875 -2.19722e-18)
(-0.0128089 1.18237 0)
(-0.849958 0.507335 8.53045e-18)
(-0.659475 0.526386 -5.67715e-18)
(-0.632078 0.558027 0)
(-0.607646 0.580939 0)
(-0.575498 0.621272 -4.69799e-18)
(-0.532448 0.677266 1.69893e-20)
(-0.475049 0.74647 -1.33689e-17)
(-0.399961 0.821488 0)
(-0.308445 0.8935 -8.74292e-18)
(-0.204435 0.951578 0)
(-0.101404 0.993368 -2.22203e-18)
(0.00282065 1.01919 0)
(0.107864 0.888664 -1.1875e-18)
(0.206016 0.912572 -4.90533e-18)
(0.310114 0.931518 0)
(0.417441 0.94424 -1.06901e-17)
(0.521636 0.94601 -2.82006e-18)
(0.612187 0.933358 -1.50014e-17)
(0.67657 0.903969 6.40062e-18)
(0.701853 0.856591 0)
(0.675914 0.790268 0)
(0.589333 0.703493 9.25962e-18)
(0.411574 0.574718 3.94868e-17)
(0.166156 0.438193 0)
(0.115613 0.741756 1.18884e-18)
(0.204908 0.757697 0)
(0.297225 0.766597 -1.01752e-17)
(0.388678 0.767364 2.65752e-18)
(0.471573 0.756579 -2.83304e-18)
(0.534622 0.73257 1.82031e-17)
(0.564795 0.694681 1.32845e-17)
(0.54829 0.642846 -7.53001e-18)
(0.470365 0.576512 0)
(0.317251 0.498541 0)
(0.0413521 0.384701 0)
(-0.2676 0.360808 0)
(0.119104 0.601052 -1.19926e-18)
(0.197997 0.607162 -6.14323e-18)
(0.276945 0.604513 1.14065e-17)
(0.351102 0.592486 0)
(0.411933 0.569253 0)
(0.447894 0.535296 -5.46702e-17)
(0.446088 0.492373 3.36084e-17)
(0.393426 0.443339 0)
(0.277666 0.391404 -9.41007e-18)
(0.0945295 0.347597 2.5208e-17)
(-0.145657 0.307196 -2.155e-17)
(-0.330279 0.330126 0)
(0.117947 0.468393 1.21377e-18)
(0.185487 0.46411 4.95116e-18)
(0.250326 0.449903 -1.01642e-17)
(0.306984 0.425766 7.95998e-18)
(0.346675 0.391713 -8.42203e-18)
(0.358299 0.350568 -6.02228e-18)
(0.330276 0.307131 -4.71162e-17)
(0.252467 0.268017 -7.75988e-18)
(0.120273 0.240745 9.46923e-18)
(-0.0546361 0.241089 4.9145e-17)
(-0.234064 0.269929 0)
(-0.352126 0.326885 0)
(0.11234 0.345555 0)
(0.168136 0.331225 0)
(0.218867 0.306343 1.02715e-17)
(0.258801 0.271641 -1.06708e-17)
(0.279478 0.228995 -1.40678e-17)
(0.270954 0.183521 5.76297e-17)
(0.223982 0.143082 1.34537e-17)
(0.132606 0.117532 3.86679e-17)
(0.000751946 0.116825 0)
(-0.150584 0.155459 -4.75749e-17)
(-0.287234 0.225851 -7.377e-17)
(-0.363572 0.297323 0)
(0.102815 0.2339 0)
(0.146934 0.210449 1.28972e-18)
(0.184112 0.176207 -1.31678e-18)
(0.208739 0.132757 2.70529e-18)
(0.213133 0.0836228 4.27806e-17)
(0.189034 0.0359077 -3.05675e-17)
(0.129989 3.3866e-05 6.77005e-18)
(0.0340137 -0.0120968 -3.08799e-17)
(-0.0887273 0.00971456 -9.23497e-18)
(-0.215522 0.077156 1.18255e-17)
(-0.321682 0.174575 7.1998e-17)
(-0.355636 0.263299 0)
(0.0900638 0.134225 0)
(0.122893 0.102892 1.35087e-18)
(0.147422 0.0607557 -1.37302e-18)
(0.158458 0.0102587 0)
(0.149384 -0.0437557 -2.64557e-17)
(0.113887 -0.0926885 -3.10344e-18)
(0.0482372 -0.124278 -1.37766e-17)
(-0.04667 -0.125668 -3.93149e-17)
(-0.156849 -0.0877313 3.76456e-17)
(-0.260873 -0.000383967 0)
(-0.340532 0.116344 1.4934e-16)
(-0.335799 0.217625 0)
(0.0748011 0.0467079 0)
(0.0969015 0.00885929 1.46046e-18)
(0.10983 -0.0397359 1.0315e-17)
(0.10902 -0.0958692 3.0031e-18)
(0.0890251 -0.153726 2.19002e-17)
(0.045509 -0.203821 -6.62531e-18)
(-0.0228986 -0.232674 3.64039e-17)
(-0.113613 -0.227095 6.64334e-17)
(-0.210019 -0.179433 4.01572e-17)
(-0.292405 -0.0792823 1.32788e-17)
(-0.346264 0.0527452 -2.02658e-17)
(-0.302778 0.168039 0)
(0.0576497 -0.0291312 0)
(0.0696056 -0.0721458 0)
(0.071951 -0.125895 -1.3456e-17)
(0.0608389 -0.18656 0)
(0.0319895 -0.247779 1.43239e-20)
(-0.0170645 -0.29963 -7.46359e-18)
(-0.0856869 -0.327868 8.19058e-18)
(-0.17069 -0.319267 -3.74649e-17)
(-0.252682 -0.267466 -1.13725e-17)
(-0.313334 -0.160154 1.36732e-16)
(-0.340104 -0.0151991 -1.91233e-16)
(-0.25963 0.11377 3.00861e-16)
(0.0393976 -0.0946624 0)
(0.0417713 -0.141651 8.73183e-18)
(0.0344103 -0.199459 -1.74135e-17)
(0.0141938 -0.26386 4.39535e-18)
(-0.0221153 -0.328456 -4.54686e-17)
(-0.0750993 -0.382911 3.364e-17)
(-0.142529 -0.412684 -4.05479e-17)
(-0.221183 -0.4046 1.13583e-17)
(-0.288211 -0.352668 -1.0988e-16)
(-0.326141 -0.242028 -1.29926e-16)
(-0.324174 -0.085635 -3.10384e-17)
(-0.20775 0.0567861 -3.89612e-16)
(0.0220027 -0.153455 0)
(0.0154554 -0.203394 -4.57404e-17)
(-0.00086229 -0.264465 2.98376e-17)
(-0.0294504 -0.332067 0)
(-0.0728478 -0.400342 -7.108e-18)
(-0.129228 -0.457808 -3.57911e-17)
(-0.196322 -0.491162 -5.9231e-17)
(-0.266663 -0.486282 -3.21332e-17)
(-0.31856 -0.43435 1.90533e-16)
(-0.330443 -0.32272 1.7508e-16)
(-0.29329 -0.165533 0)
(-0.155868 -0.000326756 0)
(0.00865471 -0.21323 -2.07345e-17)
(-0.0052541 -0.263882 -3.65982e-20)
(-0.0284167 -0.326874 0)
(-0.0625638 -0.396381 1.57872e-17)
(-0.109991 -0.469173 -1.47884e-17)
(-0.166344 -0.527807 -1.40048e-16)
(-0.228391 -0.57387 4.67654e-16)
(-0.294446 -0.559188 0)
(-0.312499 -0.497255 -2.39789e-16)
(-0.297082 -0.39156 -2.77265e-16)
(-0.249499 -0.237379 -4.33772e-16)
(-0.106515 -0.0553468 1.69488e-15)
(0.242154 0.527246 9.04038e-17)
(0.37081 0.498228 2.72007e-17)
(0.418792 0.517696 -2.14208e-17)
(0.457951 0.517209 0)
(0.503982 0.495074 -2.3857e-17)
(0.56063 0.457303 -1.38874e-17)
(0.625683 0.404573 1.12444e-17)
(0.692945 0.336223 6.66445e-18)
(0.755378 0.254617 0)
(0.805344 0.163879 1.10262e-18)
(0.841917 0.0733806 3.34088e-18)
(0.867066 -0.019031 2.29063e-18)
(0.274709 0.166482 1.49145e-16)
(0.282085 0.341138 -7.73496e-18)
(0.312929 0.409086 2.81502e-17)
(0.355238 0.430976 0)
(0.402285 0.42052 0)
(0.456813 0.389012 2.364e-17)
(0.5164 0.341608 1.38032e-17)
(0.575664 0.28005 -1.12817e-17)
(0.629121 0.207629 2.24308e-18)
(0.67141 0.128301 1.00923e-17)
(0.70242 0.0485933 -1.13296e-18)
(0.724245 -0.0336327 1.1571e-18)
(0.297643 -0.00795033 -1.61084e-16)
(0.221013 0.205584 0)
(0.232797 0.312801 0)
(0.267964 0.350693 0)
(0.312605 0.351643 0)
(0.363202 0.326965 2.44516e-17)
(0.416891 0.285395 -4.49508e-17)
(0.468564 0.230649 1.15841e-17)
(0.513854 0.166773 0)
(0.548819 0.0974844 -9.13666e-18)
(0.573743 0.0274572 -4.03068e-18)
(0.590259 -0.0452636 -1.75643e-18)
(0.304745 -0.119316 1.40038e-16)
(0.172904 0.101588 4.73892e-17)
(0.167725 0.229073 -3.21253e-17)
(0.192262 0.277647 2.25772e-17)
(0.232273 0.288209 0)
(0.278183 0.27056 5.11449e-18)
(0.326125 0.235162 1.71881e-17)
(0.370957 0.187258 -1.43569e-17)
(0.408952 0.131457 2.36012e-18)
(0.437066 0.0713028 -1.17096e-18)
(0.455569 0.010285 5.88503e-18)
(0.465581 -0.0531856 0)
(0.297857 -0.19077 -3.2724e-19)
(0.129465 0.0213995 -4.21282e-17)
(0.110644 0.155727 3.50523e-17)
(0.124532 0.21141 -5.44487e-17)
(0.159182 0.229708 2.26465e-17)
(0.200569 0.219082 1.42259e-20)
(0.243357 0.190123 -2.57816e-18)
(0.282278 0.14911 2.50126e-17)
(0.313908 0.101076 -2.45476e-18)
(0.335772 0.0494896 0)
(0.347916 -0.00288379 6.05945e-19)
(0.351029 -0.0572012 -3.05912e-18)
(0.277564 -0.23408 -1.30161e-16)
(0.0862723 -0.0424494 0)
(0.057119 0.0902049 0)
(0.0619727 0.150706 3.28125e-17)
(0.0917059 0.175285 -5.46118e-17)
(0.129427 0.171685 -2.87469e-17)
(0.167993 0.149475 2.75338e-18)
(0.202033 0.115455 -2.11909e-17)
(0.228295 0.0750209 2.58812e-18)
(0.244617 0.0316557 -1.27245e-18)
(0.250833 -0.0122704 1.90189e-18)
(0.247267 -0.057511 -6.36568e-19)
(0.243782 -0.256312 -2.69736e-16)
(0.0411217 -0.094678 -1.24257e-16)
(0.004173 0.030148 1.76285e-17)
(0.0023359 0.0937786 2.1901e-17)
(0.0287717 0.123958 5.33678e-17)
(0.0639678 0.127431 6.27898e-18)
(0.0994831 0.112389 -5.97781e-18)
(0.129755 0.0855621 0)
(0.151683 0.0526788 0)
(0.163279 0.0173297 9.54819e-18)
(0.164231 -0.018282 1.35126e-18)
(0.154623 -0.0545491 2.68976e-18)
(0.19461 -0.2602 2.91238e-16)
(-0.0059989 -0.137097 -1.04792e-19)
(-0.0501621 -0.0262198 -8.23546e-17)
(-0.0557032 0.0389635 -1.00303e-16)
(-0.0306974 0.0743966 -3.03381e-17)
(0.00343599 0.0852695 7.09485e-18)
(0.0372197 0.077966 -1.00762e-17)
(0.0649005 0.0586775 3.20736e-18)
(0.0835377 0.0334186 2.47278e-17)
(0.0912758 0.00598758 -2.56239e-17)
(0.0877749 -0.0214155 2.22638e-18)
(0.0730172 -0.0488609 -3.67762e-18)
(0.13471 -0.251226 -2.9496e-16)
(-0.0550151 -0.169854 1.46185e-16)
(-0.107026 -0.0796803 1.01165e-16)
(-0.112997 -0.0149896 -2.14792e-20)
(-0.0877411 0.0252338 0)
(-0.053082 0.0440209 3.41437e-17)
(-0.01963 0.0451964 4.01269e-18)
(0.00668988 0.0339695 -7.95991e-21)
(0.0230627 0.0165684 -6.2005e-17)
(0.0277989 -0.00293226 1.41434e-17)
(0.0207271 -0.0222044 0)
(0.0018567 -0.0410005 3.41101e-18)
(0.0577984 -0.228636 8.60932e-16)
(-0.104707 -0.193173 0)
(-0.166326 -0.130157 1.71706e-17)
(-0.170707 -0.0688008 2.05106e-16)
(-0.144094 -0.0244932 1.12719e-16)
(-0.107575 0.00250118 -2.52635e-20)
(-0.0728379 0.0129602 -1.64152e-17)
(-0.0464052 0.0105037 4.62413e-17)
(-0.0311686 0.00136565 3.90215e-17)
(-0.0286126 -0.0101386 1.63551e-17)
(-0.0383763 -0.0213508 2.26872e-18)
(-0.060231 -0.0317093 0)
(-0.0114503 -0.190449 -5.83173e-16)
(-0.157846 -0.205327 0)
(-0.225776 -0.177067 0)
(-0.230959 -0.122814 -1.85719e-16)
(-0.203968 -0.0760932 -1.79728e-16)
(-0.165308 -0.0409723 -8.44587e-17)
(-0.127111 -0.0201018 -7.87389e-17)
(-0.0982226 -0.0127264 -1.3812e-16)
(-0.0825401 -0.0131445 -8.7133e-18)
(-0.0812311 -0.0167159 -3.66527e-17)
(-0.0928756 -0.0203033 3.8755e-18)
(-0.116634 -0.0227388 0)
(-0.0432949 -0.134054 -7.8808e-16)
(-0.190072 -0.20924 0)
(-0.280431 -0.215127 0)
(-0.286802 -0.178905 4.37097e-17)
(-0.266481 -0.135049 -4.4916e-17)
(-0.231344 -0.0926895 4.54911e-17)
(-0.188903 -0.0575579 -5.0453e-17)
(-0.15547 -0.0376712 2.13914e-16)
(-0.138671 -0.0288888 0)
(-0.137783 -0.0247697 -1.14089e-16)
(-0.150527 -0.021421 -8.40372e-17)
(-0.175513 -0.0167829 2.2452e-17)
(0.888606 -0.107881 -3.19637e-21)
(0.912523 -0.206019 -4.90501e-18)
(0.931504 -0.310123 0)
(0.944265 -0.417472 8.01817e-18)
(0.946083 -0.521707 1.41453e-17)
(0.933477 -0.612305 6.01276e-18)
(0.904126 -0.676731 6.39965e-18)
(0.856774 -0.702035 -2.74965e-17)
(0.790461 -0.676088 0)
(0.703678 -0.589467 -2.76348e-17)
(0.574868 -0.411641 3.91989e-17)
(0.438296 -0.166156 7.99964e-17)
(0.741714 -0.115643 2.3797e-18)
(0.757666 -0.204931 0)
(0.766593 -0.29726 1.01741e-17)
(0.767392 -0.388737 0)
(0.756645 -0.47167 7.69078e-21)
(0.73267 -0.534759 2.42475e-17)
(0.694809 -0.564961 6.62462e-18)
(0.642995 -0.548459 -3.75421e-17)
(0.57667 -0.470503 0)
(0.498699 -0.317325 3.46992e-17)
(0.384837 -0.0413366 -5.64519e-17)
(0.360934 0.267673 0)
(0.601023 -0.119145 -1.19793e-18)
(0.607142 -0.198036 4.9168e-18)
(0.604513 -0.277 -1.01351e-17)
(0.592509 -0.351181 1.32572e-17)
(0.569302 -0.412046 -5.63678e-18)
(0.535366 -0.448036 -1.52072e-17)
(0.492461 -0.446245 -4.03054e-17)
(0.443442 -0.393568 3.86828e-17)
(0.391519 -0.27776 0)
(0.347725 -0.0945495 -3.77216e-17)
(0.307333 0.145711 -2.1547e-17)
(0.330263 0.330386 0)
(0.468373 -0.117995 -6.05931e-19)
(0.464095 -0.185536 -5.5661e-18)
(0.4499 -0.250395 1.2733e-18)
(0.425778 -0.307073 -1.9554e-21)
(0.391736 -0.346792 -1.12472e-17)
(0.350602 -0.358436 0)
(0.307172 -0.330414 3.36641e-17)
(0.26807 -0.252576 -7.79412e-18)
(0.240814 -0.120325 0)
(0.241185 0.0546569 9.83143e-17)
(0.270058 0.234144 0)
(0.327037 0.352256 0)
(0.34554 -0.112392 -2.47938e-18)
(0.331212 -0.168192 0)
(0.306332 -0.218942 7.70928e-18)
(0.271635 -0.258894 -1.06535e-17)
(0.228989 -0.279591 1.90127e-20)
(0.183514 -0.271076 2.72989e-17)
(0.143075 -0.224094 -6.70013e-18)
(0.117534 -0.132679 -2.31578e-17)
(0.116847 -0.000763941 9.30714e-18)
(0.155518 0.150639 -4.75468e-17)
(0.225956 0.287344 -3.68621e-17)
(0.297465 0.363731 2.62436e-17)
(0.233888 -0.102867 2.56109e-18)
(0.210434 -0.146991 0)
(0.176184 -0.184189 -1.05083e-17)
(0.132731 -0.208827 2.70498e-18)
(0.0835862 -0.213235 -2.86166e-18)
(0.0358604 -0.189136 -3.05628e-17)
(-2.10637e-05 -0.130072 2.70189e-17)
(-0.0121449 -0.0340518 3.8612e-17)
(0.0096908 0.0887499 0)
(0.0771772 0.215606 1.18479e-17)
(0.174653 0.321816 -1.79724e-17)
(0.263433 0.355801 0)
(0.134212 -0.0901102 6.72673e-19)
(0.102873 -0.122946 -6.09553e-18)
(0.0607205 -0.147494 0)
(0.0102124 -0.158537 0)
(-0.0438216 -0.149469 0)
(-0.0927729 -0.113964 -6.25018e-18)
(-0.124376 -0.0482906 -2.06479e-17)
(-0.125761 0.0466649 -3.14315e-17)
(-0.087799 0.156902 9.41072e-18)
(-0.000401479 0.260981 3.1801e-20)
(0.11639 0.340683 -1.67914e-16)
(0.217741 0.335966 -2.27147e-16)
(0.0466932 -0.0748394 2.93075e-18)
(0.00883526 -0.0969478 7.31684e-18)
(-0.0397832 -0.109894 -1.4776e-18)
(-0.0959333 -0.109086 3.00275e-18)
(-0.153818 -0.0890913 1.87791e-17)
(-0.203937 -0.0455603 2.33012e-17)
(-0.23281 0.0228748 -2.90654e-17)
(-0.227228 0.113637 7.4742e-17)
(-0.179542 0.210097 0)
(-0.0793386 0.292531 0)
(0.0527572 0.346422 1.43879e-16)
(0.168133 0.302935 3.11719e-17)
(-0.0291497 -0.0576749 -3.3782e-18)
(-0.072176 -0.0696447 -1.67458e-18)
(-0.125953 -0.0720016 1.68628e-18)
(-0.186638 -0.0608896 0)
(-0.247891 -0.032033 -5.66318e-17)
(-0.299771 0.0170387 -3.74041e-17)
(-0.328034 0.0856923 3.26856e-17)
(-0.319435 0.17074 -3.74284e-17)
(-0.267612 0.252782 1.14574e-17)
(-0.160249 0.313473 1.52186e-17)
(-0.0152222 0.340265 -2.38599e-17)
(0.113835 0.259769 3.00257e-16)
(-0.0946857 -0.0394089 -4.40737e-18)
(-0.141686 -0.0418043 0)
(-0.199525 -0.0344426 -1.74115e-17)
(-0.263949 -0.0142273 4.39475e-18)
(-0.328581 0.0220965 2.72722e-17)
(-0.383072 0.0750987 -4.74601e-18)
(-0.412872 0.142563 -2.02985e-17)
(-0.404796 0.221258 7.93405e-17)
(-0.352846 0.288332 -9.61902e-17)
(-0.242161 0.326288 6.40562e-20)
(-0.0856928 0.32433 -3.10286e-17)
(0.0568191 0.207867 0)
(-0.153475 -0.0220074 5.76439e-18)
(-0.203428 -0.0154788 -2.47901e-17)
(-0.264534 0.000848454 5.59624e-17)
(-0.332159 0.0294379 0)
(-0.400473 0.0728536 -7.10645e-18)
(-0.457981 0.129254 7.18556e-18)
(-0.491367 0.196384 4.42322e-17)
(-0.486501 0.266762 -2.40733e-16)
(-0.434556 0.318699 1.52222e-16)
(-0.322886 0.330595 0)
(-0.165629 0.293433 0)
(-0.000326877 0.155963 0)
(-0.213234 -0.00865817 4.14681e-17)
(-0.263897 0.00523803 7.57201e-17)
(-0.326935 0.02842 -1.37964e-16)
(-0.396467 0.06257 1.57841e-17)
(-0.469303 0.110017 -2.94718e-17)
(-0.527982 0.166391 -7.00929e-17)
(-0.574087 0.22847 -5.50331e-17)
(-0.559424 0.294563 3.85586e-17)
(-0.497477 0.312636 -2.09813e-16)
(-0.391744 0.297217 -3.46281e-17)
(-0.237508 0.249619 0)
(-0.0553893 0.106589 -1.6934e-15)
(0.527316 -0.24219 9.03827e-17)
(0.498285 -0.370856 2.74017e-17)
(0.517745 -0.418829 -2.13428e-17)
(0.517255 -0.457972 -2.49656e-17)
(0.495112 -0.503987 2.3852e-17)
(0.45733 -0.56062 2.30793e-17)
(0.40459 -0.625661 -2.25567e-18)
(0.336233 -0.692913 -4.43589e-18)
(0.254624 -0.755341 2.20732e-18)
(0.163889 -0.805306 0)
(0.0733978 -0.841882 0)
(-0.0190063 -0.86704 -2.78244e-21)
(0.166502 -0.274745 0)
(0.341183 -0.282117 6.67199e-20)
(0.409133 -0.312953 0)
(0.431022 -0.355247 2.05479e-17)
(0.420563 -0.402282 -4.90483e-18)
(0.389046 -0.456799 9.46088e-18)
(0.341632 -0.516377 -2.5291e-17)
(0.280064 -0.575636 2.2597e-18)
(0.207639 -0.629092 0)
(0.128312 -0.671382 -8.97046e-18)
(0.0486095 -0.702396 0)
(-0.0336094 -0.724229 2.31172e-18)
(-0.00794827 -0.297677 0)
(0.205618 -0.221037 -4.29615e-17)
(0.312846 -0.232811 5.97239e-18)
(0.350741 -0.267967 0)
(0.35169 -0.312599 2.03803e-17)
(0.327005 -0.363189 4.88405e-18)
(0.285424 -0.416873 1.65368e-17)
(0.230668 -0.468545 -1.38925e-17)
(0.166786 -0.513836 2.29128e-18)
(0.0974965 -0.548805 1.82776e-17)
(0.0274732 -0.573734 4.60385e-18)
(-0.0452415 -0.590258 -1.16979e-18)
(-0.119324 -0.304778 -1.40021e-16)
(0.101614 -0.172923 0)
(0.229114 -0.167734 0)
(0.277697 -0.192263 2.8205e-17)
(0.288259 -0.232269 -2.66787e-17)
(0.270605 -0.278175 5.09326e-18)
(0.235197 -0.326117 -4.91603e-18)
(0.187282 -0.370951 9.56631e-18)
(0.131473 -0.40895 9.43023e-18)
(0.0713161 -0.437069 6.32405e-21)
(0.0103005 -0.455577 -4.70478e-18)
(-0.0531648 -0.465598 1.19203e-18)
(-0.190785 -0.297891 1.31314e-16)
(0.0214207 -0.129483 0)
(0.155766 -0.110651 7.00536e-18)
(0.21146 -0.124533 -5.44218e-17)
(0.229761 -0.159182 0)
(0.219132 -0.200569 -2.6871e-17)
(0.190162 -0.243361 2.83768e-17)
(0.149138 -0.282287 -2.2505e-17)
(0.101095 -0.313923 -7.35387e-18)
(0.049504 -0.335793 -2.18536e-17)
(-0.00286887 -0.347943 0)
(-0.0571824 -0.351064 -2.44545e-18)
(-0.2341 -0.277597 3.24224e-17)
(-0.0424327 -0.08629 -5.94533e-17)
(0.0902401 -0.0571255 0)
(0.150755 -0.0619767 -1.29033e-20)
(0.17534 -0.0917108 0)
(0.171738 -0.129437 5.73432e-18)
(0.149518 -0.168009 -2.74611e-17)
(0.115486 -0.202058 1.85408e-17)
(0.075042 -0.228327 1.29251e-17)
(0.031671 -0.244657 1.01891e-17)
(-0.0122565 -0.25088 -5.06806e-18)
(-0.0574946 -0.247322 1.2698e-18)
(-0.256336 -0.243816 0)
(-0.0946655 -0.0411382 1.65585e-16)
(0.0301796 -0.00418017 7.93065e-17)
(0.093825 -0.00234294 2.18768e-17)
(0.124012 -0.0287831 0)
(0.127485 -0.0639872 3.13908e-17)
(0.112434 -0.0995122 -2.99215e-18)
(0.085595 -0.129795 -5.79567e-21)
(0.0527016 -0.151733 -1.39009e-17)
(0.0173456 -0.163337 0)
(-0.0182694 -0.164296 -5.78445e-22)
(-0.0545358 -0.154696 3.99958e-26)
(-0.260228 -0.194642 -2.91258e-16)
(-0.13709 0.00598554 -2.81597e-16)
(-0.0261925 0.0501541 -7.19871e-17)
(0.0390062 0.0556933 -6.68396e-17)
(0.0744486 0.03068 0)
(0.0853234 -0.00346457 7.0913e-18)
(0.0780119 -0.0372606 -1.00714e-17)
(0.0587112 -0.0649546 6.63812e-21)
(0.0334424 -0.0836026 3.09316e-18)
(0.00600358 -0.091349 0)
(-0.0214046 -0.0878554 5.93209e-18)
(-0.0488514 -0.073106 2.94023e-18)
(-0.251256 -0.134737 -2.11684e-19)
(-0.169855 0.055007 1.67016e-16)
(-0.0796586 0.107018 0)
(-0.0149528 0.112985 1.00402e-17)
(0.0252812 0.0877192 -7.78694e-21)
(0.0440726 0.053046 -3.41373e-17)
(0.0452411 0.0195793 2.80914e-17)
(0.0340029 -0.00675552 -3.42485e-17)
(0.0165923 -0.0231403 0)
(-0.00291653 -0.0278848 -1.41388e-17)
(-0.0221955 -0.0208193 0)
(-0.0409957 -0.00195568 -6.82059e-18)
(-0.228663 -0.0578172 4.30208e-16)
(-0.193183 0.104708 -2.77449e-17)
(-0.130142 0.166321 1.71736e-16)
(-0.068773 0.170696 9.56541e-17)
(-0.0244536 0.14407 -8.76356e-17)
(0.00254735 0.107535 4.67687e-17)
(0.0130014 0.0727801 -1.09541e-17)
(0.0105354 0.0463314 3.59577e-17)
(0.00138876 0.031082 4.88118e-18)
(-0.0101231 0.0285182 3.50297e-17)
(-0.0213442 0.038278 -6.79308e-18)
(-0.031708 0.0601278 4.45362e-18)
(-0.19047 0.0114479 0)
(-0.205347 0.157853 0)
(-0.177062 0.225777 -2.15429e-16)
(-0.122799 0.230955 0)
(-0.0760661 0.20395 2.02105e-16)
(-0.0409357 0.16527 -2.10996e-16)
(-0.020066 0.12705 -4.9207e-17)
(-0.0126975 0.0981454 6.44101e-17)
(-0.013122 0.0824502 0)
(-0.0167009 0.0811347 3.13044e-21)
(-0.0202981 0.0927784 4.64373e-17)
(-0.0227368 0.116536 0)
(-0.134058 0.0432899 -6.89606e-16)
(-0.209269 0.190101 -6.30155e-16)
(-0.21514 0.280456 6.44807e-17)
(-0.178908 0.28682 0)
(-0.13504 0.266484 -4.48404e-17)
(-0.0926654 0.231322 4.55197e-16)
(-0.0575243 0.188845 -5.04836e-17)
(-0.0376446 0.1554 -2.40595e-16)
(-0.028867 0.13859 2.63365e-17)
(-0.0247549 0.137699 -1.01412e-16)
(-0.0214162 0.150446 -1.92089e-16)
(-0.0167785 0.175438 2.24511e-17)
(-0.10785 -0.888593 1.18084e-18)
(-0.205982 -0.91252 -1.22569e-18)
(-0.310085 -0.931508 1.27998e-18)
(-0.417437 -0.944275 1.07143e-17)
(-0.521683 -0.946098 1.13114e-17)
(-0.612303 -0.9335 -1.2012e-17)
(-0.676765 -0.904157 -6.37432e-18)
(-0.702119 -0.856812 -2.06089e-17)
(-0.676225 -0.790502 6.14366e-17)
(-0.589651 -0.703716 0)
(-0.411829 -0.574901 5.25565e-17)
(-0.166291 -0.438348 0)
(-0.115612 -0.741709 1.18854e-18)
(-0.204894 -0.75767 0)
(-0.297224 -0.766606 0)
(-0.388706 -0.76741 1.26507e-20)
(-0.471653 -0.756666 -1.12936e-17)
(-0.534766 -0.732695 -3.02925e-17)
(-0.565005 -0.694835 -1.98813e-17)
(-0.548547 -0.643017 0)
(-0.470632 -0.576682 -3.54168e-17)
(-0.317473 -0.498691 1.15505e-17)
(-0.0414405 -0.384805 3.74104e-17)
(0.267686 -0.360927 1.85725e-16)
(-0.119116 -0.601032 -1.19894e-18)
(-0.198001 -0.607158 1.22597e-18)
(-0.276967 -0.604538 8.87058e-18)
(-0.351155 -0.592538 -1.85725e-17)
(-0.412037 -0.569333 -1.6901e-17)
(-0.448052 -0.535397 -2.98988e-18)
(-0.446295 -0.492484 4.03429e-17)
(-0.393655 -0.443454 2.31243e-17)
(-0.277871 -0.391511 -3.76154e-17)
(-0.0946588 -0.347688 0)
(0.145655 -0.307273 -8.64259e-17)
(0.330384 -0.330229 -4.63918e-20)
(-0.117968 -0.468399 2.42753e-18)
(-0.185504 -0.464129 0)
(-0.250366 -0.449942 -1.01599e-17)
(-0.307053 -0.425823 2.64448e-18)
(-0.346791 -0.391782 1.12281e-17)
(-0.358458 -0.350643 5.15349e-17)
(-0.330467 -0.3072 -3.36658e-17)
(-0.252659 -0.268079 -3.88733e-17)
(-0.120419 -0.240797 8.50958e-17)
(0.0545732 -0.241139 -4.91345e-17)
(0.2341 -0.269999 0)
(0.352242 -0.326992 -1.07211e-16)
(-0.112368 -0.345587 -2.47837e-18)
(-0.168163 -0.331267 0)
(-0.218919 -0.306395 0)
(-0.258879 -0.2717 8.01005e-18)
(-0.279598 -0.229052 2.81624e-17)
(-0.271104 -0.18357 -2.73185e-17)
(-0.22415 -0.143112 2.68926e-17)
(-0.132759 -0.117549 -3.09076e-17)
(-0.000847536 -0.116833 -7.44664e-17)
(0.150563 -0.155476 -1.7206e-21)
(0.287294 -0.225911 7.37491e-17)
(0.363697 -0.29742 0)
(-0.102847 -0.233956 1.28018e-18)
(-0.146967 -0.210511 -5.17005e-18)
(-0.184171 -0.17627 0)
(-0.208818 -0.132818 0)
(-0.21325 -0.0836703 -2.56629e-17)
(-0.189168 -0.0359365 -2.13838e-17)
(-0.130132 -3.14604e-05 0)
(-0.0341309 0.0121161 3.08722e-17)
(0.0886716 -0.00968897 2.76881e-17)
(0.215528 -0.0771457 5.91149e-17)
(0.321758 -0.174624 -1.44041e-16)
(0.355764 -0.263383 2.1387e-16)
(-0.0900949 -0.1343 -4.02423e-26)
(-0.122927 -0.102971 6.76617e-18)
(-0.147483 -0.0608287 -1.37263e-18)
(-0.158535 -0.0103221 -2.80429e-18)
(-0.149491 0.0437158 5.87813e-18)
(-0.114002 0.092675 2.19427e-17)
(-0.0483529 0.124306 0)
(0.0465849 0.125714 0)
(0.156825 0.0877842 3.76352e-17)
(0.2609 0.000419434 0)
(0.340618 -0.116376 5.58442e-17)
(0.335926 -0.217693 -1.98471e-16)
(-0.0748299 -0.0467983 2.92991e-18)
(-0.0969339 -0.00895144 5.85548e-18)
(-0.10989 0.0396547 1.17893e-17)
(-0.109088 0.095803 0)
(-0.0891217 0.153692 3.11762e-18)
(-0.0456026 0.203817 -9.95828e-18)
(0.0228095 0.232721 1.45557e-17)
(0.113555 0.227161 -4.98326e-17)
(0.210023 0.179508 -3.00384e-17)
(0.292445 0.0793455 0)
(0.346358 -0.052762 1.64757e-16)
(0.302897 -0.168083 2.53573e-16)
(-0.0576697 0.0290318 -6.75545e-18)
(-0.069639 0.0720462 -6.71325e-18)
(-0.0720004 0.125807 -1.3452e-17)
(-0.0609018 0.186492 3.41059e-18)
(-0.0320659 0.247749 -2.44535e-20)
(0.0169899 0.299633 -3.75627e-18)
(0.0856259 0.327931 0)
(0.17066 0.319346 -3.29395e-20)
(0.252705 0.267565 -1.14586e-17)
(0.313398 0.16024 1.3668e-16)
(0.340195 0.0152062 -1.91185e-16)
(0.259747 -0.113794 -3.00303e-16)
(-0.0394053 0.0945623 4.40384e-18)
(-0.0418071 0.141548 -8.72935e-18)
(-0.0344435 0.199368 1.74086e-17)
(-0.0142539 0.263794 0)
(0.0220648 0.328427 0)
(0.0750422 0.382922 -2.882e-17)
(0.142496 0.412756 3.04173e-17)
(0.221183 0.404692 1.35992e-16)
(0.28825 0.352791 1.09937e-16)
(0.326234 0.242131 1.87499e-17)
(0.32426 0.0856794 -3.1031e-17)
(0.20785 -0.0568008 0)
(-0.0220045 0.153355 0)
(-0.0154849 0.203291 1.52329e-17)
(0.000839735 0.264376 -2.98321e-17)
(0.0294023 0.332001 7.2199e-18)
(0.0728167 0.400317 -7.15499e-18)
(0.129192 0.457823 5.72417e-17)
(0.196316 0.491243 -5.8946e-17)
(0.266688 0.48639 -1.2834e-16)
(0.318626 0.434491 -1.52223e-16)
(0.330553 0.322847 -1.9982e-16)
(0.293383 0.165608 3.60939e-16)
(0.155956 0.000342976 -7.83529e-17)
(-0.00865165 0.213133 4.1469e-17)
(0.00523209 0.26378 -7.57612e-17)
(0.0284095 0.32679 0)
(0.0625301 0.396317 -1.26687e-16)
(0.109983 0.469158 -1.1792e-16)
(0.166332 0.527829 0)
(0.228409 0.573959 2.74377e-17)
(0.294506 0.55933 -7.73235e-17)
(0.312589 0.49742 5.26253e-21)
(0.297191 0.391703 3.46315e-17)
(0.24959 0.237491 -8.67026e-16)
(0.106587 0.0553973 0)
(-0.242277 -0.527447 -9.03747e-17)
(-0.371044 -0.498364 -3.42153e-17)
(-0.419056 -0.51781 2.67696e-17)
(-0.458219 -0.517304 0)
(-0.504242 -0.495144 1.90729e-17)
(-0.560874 -0.457344 4.61845e-18)
(-0.625904 -0.404585 -1.34949e-17)
(-0.693138 -0.336211 -6.66544e-18)
(-0.75554 -0.254588 -1.10128e-17)
(-0.805474 -0.163842 0)
(-0.842017 -0.0733445 4.45734e-18)
(-0.867136 0.0190629 -1.14493e-18)
(-0.274869 -0.166539 0)
(-0.282294 -0.34122 3.86927e-17)
(-0.313153 -0.409168 -2.81349e-17)
(-0.355459 -0.431049 0)
(-0.402496 -0.420577 1.47358e-17)
(-0.457006 -0.389046 4.73226e-18)
(-0.51657 -0.341619 -1.83948e-17)
(-0.575806 -0.28004 -1.66603e-20)
(-0.629234 -0.207605 0)
(-0.671493 -0.128273 0)
(-0.702474 -0.0485685 0)
(-0.724269 0.0336493 -1.1567e-18)
(-0.297822 0.00797826 0)
(-0.221196 -0.205613 2.5785e-17)
(-0.232978 -0.312851 2.98091e-17)
(-0.268136 -0.350743 0)
(-0.312764 -0.351684 -1.52623e-17)
(-0.363342 -0.32699 9.78406e-18)
(-0.417008 -0.285402 2.60005e-17)
(-0.468656 -0.23064 -4.64022e-18)
(-0.513918 -0.166753 -6.86866e-18)
(-0.548856 -0.097463 0)
(-0.573753 -0.0274425 -4.6035e-18)
(-0.590242 0.045266 1.1697e-18)
(-0.304933 0.119403 0)
(-0.173057 -0.101571 -3.79388e-17)
(-0.167864 -0.229091 -5.13403e-17)
(-0.192386 -0.277672 0)
(-0.23238 -0.288232 -5.33528e-18)
(-0.27827 -0.270573 -1.52743e-17)
(-0.326191 -0.235163 1.96589e-17)
(-0.370999 -0.187248 9.56584e-18)
(-0.40897 -0.13144 -7.11792e-21)
(-0.437059 -0.0712864 1.1705e-18)
(-0.455539 -0.0102783 4.11362e-18)
(-0.46553 0.0531766 -5.96772e-19)
(-0.298043 0.190896 3.26585e-17)
(-0.129587 -0.0213446 -2.10702e-17)
(-0.110739 -0.155715 2.80374e-17)
(-0.124606 -0.211411 6.04981e-18)
(-0.159236 -0.229712 2.82884e-17)
(-0.200604 -0.219083 -5.37558e-18)
(-0.243374 -0.190117 -3.86856e-17)
(-0.282273 -0.149097 -4.70718e-21)
(-0.313881 -0.10106 9.79623e-18)
(-0.335724 -0.0494764 -1.21438e-17)
(-0.347849 0.00288503 0)
(-0.350946 0.0571844 2.44578e-18)
(-0.277737 0.234231 0)
(-0.0863586 0.0425357 -1.18804e-17)
(-0.0571703 -0.0901634 7.77594e-18)
(-0.0619974 -0.150683 0)
(-0.0917077 -0.17527 -1.81895e-17)
(-0.129412 -0.171672 -2.30039e-17)
(-0.167961 -0.14946 1.64687e-17)
(-0.201983 -0.115438 -2.64599e-18)
(-0.228227 -0.075003 2.58705e-18)
(-0.244532 -0.0316439 1.0189e-17)
(-0.250734 0.0122686 0)
(-0.247157 0.0574898 -2.53958e-18)
(-0.243933 0.256475 2.69581e-16)
(-0.0411704 0.0947895 9.66018e-17)
(-0.00417914 -0.0300788 5.15845e-21)
(-0.00231062 -0.0937314 7.29878e-18)
(-0.0287236 -0.123922 2.6674e-17)
(-0.0639048 -0.127401 3.13902e-17)
(-0.0994066 -0.112363 -5.97493e-18)
(-0.129663 -0.0855394 0)
(-0.151577 -0.0526583 0)
(-0.16316 -0.0173175 0)
(-0.164102 0.0182794 4.7222e-18)
(-0.15449 0.0545267 6.73353e-19)
(-0.194728 0.260364 -2.54753e-16)
(0.00598871 0.137227 -1.4906e-16)
(0.0502014 0.0263143 0)
(0.0557769 -0.0388924 0)
(0.0307932 -0.0743402 -5.30721e-17)
(-0.0033278 -0.0852229 2.83774e-17)
(-0.0371014 -0.077929 -3.02184e-17)
(-0.0647704 -0.0586479 -3.20292e-17)
(-0.0833971 -0.0333942 3.0932e-18)
(-0.0911261 -0.00597339 -1.50468e-18)
(-0.0876202 0.0214142 -4.44695e-18)
(-0.0728639 0.0488401 -2.9403e-18)
(-0.134788 0.251385 0)
(0.0550428 0.169996 -2.08775e-17)
(0.10711 0.0797973 1.26481e-17)
(0.113117 0.0150834 1.00616e-17)
(0.0878817 -0.0251564 3.65326e-17)
(0.0532322 -0.0439565 -3.41366e-17)
(0.0197869 -0.0451466 2.4081e-17)
(-0.00652492 -0.0339317 6.08805e-17)
(-0.0228914 -0.0165392 0)
(-0.0276224 0.00295023 1.76482e-18)
(-0.0205492 0.0222062 -1.73261e-18)
(-0.00168508 0.0409837 3.41004e-18)
(-0.0578245 0.22878 0)
(0.104771 0.193321 -2.77416e-17)
(0.166454 0.130293 2.6434e-20)
(0.17087 0.0689161 1.23014e-16)
(0.144276 0.0245918 -1.12657e-16)
(0.107764 -0.00241817 7.01563e-17)
(0.0730315 -0.0128963 -5.48114e-18)
(0.0466024 -0.0104562 -5.13587e-17)
(0.0313678 -0.00133059 4.88128e-18)
(0.0288134 0.0101624 1.86808e-17)
(0.0385755 0.0213576 0)
(0.06042 0.031698 4.45527e-18)
(0.0114503 0.190562 0)
(0.157951 0.205475 0)
(0.225942 0.177219 0)
(0.231163 0.12295 -1.85601e-16)
(0.20419 0.0762129 3.81628e-16)
(0.165537 0.0410752 -1.0553e-16)
(0.127344 0.020183 9.83083e-18)
(0.0984532 0.012786 -9.21205e-18)
(0.0827671 0.0131878 0)
(0.0814559 0.0167464 -6.92158e-17)
(0.0930972 0.0203162 3.67628e-17)
(0.116842 0.0227334 -9.59159e-18)
(0.04332 0.134131 7.87654e-16)
(0.190193 0.209382 0)
(0.280634 0.215293 -6.43094e-17)
(0.28704 0.179065 3.93473e-16)
(0.266734 0.135192 -3.14067e-16)
(0.231609 0.0928216 -9.09696e-17)
(0.189185 0.057672 2.77188e-16)
(0.155739 0.0377514 -5.34294e-17)
(0.138929 0.0289455 2.63209e-17)
(0.138034 0.0248111 2.02717e-16)
(0.150775 0.0214432 -9.59918e-17)
(0.175745 0.0167855 -4.48829e-17)
(-0.888644 0.107904 -1.1807e-18)
(-0.91252 0.20602 -1.22557e-18)
(-0.931456 0.310094 1.27988e-18)
(-0.94417 0.417401 0)
(-0.945945 0.52158 -1.41301e-17)
(-0.933305 0.612117 -8.99783e-18)
(-0.903932 0.67649 3.19102e-17)
(-0.856573 0.701768 2.06106e-17)
(-0.790272 0.675834 0)
(-0.703519 0.589265 -1.47203e-19)
(-0.574764 0.411523 -5.25689e-17)
(-0.438247 0.166091 -8.00083e-17)
(-0.741705 0.115644 -2.37895e-18)
(-0.757619 0.204904 -1.22361e-18)
(-0.766508 0.297199 -8.89866e-18)
(-0.767269 0.388632 2.65675e-18)
(-0.756489 0.471512 8.46083e-18)
(-0.732494 0.534548 -3.02909e-17)
(-0.694624 0.564713 -1.99052e-17)
(-0.642813 0.548208 0)
(-0.576504 0.470293 0)
(-0.498558 0.317195 -3.47006e-17)
(-0.384748 0.0413108 -1.87233e-17)
(-0.360867 -0.267668 -1.48601e-16)
(-0.600977 0.119127 5.99463e-19)
(-0.607065 0.197987 5.53075e-18)
(-0.604406 0.276915 1.01331e-17)
(-0.592376 0.351054 0)
(-0.56915 0.411872 -8.45781e-18)
(-0.535208 0.447821 3.94948e-17)
(-0.492305 0.44601 -2.01175e-17)
(-0.443297 0.393351 0)
(-0.391389 0.277604 0)
(-0.347607 0.0944834 0)
(-0.307234 -0.145703 0)
(-0.330182 -0.330351 1.26587e-16)
(-0.468299 0.117962 0)
(-0.463999 0.185471 -3.71457e-18)
(-0.449784 0.250294 -1.27305e-18)
(-0.425647 0.306935 2.6425e-18)
(-0.391602 0.346615 5.62514e-18)
(-0.350474 0.358231 -2.72804e-17)
(-0.307058 0.330205 6.793e-18)
(-0.26797 0.252402 0)
(-0.240723 0.12022 -3.77853e-17)
(-0.24109 -0.0546817 3.68302e-17)
(-0.269953 -0.234121 -5.95873e-17)
(-0.326939 -0.352204 -1.07254e-16)
(-0.345444 0.11235 1.86022e-18)
(-0.331104 0.168117 6.29909e-19)
(-0.306216 0.218834 0)
(-0.271517 0.258754 -2.65801e-18)
(-0.22888 0.279422 -1.68959e-17)
(-0.183423 0.270891 -3.04349e-18)
(-0.143006 0.223919 2.76718e-20)
(-0.117479 0.132548 -3.09068e-17)
(-0.116794 0.000701961 2.7935e-17)
(-0.155449 -0.150635 -3.56745e-17)
(-0.225864 -0.287303 7.37107e-17)
(-0.297369 -0.363655 -1.02143e-19)
(-0.233773 0.10282 -3.19909e-18)
(-0.210319 0.146912 1.9369e-18)
(-0.176073 0.184079 -1.31642e-18)
(-0.13263 0.208693 2.70463e-18)
(-0.0835053 0.213081 2.2802e-17)
(-0.035807 0.188977 3.02473e-18)
(4.77167e-05 0.129933 2.02208e-17)
(0.0121575 0.0339604 5.40314e-17)
(-0.00967296 -0.0887776 9.24194e-18)
(-0.0771343 -0.215579 0)
(-0.174579 -0.321756 0)
(-0.263338 -0.355715 1.06794e-16)
(-0.134082 0.0900629 -2.01211e-26)
(-0.102752 0.122869 -4.06507e-18)
(-0.060615 0.147391 -1.23259e-17)
(-0.0101285 0.158415 0)
(0.0438758 0.149336 0)
(0.0927924 0.113834 -6.24977e-18)
(0.124365 0.0481854 6.9127e-18)
(0.125736 -0.0467212 -6.28518e-17)
(0.0877826 -0.156901 -4.70475e-17)
(0.000414856 -0.260935 2.44504e-17)
(-0.116339 -0.340609 1.30693e-16)
(-0.217656 -0.335872 2.27217e-16)
(-0.0465491 0.0747953 2.19909e-18)
(-0.00870901 0.0968767 8.04853e-18)
(0.0398842 0.109801 2.21012e-17)
(0.0960025 0.10898 -2.41034e-17)
(0.153849 0.0889808 -2.19175e-17)
(0.203928 0.0454603 -9.95899e-18)
(0.232766 -0.0229475 7.29927e-18)
(0.227171 -0.113663 3.31992e-17)
(0.179493 -0.210073 1.20295e-16)
(0.0793215 -0.292468 1.0604e-16)
(-0.052732 -0.346338 2.73367e-19)
(-0.168061 -0.302841 4.32999e-19)
(0.0293067 0.057637 -3.37735e-18)
(0.0723088 0.0695834 -6.71557e-18)
(0.126053 0.0719218 -1.34528e-17)
(0.186697 0.0608023 5.13526e-17)
(0.247906 0.0319474 2.83321e-17)
(0.299741 -0.01711 3.75662e-18)
(0.327966 -0.0857346 -3.26628e-17)
(0.31935 -0.17074 0)
(0.267534 -0.252736 8.97971e-20)
(0.160201 -0.313397 -2.42924e-16)
(0.0152202 -0.340175 -2.15153e-16)
(-0.113782 -0.259681 3.79531e-17)
(0.094856 0.0393789 0)
(0.141828 0.0417546 1.08993e-17)
(0.199628 0.0343783 -1.95901e-17)
(0.264003 0.0141594 -3.52612e-17)
(0.328586 -0.0221572 -3.1875e-17)
(0.383027 -0.075143 -1.43683e-17)
(0.412786 -0.142577 1.20101e-20)
(0.404689 -0.221233 -7.93491e-17)
(0.352742 -0.288267 -2.3357e-16)
(0.242083 -0.326202 1.67079e-16)
(0.0856637 -0.324238 0)
(-0.0567871 -0.20779 -7.79523e-16)
(0.153662 0.0219849 0)
(0.203584 0.01544 -2.66955e-17)
(0.264646 -0.000898939 2.60902e-17)
(0.332215 -0.0294879 -7.21977e-18)
(0.400476 -0.0728921 1.21271e-16)
(0.457927 -0.129273 5.73381e-17)
(0.491269 -0.196372 5.89517e-17)
(0.486375 -0.266715 1.28357e-16)
(0.43443 -0.318617 1.52252e-16)
(0.322783 -0.330501 0)
(0.16557 -0.293346 0)
(0.000333544 -0.1559 6.28001e-16)
(0.213444 0.00864438 -2.07263e-17)
(0.264074 -0.00526523 1.60881e-16)
(0.327064 -0.0284562 6.03501e-17)
(0.396532 -0.0626034 1.2667e-16)
(0.469309 -0.110037 -1.17808e-16)
(0.527927 -0.166389 -2.78293e-17)
(0.573981 -0.228442 2.76028e-17)
(0.559285 -0.2945 -3.85953e-17)
(0.49734 -0.312554 3.0016e-17)
(0.39163 -0.297134 0)
(0.237427 -0.249546 0)
(0.0553637 -0.106542 1.69455e-15)
(-0.527253 0.242209 0)
(-0.498247 0.370848 -3.40207e-17)
(-0.517721 0.41884 5.36175e-18)
(-0.517231 0.45801 0)
(-0.495091 0.504052 0)
(-0.457317 0.56071 4.62072e-18)
(-0.404586 0.625769 6.73791e-18)
(-0.336239 0.693034 -2.22058e-18)
(-0.254638 0.755468 8.80979e-18)
(-0.163905 0.80543 0)
(-0.0734118 0.841997 4.45962e-18)
(0.019001 0.867139 1.14828e-18)
(-0.166471 0.274755 0)
(-0.341144 0.282113 0)
(-0.409098 0.312966 -2.2549e-17)
(-0.430985 0.355285 0)
(-0.420525 0.402342 -4.90694e-18)
(-0.389015 0.456879 9.46482e-18)
(-0.341613 0.516472 -2.3004e-17)
(-0.28006 0.575738 -2.25674e-18)
(-0.207647 0.629195 2.24325e-18)
(-0.128328 0.67148 8.9741e-18)
(-0.0486284 0.702484 0)
(0.0335942 0.7243 -1.15536e-18)
(0.00796929 0.297681 0)
(-0.20558 0.221036 -8.57745e-18)
(-0.312801 0.232825 3.57518e-17)
(-0.350691 0.268 -5.34168e-18)
(-0.351637 0.312649 0)
(-0.326957 0.363253 -1.46804e-17)
(-0.28539 0.416946 3.31191e-17)
(-0.230652 0.46862 0)
(-0.166787 0.513909 0)
(-0.097511 0.54887 -7.99645e-18)
(-0.0274958 0.573789 3.45333e-18)
(0.0452177 0.590297 1.17154e-18)
(0.119338 0.304778 0)
(-0.101578 0.172921 0)
(-0.229064 0.167747 -2.56958e-17)
(-0.277635 0.192288 5.64123e-18)
(-0.288193 0.232305 -5.342e-18)
(-0.270542 0.278218 4.58825e-17)
(-0.235148 0.326162 -4.90073e-18)
(-0.187254 0.370994 1.19701e-17)
(-0.131466 0.408988 -1.17948e-17)
(-0.0713283 0.437098 9.38464e-18)
(-0.0103258 0.455596 -4.70707e-18)
(0.0531346 0.465602 -1.19187e-18)
(0.190793 0.297888 0)
(-0.0213855 0.12948 4.21008e-17)
(-0.155713 0.11066 2.80456e-17)
(-0.211391 0.124548 0)
(-0.229683 0.159201 -1.69902e-17)
(-0.219055 0.200588 -3.22501e-17)
(-0.1901 0.243376 -3.35431e-17)
(-0.149098 0.282295 7.50865e-18)
(-0.101081 0.313922 9.80681e-18)
(-0.0495133 0.335782 -9.71409e-18)
(0.00284208 0.347926 0)
(0.0571481 0.351032 0)
(0.234102 0.277593 0)
(0.0424652 0.0862842 -4.75749e-17)
(-0.0901877 0.05713 7.77462e-18)
(-0.150682 0.0619803 -6.56825e-18)
(-0.175254 0.0917117 2.42674e-17)
(-0.171651 0.12943 5.74829e-18)
(-0.149444 0.167992 1.64781e-17)
(-0.115436 0.202029 -4.50502e-17)
(-0.0750196 0.228287 2.58838e-18)
(-0.0316764 0.244607 -1.2726e-18)
(0.0122291 0.250827 1.26943e-18)
(0.0574588 0.247254 0)
(0.256332 0.24381 0)
(0.0946943 0.0411312 -1.10464e-16)
(-0.0301295 0.00417935 0)
(-0.0937521 0.00233555 -2.92066e-17)
(-0.123922 0.0287657 2.00222e-17)
(-0.12739 0.0639557 3.77034e-17)
(-0.112351 0.0994641 -2.99383e-18)
(-0.0855365 0.12973 2.00598e-17)
(-0.0526718 0.151655 0)
(-0.0173466 0.16325 -1.36187e-18)
(0.0182427 0.164209 1.35149e-18)
(0.0545014 0.154597 0)
(0.260219 0.194638 0)
(0.137112 -0.00599183 -1.66745e-17)
(0.026238 -0.0501598 1.02957e-17)
(-0.0389373 -0.0557103 -3.3454e-17)
(-0.0743594 -0.0307137 -6.06888e-17)
(-0.0852257 0.00341031 -2.13022e-17)
(-0.0779238 0.0371838 -6.72165e-18)
(-0.0586463 0.0648557 -2.88387e-17)
(-0.0334062 0.0834895 3.09476e-18)
(-0.00599944 0.0912283 -1.35665e-17)
(0.0213802 0.0877392 1.48601e-18)
(0.048821 0.0729817 0)
(0.251243 0.134736 -3.3698e-16)
(0.169868 -0.05501 1.67131e-16)
(0.0796966 -0.107027 -8.85766e-17)
(0.0150138 -0.113009 -1.0098e-17)
(-0.0251978 -0.0877658 3.65633e-17)
(-0.0439766 -0.053119 8.53107e-18)
(-0.0451517 -0.0196808 -8.03921e-18)
(-0.0339345 0.00662767 6.36599e-22)
(-0.0165509 0.0229967 0)
(0.0029266 0.0277351 1.4145e-17)
(0.0221757 0.0206799 0)
(0.0409704 0.00181637 0)
(0.22865 0.0578229 4.30244e-16)
(0.193185 -0.104704 -2.50164e-16)
(0.130171 -0.166332 1.54631e-16)
(0.0688228 -0.170722 1.09397e-16)
(0.0245264 -0.144125 1.25207e-17)
(-0.00245812 -0.107621 4.67814e-17)
(-0.0129148 -0.0729021 -4.92467e-17)
(-0.0104661 -0.0464839 3.0832e-17)
(-0.00134366 -0.0312514 4.88348e-18)
(0.0101401 -0.028692 1.86893e-17)
(0.0213308 -0.0384339 -9.0647e-18)
(0.031689 -0.0602715 0)
(0.190465 -0.011445 0)
(0.205336 -0.157843 3.10071e-16)
(0.17708 -0.225785 -2.42587e-16)
(0.122835 -0.230978 4.64375e-17)
(0.0761241 -0.204005 -4.49282e-17)
(0.0410137 -0.165363 -8.44358e-17)
(0.0201476 -0.127189 1.08304e-16)
(0.0127664 -0.0983198 -9.21606e-18)
(0.01317 -0.0826425 0)
(0.0167238 -0.0813294 -3.25868e-17)
(0.0202909 -0.0929457 4.64493e-17)
(0.0227232 -0.116678 0)
(0.134071 -0.0432983 -7.88023e-16)
(0.20925 -0.19008 5.0424e-16)
(0.215145 -0.280451 5.15221e-16)
(0.178928 -0.286829 0)
(0.135078 -0.266524 -3.59076e-16)
(0.0927315 -0.231407 -3.18648e-16)
(0.0576099 -0.189001 1.51266e-16)
(0.0377181 -0.155594 -2.6705e-17)
(0.0289208 -0.138803 2.63342e-17)
(0.024787 -0.137914 0)
(0.0214161 -0.150616 1.27889e-20)
(0.0167676 -0.175567 2.24534e-17)
)
;

boundaryField
{
    rotor
    {
        type            noSlip;
    }
    stator
    {
        type            noSlip;
    }
    front
    {
        type            empty;
    }
    back
    {
        type            empty;
    }
}


// ************************************************************************* //
