/*--------------------------------*- C++ -*----------------------------------*\
| =========                 |                                                 |
| \\      /  F ield         | OpenFOAM: The Open Source CFD Toolbox           |
|  \\    /   O peration     | Version:  v1912                                 |
|   \\  /    A nd           | Website:  www.openfoam.com                      |
|    \\/     M anipulation  |                                                 |
\*---------------------------------------------------------------------------*/
FoamFile
{
    version     2.0;
    format      ascii;
    class       surfaceScalarField;
    location    "150";
    object      phi;
}
// * * * * * * * * * * * * * * * * * * * * * * * * * * * * * * * * * * * * * //

dimensions      [0 3 -1 0 0 0 0];
oriented        oriented;


internalField   nonuniform List<scalar> 
5952
(
7.20781e-06
-7.29215e-06
1.2451e-05
-5.24558e-06
1.51722e-05
-2.72e-06
1.34894e-05
1.68448e-06
5.8046e-06
7.68487e-06
-1.06198e-05
1.64262e-05
-3.51742e-05
2.45539e-05
-5.60732e-05
2.08996e-05
-7.29267e-05
1.68532e-05
-8.61488e-05
1.32222e-05
-9.62597e-05
1.01107e-05
7.02747e-06
-0.000103287
3.60292e-06
-1.08977e-05
3.03117e-06
-4.67571e-06
-3.56484e-06
3.8751e-06
-1.81028e-05
1.62227e-05
-3.74893e-05
2.70713e-05
-5.29599e-05
3.18973e-05
-6.01047e-05
3.16987e-05
-6.63835e-05
2.71787e-05
-7.23107e-05
2.27804e-05
-7.7468e-05
1.83796e-05
-8.12961e-05
1.39388e-05
9.82076e-06
-8.40897e-05
-1.58017e-06
-9.3195e-06
-7.70123e-06
1.4436e-06
-1.96108e-05
1.57839e-05
-3.28629e-05
2.94747e-05
-4.25289e-05
3.67374e-05
-4.83619e-05
3.77306e-05
-5.20054e-05
3.53424e-05
-5.55987e-05
3.07723e-05
-5.86434e-05
2.58252e-05
-6.11511e-05
2.08874e-05
-6.32671e-05
1.60548e-05
1.15212e-05
-6.49678e-05
-5.85304e-06
-3.46831e-06
-1.42043e-05
9.79345e-06
-2.29796e-05
2.45586e-05
-3.02079e-05
3.67029e-05
-3.50533e-05
4.15829e-05
-3.82854e-05
4.09631e-05
-4.03088e-05
3.7366e-05
-4.19951e-05
3.24591e-05
-4.36303e-05
2.74605e-05
-4.52383e-05
2.24956e-05
-4.67697e-05
1.75863e-05
1.28093e-05
-4.80577e-05
-6.63542e-06
3.16305e-06
-1.29105e-05
1.60671e-05
-1.82572e-05
2.99047e-05
-2.2241e-05
4.06866e-05
-2.45754e-05
4.39173e-05
-2.57463e-05
4.21344e-05
-2.65065e-05
3.81264e-05
-2.74377e-05
3.33907e-05
-2.85201e-05
2.85432e-05
-2.96929e-05
2.36687e-05
-3.08801e-05
1.87736e-05
1.38767e-05
-3.19472e-05
-5.25984e-06
8.41878e-06
-9.38769e-06
2.01929e-05
-1.19649e-05
3.24805e-05
-1.30327e-05
4.17536e-05
-1.30881e-05
4.39723e-05
-1.28093e-05
4.18549e-05
-1.27639e-05
3.80809e-05
-1.31045e-05
3.37308e-05
-1.37648e-05
2.92036e-05
-1.46454e-05
2.45488e-05
-1.56315e-05
1.97598e-05
1.48346e-05
-1.65899e-05
-3.44008e-06
1.18518e-05
-5.46626e-06
2.22159e-05
-5.45228e-06
3.24644e-05
-3.86918e-06
4.01692e-05
-1.82153e-06
4.19229e-05
-2.28935e-07
4.02613e-05
6.67852e-07
3.71828e-05
8.9783e-07
3.35003e-05
6.07857e-07
2.94926e-05
-4.18214e-08
2.51981e-05
-8.95431e-07
2.06126e-05
1.57401e-05
-1.80137e-06
-2.63651e-06
1.4485e-05
-2.7343e-06
2.23117e-05
-1.02714e-07
2.98311e-05
4.34291e-06
3.5722e-05
8.54703e-06
3.77174e-05
1.16268e-05
3.71804e-05
1.35018e-05
3.53069e-05
1.43581e-05
3.26433e-05
1.44463e-05
2.94038e-05
1.40068e-05
2.56371e-05
1.32536e-05
2.13654e-05
1.66196e-05
1.23736e-05
-2.89059e-06
1.73737e-05
-1.7376e-06
2.11578e-05
3.68128e-06
2.44114e-05
1.08934e-05
2.85091e-05
1.74335e-05
3.11765e-05
2.22802e-05
3.2333e-05
2.53728e-05
3.22137e-05
2.70081e-05
3.10075e-05
2.75501e-05
2.88614e-05
2.7347e-05
2.58399e-05
2.66973e-05
2.20149e-05
1.74704e-05
2.58463e-05
-5.7891e-06
2.31642e-05
-1.01341e-06
1.63822e-05
8.03875e-06
1.53593e-05
1.74662e-05
1.90812e-05
2.57444e-05
2.28978e-05
3.20577e-05
2.60189e-05
3.62976e-05
2.79733e-05
3.87303e-05
2.85744e-05
3.97694e-05
2.78221e-05
3.98406e-05
2.57684e-05
3.93141e-05
2.25413e-05
1.82764e-05
3.85079e-05
-1.37223e-07
2.3304e-05
1.00739e-05
6.17209e-06
2.06662e-05
4.76739e-06
2.98892e-05
9.85792e-06
3.75456e-05
1.5241e-05
4.34834e-05
2.00805e-05
4.76688e-05
2.37873e-05
5.02316e-05
2.6011e-05
5.14221e-05
2.66312e-05
5.15967e-05
2.55934e-05
5.11139e-05
2.30237e-05
1.90703e-05
5.03196e-05
3.34145e-05
-1.011e-05
4.40979e-05
-4.51048e-06
4.94598e-05
-5.94414e-07
5.38657e-05
5.45197e-06
5.73657e-05
1.17405e-05
6.00631e-05
1.73826e-05
6.20016e-05
2.18483e-05
6.31444e-05
2.48679e-05
6.34806e-05
2.62946e-05
6.31535e-05
2.59202e-05
6.23588e-05
2.38182e-05
6.13797e-05
2.0049e-05
-0.000107666
4.37889e-06
-0.000109405
1.73823e-06
-0.000108799
-6.06054e-07
-0.000105919
-2.88033e-06
-0.000100819
-5.10059e-06
-9.32776e-05
-7.54224e-06
-8.32147e-05
-1.00633e-05
-7.03756e-05
-1.28397e-05
-5.45902e-05
-1.57859e-05
-3.5844e-05
-1.87469e-05
-1.5644e-05
-2.02014e-05
-1.56445e-05
-8.57122e-05
6.00139e-06
-8.63694e-05
2.395e-06
-8.59322e-05
-1.04346e-06
-8.43237e-05
-4.48946e-06
-8.12943e-05
-8.13035e-06
-7.68007e-05
-1.20366e-05
-7.05971e-05
-1.62676e-05
-6.24973e-05
-2.09401e-05
-5.21185e-05
-2.61653e-05
-3.8977e-05
-3.1889e-05
-2.26475e-05
-3.65319e-05
-3.82923e-05
-6.61566e-05
7.19013e-06
-6.67198e-05
2.95784e-06
-6.64638e-05
-1.29959e-06
-6.52269e-05
-5.72688e-06
-6.29317e-05
-1.04259e-05
-5.94883e-05
-1.54807e-05
-5.47525e-05
-2.1004e-05
-4.85825e-05
-2.71109e-05
-4.0817e-05
-3.39314e-05
-3.10591e-05
-4.16474e-05
-1.80972e-05
-4.94944e-05
-5.63895e-05
-4.8967e-05
8.09952e-06
-4.93698e-05
3.36055e-06
-4.91615e-05
-1.50791e-06
-4.82581e-05
-6.63053e-06
-4.65949e-05
-1.20893e-05
-4.41317e-05
-1.79444e-05
-4.07746e-05
-2.43615e-05
-3.64322e-05
-3.14538e-05
-3.09552e-05
-3.94087e-05
-2.41683e-05
-4.84344e-05
-1.47718e-05
-5.8891e-05
-7.11616e-05
-3.27708e-05
8.92322e-06
-3.32501e-05
3.83996e-06
-3.33059e-05
-1.45219e-06
-3.2872e-05
-7.06459e-06
-3.19221e-05
-1.30394e-05
-3.04224e-05
-1.94444e-05
-2.83164e-05
-2.64679e-05
-2.55322e-05
-3.42381e-05
-2.1951e-05
-4.29901e-05
-1.71986e-05
-5.31875e-05
-1.05109e-05
-6.55797e-05
-8.16728e-05
-1.74055e-05
9.73885e-06
-1.79935e-05
4.4276e-06
-1.82904e-05
-1.15566e-06
-1.82929e-05
-7.06258e-06
-1.79984e-05
-1.33346e-05
-1.73562e-05
-2.00874e-05
-1.63568e-05
-2.7468e-05
-1.49717e-05
-3.56241e-05
-1.3145e-05
-4.48184e-05
-1.08015e-05
-5.55321e-05
-7.16925e-06
-6.92132e-05
-8.88434e-05
-2.64141e-06
1.05782e-05
-3.34287e-06
5.1284e-06
-3.87747e-06
-6.21866e-07
-4.25423e-06
-6.68681e-06
-4.47768e-06
-1.31122e-05
-4.55736e-06
-2.00088e-05
-4.51395e-06
-2.75127e-05
-4.37846e-06
-3.57612e-05
-4.1888e-06
-4.50086e-05
-3.94237e-06
-5.57808e-05
-3.24596e-06
-6.9912e-05
-9.20898e-05
1.15051e-05
1.14463e-05
1.07155e-05
5.91748e-06
1.0021e-05
7.19901e-08
9.39765e-06
-6.06448e-06
8.80836e-06
-1.25239e-05
8.20419e-06
-1.94059e-05
7.51723e-06
-2.68268e-05
6.63013e-06
-3.48748e-05
5.38636e-06
-4.37669e-05
3.60934e-06
-5.40043e-05
1.12044e-06
-6.7424e-05
-9.09705e-05
2.49737e-05
1.23185e-05
2.41545e-05
6.73623e-06
2.34034e-05
8.22341e-07
2.26864e-05
-5.34834e-06
2.19452e-05
-1.17837e-05
2.11005e-05
-1.85621e-05
2.00299e-05
-2.57569e-05
1.84977e-05
-3.33437e-05
1.61708e-05
-4.14396e-05
1.25793e-05
-5.04139e-05
7.27666e-06
-6.21228e-05
-8.36939e-05
3.76709e-05
1.31553e-05
3.68914e-05
7.51539e-06
3.61973e-05
1.51562e-06
3.55607e-05
-4.71239e-06
3.49247e-05
-1.11486e-05
3.41978e-05
-1.78358e-05
3.32085e-05
-2.47682e-05
3.15569e-05
-3.16919e-05
2.86695e-05
-3.85529e-05
2.37097e-05
-4.54541e-05
1.52899e-05
-5.37029e-05
-6.84042e-05
4.95378e-05
1.39364e-05
4.88544e-05
8.19797e-06
4.833e-05
2.03895e-06
4.79624e-05
-4.34584e-06
4.77259e-05
-1.09131e-05
4.7542e-05
-1.76526e-05
4.72085e-05
-2.44351e-05
4.61175e-05
-3.06013e-05
4.34868e-05
-3.59219e-05
3.80589e-05
-4.00261e-05
2.64109e-05
-4.20552e-05
-4.1993e-05
6.05776e-05
1.47381e-05
6.00308e-05
8.74397e-06
5.97847e-05
2.28429e-06
5.99099e-05
-4.47205e-06
6.04212e-05
-1.14249e-05
6.12526e-05
-1.84845e-05
6.21633e-05
-2.53459e-05
6.23195e-05
-3.07575e-05
6.10142e-05
-3.46165e-05
5.66195e-05
-3.56314e-05
4.40787e-05
-2.95142e-05
2.08566e-06
7.27379e-06
-7.27626e-06
1.24715e-05
-5.19947e-06
1.51935e-05
-2.72594e-06
1.35412e-05
1.6503e-06
5.91178e-06
7.62594e-06
-1.0363e-05
1.62743e-05
-3.48671e-05
2.45025e-05
-5.58135e-05
2.09465e-05
-7.2681e-05
1.68668e-05
-8.59297e-05
1.32487e-05
-9.6059e-05
1.01289e-05
7.05095e-06
-0.00010311
3.59242e-06
-1.08716e-05
3.08422e-06
-4.69319e-06
-3.43727e-06
3.79283e-06
-1.78772e-05
1.60891e-05
-3.72305e-05
2.69784e-05
-5.27953e-05
3.1839e-05
-5.9986e-05
3.16927e-05
-6.62436e-05
2.72041e-05
-7.21699e-05
2.27928e-05
-7.73273e-05
1.84061e-05
-8.11636e-05
1.3965e-05
9.85124e-06
-8.3964e-05
-1.5253e-06
-9.34707e-06
-7.57023e-06
1.35069e-06
-1.94361e-05
1.56578e-05
-3.2701e-05
2.93538e-05
-4.23964e-05
3.66734e-05
-4.82674e-05
3.771e-05
-5.1914e-05
3.53391e-05
-5.54896e-05
3.07798e-05
-5.85353e-05
2.58384e-05
-6.10403e-05
2.09112e-05
-6.31573e-05
1.60819e-05
1.15531e-05
-6.48593e-05
-5.8031e-06
-3.54539e-06
-1.41302e-05
9.67689e-06
-2.29022e-05
2.44292e-05
-3.0141e-05
3.65927e-05
-3.49887e-05
4.1521e-05
-3.82146e-05
4.09363e-05
-4.02342e-05
3.73587e-05
-4.1913e-05
3.2459e-05
-4.35421e-05
2.74675e-05
-4.5143e-05
2.25123e-05
-4.66719e-05
1.76108e-05
1.28417e-05
-4.79603e-05
-6.61495e-06
3.06606e-06
-1.28927e-05
1.59528e-05
-1.824e-05
2.97762e-05
-2.22188e-05
4.05708e-05
-2.45449e-05
4.38477e-05
-2.57057e-05
4.20969e-05
-2.64519e-05
3.81058e-05
-2.73728e-05
3.33795e-05
-2.84468e-05
2.85421e-05
-2.96136e-05
2.36788e-05
-3.07975e-05
1.87953e-05
1.39089e-05
-3.1865e-05
-5.26323e-06
8.32007e-06
-9.38885e-06
2.00765e-05
-1.19752e-05
3.23593e-05
-1.30413e-05
4.16371e-05
-1.30879e-05
4.38928e-05
-1.27927e-05
4.18021e-05
-1.2733e-05
3.80448e-05
-1.30611e-05
3.3708e-05
-1.3713e-05
2.91931e-05
-1.45867e-05
2.45526e-05
-1.55697e-05
1.97775e-05
1.48662e-05
-1.65272e-05
-3.464e-06
1.17806e-05
-5.50494e-06
2.21131e-05
-5.48879e-06
3.23425e-05
-3.90585e-06
4.0052e-05
-1.84633e-06
4.18321e-05
-2.39182e-07
4.01932e-05
6.7258e-07
3.71321e-05
9.14479e-07
3.34648e-05
6.34176e-07
2.94727e-05
-8.89738e-09
2.51946e-05
-8.58161e-07
2.0626e-05
1.57698e-05
-1.76274e-06
-2.67485e-06
1.44508e-05
-2.7932e-06
2.22307e-05
-1.695e-07
2.97161e-05
4.27745e-06
3.56034e-05
8.493e-06
3.76151e-05
1.15875e-05
3.70974e-05
1.34765e-05
3.5242e-05
1.43448e-05
3.25955e-05
1.44429e-05
2.93738e-05
1.40108e-05
2.56258e-05
1.32627e-05
2.13733e-05
1.66465e-05
1.23854e-05
-2.92235e-06
1.73721e-05
-1.79408e-06
2.11e-05
3.60623e-06
2.43155e-05
1.08101e-05
2.83985e-05
1.73543e-05
3.10699e-05
2.22117e-05
3.2239e-05
2.53163e-05
3.21366e-05
2.69629e-05
3.09482e-05
2.75147e-05
2.88212e-05
2.73198e-05
2.58202e-05
2.66762e-05
2.20163e-05
1.74931e-05
2.5829e-05
-5.79526e-06
2.31666e-05
-1.03862e-06
1.6344e-05
7.98449e-06
1.52914e-05
1.73913e-05
1.89914e-05
2.56601e-05
2.28004e-05
3.19733e-05
2.59252e-05
3.62183e-05
2.78908e-05
3.86584e-05
2.85075e-05
3.97053e-05
2.77738e-05
3.9784e-05
2.5741e-05
3.92639e-05
2.2536e-05
1.82943e-05
3.84621e-05
-1.30046e-07
2.32968e-05
1.00653e-05
6.14794e-06
2.06354e-05
4.72173e-06
2.98378e-05
9.78887e-06
3.74779e-05
1.516e-05
4.34046e-05
1.9998e-05
4.75846e-05
2.37101e-05
5.01467e-05
2.59447e-05
5.13394e-05
2.65804e-05
5.15176e-05
2.55621e-05
5.10393e-05
2.30136e-05
1.90841e-05
5.02487e-05
3.3414e-05
-1.01173e-05
4.40942e-05
-4.53185e-06
4.9447e-05
-6.31166e-07
5.38367e-05
5.39909e-06
5.73193e-05
1.16773e-05
6.00009e-05
1.73161e-05
6.19267e-05
2.17839e-05
6.30604e-05
2.48104e-05
6.33914e-05
2.62489e-05
6.30623e-05
2.58907e-05
6.2268e-05
2.38073e-05
6.12898e-05
2.00616e-05
-0.00010751
4.39981e-06
-0.000109271
1.76065e-06
-0.000108684
-5.86983e-07
-0.000105823
-2.86141e-06
-0.000100741
-5.08239e-06
-9.3216e-05
-7.52547e-06
-8.31682e-05
-1.0048e-05
-7.0342e-05
-1.28266e-05
-5.45674e-05
-1.57748e-05
-3.58296e-05
-1.8738e-05
-1.56365e-05
-2.01935e-05
-1.56367e-05
-8.55967e-05
6.0324e-06
-8.62632e-05
2.4269e-06
-8.58384e-05
-1.01197e-06
-8.42434e-05
-4.45684e-06
-8.12276e-05
-8.09834e-06
-7.67476e-05
-1.20059e-05
-7.05569e-05
-1.62391e-05
-6.2469e-05
-2.09147e-05
-5.21003e-05
-2.61438e-05
-3.89668e-05
-3.18717e-05
-2.26439e-05
-3.65167e-05
-3.82806e-05
-6.60527e-05
7.22581e-06
-6.66231e-05
2.99705e-06
-6.63776e-05
-1.25744e-06
-6.51521e-05
-5.68273e-06
-6.28691e-05
-1.03814e-05
-5.9438e-05
-1.54374e-05
-5.47142e-05
-2.09631e-05
-4.85558e-05
-2.70735e-05
-4.08011e-05
-3.38987e-05
-3.10516e-05
-4.16214e-05
-1.80943e-05
-4.94742e-05
-5.63748e-05
-4.88734e-05
8.13898e-06
-4.92829e-05
3.40655e-06
-4.90839e-05
-1.45647e-06
-4.8191e-05
-6.57578e-06
-4.65393e-05
-1.20331e-05
-4.40878e-05
-1.78893e-05
-4.07419e-05
-2.43091e-05
-3.64099e-05
-3.14057e-05
-3.09421e-05
-3.93668e-05
-2.41628e-05
-4.84007e-05
-1.47712e-05
-5.88657e-05
-7.11465e-05
-3.26917e-05
8.96584e-06
-3.3177e-05
3.89179e-06
-3.3241e-05
-1.39273e-06
-3.28165e-05
-7.00026e-06
-3.18773e-05
-1.29728e-05
-3.03883e-05
-1.93784e-05
-2.82925e-05
-2.64055e-05
-2.55172e-05
-3.41812e-05
-2.19434e-05
-4.2941e-05
-1.71962e-05
-5.31477e-05
-1.05104e-05
-6.55535e-05
-8.1657e-05
-1.73452e-05
9.78331e-06
-1.79379e-05
4.48375e-06
-1.82414e-05
-1.08953e-06
-1.82527e-05
-6.99018e-06
-1.7967e-05
-1.3259e-05
-1.73341e-05
-2.00126e-05
-1.63431e-05
-2.73972e-05
-1.49651e-05
-3.55602e-05
-1.31434e-05
-4.47634e-05
-1.08051e-05
-5.54892e-05
-7.16972e-06
-6.91889e-05
-8.88289e-05
-2.60385e-06
1.06234e-05
-3.30848e-06
5.18738e-06
-3.84814e-06
-5.51216e-07
-4.23124e-06
-6.60828e-06
-4.46182e-06
-1.303e-05
-4.54833e-06
-1.99275e-05
-4.51088e-06
-2.74361e-05
-4.3796e-06
-3.56929e-05
-4.19322e-06
-4.49519e-05
-3.94563e-06
-5.57368e-05
-3.25302e-06
-6.98866e-05
-9.20823e-05
1.15171e-05
1.14908e-05
1.07262e-05
5.97743e-06
1.00287e-05
1.45104e-07
9.40133e-06
-5.98207e-06
8.8074e-06
-1.24374e-05
8.19927e-06
-1.93206e-05
7.5092e-06
-2.67472e-05
6.62047e-06
-3.48051e-05
5.37772e-06
-4.37096e-05
3.60101e-06
-5.39633e-05
1.1152e-06
-6.74003e-05
-9.09681e-05
2.49583e-05
1.23609e-05
2.41399e-05
6.79491e-06
2.33884e-05
8.95638e-07
2.26698e-05
-5.26456e-06
2.1927e-05
-1.16956e-05
2.10813e-05
-1.84757e-05
2.00108e-05
-2.56774e-05
1.84808e-05
-3.32755e-05
1.61565e-05
-4.1386e-05
1.25695e-05
-5.03751e-05
7.27013e-06
-6.21025e-05
-8.36978e-05
3.76279e-05
1.31945e-05
3.68514e-05
7.57049e-06
3.61595e-05
1.58678e-06
3.55241e-05
-4.63002e-06
3.48898e-05
-1.10619e-05
3.41654e-05
-1.77518e-05
3.31796e-05
-2.46918e-05
3.15331e-05
-3.1629e-05
2.86524e-05
-3.85046e-05
2.36977e-05
-4.54208e-05
1.52824e-05
-5.36864e-05
-6.84141e-05
4.94695e-05
1.39727e-05
4.87914e-05
8.24754e-06
4.8271e-05
2.10605e-06
4.79074e-05
-4.26736e-06
4.76759e-05
-1.0831e-05
4.74983e-05
-1.75746e-05
4.71717e-05
-2.43654e-05
4.60894e-05
-3.05465e-05
4.3467e-05
-3.5882e-05
3.80464e-05
-3.99994e-05
2.64047e-05
-4.20427e-05
-4.20091e-05
6.04907e-05
1.47709e-05
5.99493e-05
8.7882e-06
5.97084e-05
2.34597e-06
5.98404e-05
-4.39987e-06
6.03599e-05
-1.13509e-05
6.12013e-05
-1.84161e-05
6.21219e-05
-2.5286e-05
6.22896e-05
-3.0714e-05
6.09926e-05
-3.45845e-05
5.6606e-05
-3.56118e-05
4.40731e-05
-2.95099e-05
2.06578e-06
7.27609e-06
-7.27744e-06
1.24725e-05
-5.1962e-06
1.51881e-05
-2.71748e-06
1.35249e-05
1.66505e-06
5.86248e-06
7.66048e-06
-1.0482e-05
1.63463e-05
-3.5016e-05
2.45326e-05
-5.59519e-05
2.09369e-05
-7.28237e-05
1.6871e-05
-8.60683e-05
1.32449e-05
-9.61961e-05
1.01271e-05
7.04537e-06
-0.000103242
3.59075e-06
-1.08695e-05
3.07344e-06
-4.67935e-06
-3.46747e-06
3.8225e-06
-1.79474e-05
1.61453e-05
-3.73208e-05
2.70335e-05
-5.28586e-05
3.18847e-05
-6.00441e-05
3.1718e-05
-6.63199e-05
2.72131e-05
-7.22544e-05
2.28053e-05
-7.74188e-05
1.84092e-05
-8.12577e-05
1.39657e-05
9.84666e-06
-8.40593e-05
-1.52345e-06
-9.34687e-06
-7.58183e-06
1.37849e-06
-1.9467e-05
1.57071e-05
-3.27449e-05
2.94233e-05
-4.24402e-05
3.67287e-05
-4.83068e-05
3.77515e-05
-5.19615e-05
3.53726e-05
-5.55522e-05
3.08039e-05
-5.86037e-05
2.58565e-05
-6.11155e-05
2.09209e-05
-6.32372e-05
1.6087e-05
1.15519e-05
-6.49428e-05
-5.80244e-06
-3.54535e-06
-1.41333e-05
9.70888e-06
-2.29128e-05
2.44863e-05
-3.01555e-05
3.6666e-05
-3.50093e-05
4.15824e-05
-3.82435e-05
4.09857e-05
-4.02699e-05
3.73988e-05
-4.1958e-05
3.24919e-05
-4.3596e-05
2.74942e-05
-4.5206e-05
2.25307e-05
-4.67408e-05
1.76215e-05
1.28438e-05
-4.80328e-05
-6.61275e-06
3.0656e-06
-1.28875e-05
1.59832e-05
-1.8236e-05
2.98343e-05
-2.22187e-05
4.06486e-05
-2.45524e-05
4.39157e-05
-2.5721e-05
4.2154e-05
-2.6477e-05
3.81542e-05
-2.74069e-05
3.34213e-05
-2.84895e-05
2.85762e-05
-2.96633e-05
2.37042e-05
-3.08529e-05
1.88107e-05
1.39143e-05
-3.19235e-05
-5.25795e-06
8.32171e-06
-9.38143e-06
2.01056e-05
-1.1963e-05
3.2415e-05
-1.30302e-05
4.17151e-05
-1.30812e-05
4.39659e-05
-1.27949e-05
4.18665e-05
-1.27434e-05
3.81016e-05
-1.30805e-05
3.37571e-05
-1.37395e-05
2.92343e-05
-1.46201e-05
2.45836e-05
-1.56077e-05
1.97977e-05
1.48745e-05
-1.65687e-05
-3.45573e-06
1.17741e-05
-5.48799e-06
2.21364e-05
-5.46933e-06
3.2395e-05
-3.88252e-06
4.01273e-05
-1.82639e-06
4.1908e-05
-2.25209e-07
4.02639e-05
6.78675e-07
3.71955e-05
9.13452e-07
3.35208e-05
6.26066e-07
2.95196e-05
-2.25929e-08
2.5231e-05
-8.76582e-07
2.06503e-05
1.57813e-05
-1.78411e-06
-2.6643e-06
1.44368e-05
-2.77414e-06
2.2245e-05
-1.41626e-07
2.97616e-05
4.3121e-06
3.5672e-05
8.52805e-06
3.76909e-05
1.16182e-05
3.71717e-05
1.35011e-05
3.53111e-05
1.43628e-05
3.26571e-05
1.44548e-05
2.9426e-05
1.40175e-05
2.56668e-05
1.32653e-05
2.14016e-05
1.66607e-05
1.2385e-05
-2.91615e-06
1.73537e-05
-1.77919e-06
2.1108e-05
3.63413e-06
2.43478e-05
1.08506e-05
2.84549e-05
1.74005e-05
3.11399e-05
2.22575e-05
3.23137e-05
2.53579e-05
3.22091e-05
2.69993e-05
3.10142e-05
2.7546e-05
2.88779e-05
2.73466e-05
2.58651e-05
2.66993e-05
2.2048e-05
1.751e-05
2.58495e-05
-5.79969e-06
2.31532e-05
-1.03415e-06
1.63427e-05
8.00406e-06
1.53094e-05
1.74261e-05
1.90327e-05
2.57058e-05
2.28595e-05
3.20244e-05
2.59944e-05
3.62698e-05
2.79625e-05
3.8708e-05
2.8575e-05
3.9752e-05
2.78327e-05
3.98279e-05
2.57884e-05
3.9305e-05
2.25703e-05
1.83132e-05
3.85013e-05
-1.32703e-07
2.32877e-05
1.00665e-05
6.14393e-06
2.06433e-05
4.73273e-06
2.98561e-05
9.81986e-06
3.75077e-05
1.52077e-05
4.34446e-05
2.0057e-05
4.7632e-05
2.37744e-05
5.01983e-05
2.60079e-05
5.1393e-05
2.66372e-05
5.1572e-05
2.56087e-05
5.10933e-05
2.30483e-05
1.91038e-05
5.03021e-05
3.34129e-05
-1.01253e-05
4.40878e-05
-4.53108e-06
4.94383e-05
-6.17842e-07
5.38317e-05
5.4262e-06
5.73233e-05
1.17161e-05
6.00167e-05
1.73634e-05
6.19551e-05
2.18358e-05
6.30999e-05
2.48626e-05
6.34399e-05
2.6297e-05
6.31173e-05
2.5931e-05
6.2327e-05
2.38383e-05
6.13519e-05
2.00785e-05
-0.000107635
4.39303e-06
-0.000109387
1.75141e-06
-0.000108791
-5.96578e-07
-0.000105919
-2.87253e-06
-0.000100825
-5.09471e-06
-9.32877e-05
-7.53836e-06
-8.32269e-05
-1.00614e-05
-7.0388e-05
-1.28397e-05
-5.46011e-05
-1.57875e-05
-3.5852e-05
-1.87498e-05
-1.56486e-05
-2.02051e-05
-1.56492e-05
-8.56908e-05
6.02416e-06
-8.63551e-05
2.41514e-06
-8.59255e-05
-1.02666e-06
-8.43237e-05
-4.47501e-06
-8.13001e-05
-8.11888e-06
-7.68109e-05
-1.20284e-05
-7.06102e-05
-1.62629e-05
-6.25118e-05
-2.0939e-05
-5.21325e-05
-2.61675e-05
-3.89882e-05
-3.1895e-05
-2.26536e-05
-3.65408e-05
-3.83031e-05
-6.61374e-05
7.21844e-06
-6.67065e-05
2.98382e-06
-6.64573e-05
-1.27625e-06
-6.52263e-05
-5.70665e-06
-6.29364e-05
-1.04093e-05
-5.9497e-05
-1.54686e-05
-5.4764e-05
-2.09967e-05
-4.85953e-05
-2.71085e-05
-4.08294e-05
-3.39341e-05
-3.10699e-05
-4.16551e-05
-1.81032e-05
-4.95081e-05
-5.64063e-05
-4.89473e-05
8.13273e-06
-4.93558e-05
3.39211e-06
-4.91535e-05
-1.47868e-06
-4.82555e-05
-6.60504e-06
-4.65973e-05
-1.20678e-05
-4.4138e-05
-1.79284e-05
-4.07836e-05
-2.43516e-05
-3.64427e-05
-3.14501e-05
-3.09658e-05
-3.94112e-05
-2.4178e-05
-4.84432e-05
-1.47773e-05
-5.89088e-05
-7.1184e-05
-3.27516e-05
8.96068e-06
-3.32362e-05
3.87662e-06
-3.32973e-05
-1.41775e-06
-3.28684e-05
-7.03416e-06
-3.19231e-05
-1.30134e-05
-3.04271e-05
-1.94249e-05
-2.83235e-05
-2.64557e-05
-2.55405e-05
-3.42334e-05
-2.19592e-05
-4.29928e-05
-1.72054e-05
-5.31976e-05
-1.05154e-05
-6.55999e-05
-8.16997e-05
-1.73881e-05
9.77974e-06
-1.79803e-05
4.4684e-06
-1.82817e-05
-1.11677e-06
-1.82891e-05
-7.02733e-06
-1.79986e-05
-1.33047e-05
-1.73595e-05
-2.00648e-05
-1.63621e-05
-2.74538e-05
-1.49777e-05
-3.56188e-05
-1.31505e-05
-4.48218e-05
-1.0805e-05
-5.55442e-05
-7.17314e-06
-6.92332e-05
-8.88743e-05
-2.62671e-06
1.06215e-05
-3.3314e-06
5.17235e-06
-3.86985e-06
-5.79169e-07
-4.25055e-06
-6.64766e-06
-4.47732e-06
-1.30791e-05
-4.55938e-06
-1.99839e-05
-4.5172e-06
-2.74974e-05
-4.3819e-06
-3.57559e-05
-4.19162e-06
-4.50126e-05
-3.94458e-06
-5.57938e-05
-3.24629e-06
-6.99342e-05
-9.21212e-05
1.15152e-05
1.14907e-05
1.07235e-05
5.96337e-06
1.00263e-05
1.17345e-07
9.40013e-06
-6.02254e-06
8.80858e-06
-1.24885e-05
8.20318e-06
-1.93799e-05
7.51615e-06
-2.68115e-05
6.6299e-06
-3.48703e-05
5.38714e-06
-4.37722e-05
3.61074e-06
-5.40181e-05
1.12182e-06
-6.74464e-05
-9.10007e-05
2.49771e-05
1.23625e-05
2.41574e-05
6.78247e-06
2.3405e-05
8.68883e-07
2.26865e-05
-5.30502e-06
2.19445e-05
-1.17476e-05
2.11001e-05
-1.85364e-05
2.00308e-05
-2.57431e-05
1.85008e-05
-3.33414e-05
1.61758e-05
-4.14468e-05
1.25848e-05
-5.04284e-05
7.28061e-06
-6.21441e-05
-8.37202e-05
3.76659e-05
1.31974e-05
3.68876e-05
7.56022e-06
3.61939e-05
1.5617e-06
3.55575e-05
-4.66939e-06
3.49224e-05
-1.11135e-05
3.41977e-05
-1.78123e-05
3.32114e-05
-2.47574e-05
3.15632e-05
-3.16931e-05
2.86785e-05
-3.8563e-05
2.37194e-05
-4.54695e-05
1.52968e-05
-5.37214e-05
-6.84241e-05
4.95232e-05
1.39755e-05
4.88429e-05
8.23951e-06
4.83205e-05
2.0829e-06
4.79552e-05
-4.30516e-06
4.77218e-05
-1.08812e-05
4.75421e-05
-1.76333e-05
4.72129e-05
-2.44288e-05
4.61262e-05
-3.06068e-05
4.34986e-05
-3.59353e-05
3.80718e-05
-4.00427e-05
2.64202e-05
-4.20704e-05
-4.20036e-05
6.05544e-05
1.47724e-05
6.00118e-05
8.78122e-06
5.97694e-05
2.32453e-06
5.98992e-05
-4.43603e-06
6.0416e-05
-1.13986e-05
6.12534e-05
-1.84712e-05
6.2169e-05
-2.53447e-05
6.23294e-05
-3.07672e-05
6.1026e-05
-3.4632e-05
5.66325e-05
-3.56493e-05
4.40905e-05
-2.95281e-05
2.08654e-06
7.28123e-06
-7.28335e-06
1.24805e-05
-5.20074e-06
1.52007e-05
-2.72385e-06
1.35452e-05
1.65382e-06
5.90229e-06
7.63968e-06
-1.03986e-05
1.63006e-05
-3.49227e-05
2.45225e-05
-5.58736e-05
2.09512e-05
-7.27447e-05
1.68704e-05
-8.59916e-05
1.3247e-05
-9.61167e-05
1.01248e-05
7.04522e-06
-0.000103162
3.59614e-06
-1.08821e-05
3.09162e-06
-4.69781e-06
-3.43407e-06
3.79938e-06
-1.78888e-05
1.61076e-05
-3.72591e-05
2.70093e-05
-5.28293e-05
3.18707e-05
-6.00233e-05
3.17161e-05
-6.6288e-05
2.7216e-05
-7.22166e-05
2.27987e-05
-7.73746e-05
1.8405e-05
-8.12094e-05
1.39595e-05
9.84199e-06
-8.40062e-05
-1.51653e-06
-9.36616e-06
-7.55453e-06
1.33934e-06
-1.94233e-05
1.56673e-05
-3.27101e-05
2.93942e-05
-4.24214e-05
3.67202e-05
-4.82986e-05
3.77481e-05
-5.1949e-05
3.53664e-05
-5.553e-05
3.07971e-05
-5.85775e-05
2.58462e-05
-6.1083e-05
2.09106e-05
-6.3199e-05
1.60755e-05
1.15418e-05
-6.48988e-05
-5.79148e-06
-3.57576e-06
-1.41164e-05
9.66347e-06
-2.28992e-05
2.44497e-05
-3.01559e-05
3.6651e-05
-3.5013e-05
4.15775e-05
-3.82463e-05
4.09817e-05
-4.02713e-05
3.73916e-05
-4.19537e-05
3.248e-05
-4.35851e-05
2.74777e-05
-4.5187e-05
2.25128e-05
-4.6715e-05
1.76035e-05
1.2828e-05
-4.8001e-05
-6.60326e-06
3.02443e-06
-1.28821e-05
1.59407e-05
-1.82394e-05
2.98069e-05
-2.22314e-05
4.06425e-05
-2.45676e-05
4.39143e-05
-2.57361e-05
4.21502e-05
-2.64879e-05
3.81443e-05
-2.74127e-05
3.34046e-05
-2.84891e-05
2.85549e-05
-2.96569e-05
2.36804e-05
-3.08401e-05
1.87873e-05
1.38929e-05
-3.19053e-05
-5.25514e-06
8.2712e-06
-9.38039e-06
2.00643e-05
-1.19734e-05
3.23969e-05
-1.30488e-05
4.17181e-05
-1.31051e-05
4.39694e-05
-1.28174e-05
4.18631e-05
-1.27635e-05
3.80892e-05
-1.3096e-05
3.37376e-05
-1.3751e-05
2.92089e-05
-1.4626e-05
2.45558e-05
-1.5609e-05
1.97694e-05
1.48486e-05
-1.65646e-05
-3.45809e-06
1.17263e-05
-5.49767e-06
2.21e-05
-5.48414e-06
3.23829e-05
-3.90518e-06
4.01372e-05
-1.85271e-06
4.19158e-05
-2.52417e-07
4.02612e-05
6.53031e-07
3.7183e-05
8.89602e-07
3.34998e-05
6.05334e-07
2.94926e-05
-4.02103e-08
2.52003e-05
-8.90296e-07
2.06189e-05
1.57515e-05
-1.79411e-06
-2.67223e-06
1.43948e-05
-2.78892e-06
2.22162e-05
-1.6193e-07
2.97535e-05
4.28973e-06
3.5684e-05
8.50327e-06
3.7701e-05
1.15916e-05
3.71716e-05
1.34735e-05
3.53001e-05
1.43351e-05
3.26372e-05
1.44278e-05
2.93992e-05
1.39918e-05
2.56356e-05
1.32415e-05
2.13685e-05
1.66289e-05
1.23635e-05
-2.93013e-06
1.73241e-05
-1.80455e-06
2.10886e-05
3.60659e-06
2.43422e-05
1.08268e-05
2.84629e-05
1.73784e-05
3.11486e-05
2.2234e-05
3.23151e-05
2.53323e-05
3.22011e-05
2.69717e-05
3.09971e-05
2.7517e-05
2.88534e-05
2.73166e-05
2.58354e-05
2.66692e-05
2.20155e-05
1.74778e-05
2.58197e-05
-5.82385e-06
2.31477e-05
-1.06699e-06
1.63326e-05
7.97058e-06
1.5304e-05
1.73986e-05
1.90348e-05
2.56827e-05
2.28639e-05
3.20022e-05
2.59951e-05
3.62465e-05
2.79562e-05
3.86823e-05
2.85607e-05
3.97237e-05
2.78115e-05
3.97969e-05
2.57619e-05
3.92721e-05
2.254e-05
1.82824e-05
3.84671e-05
-1.47498e-07
2.32955e-05
1.00417e-05
6.14283e-06
2.06178e-05
4.72833e-06
2.98331e-05
9.81948e-06
3.74868e-05
1.52098e-05
4.34245e-05
2.00569e-05
4.76108e-05
2.37692e-05
5.01748e-05
2.59961e-05
5.13664e-05
2.66193e-05
5.15421e-05
2.55856e-05
5.10604e-05
2.30212e-05
1.90753e-05
5.02668e-05
3.34138e-05
-1.01184e-05
4.40845e-05
-4.52752e-06
4.94313e-05
-6.1845e-07
5.38233e-05
5.42745e-06
5.73142e-05
1.1719e-05
6.00059e-05
1.73648e-05
6.19414e-05
2.18334e-05
6.30823e-05
2.48547e-05
6.34177e-05
2.62834e-05
6.30906e-05
2.59124e-05
6.22962e-05
2.38151e-05
6.13171e-05
2.00538e-05
-0.000107555
4.39279e-06
-0.000109308
1.75312e-06
-0.000108715
-5.93577e-07
-0.000105848
-2.86758e-06
-0.00010076
-5.08811e-06
-9.32298e-05
-7.53029e-06
-8.31778e-05
-1.00521e-05
-7.03483e-05
-1.28298e-05
-5.45711e-05
-1.57773e-05
-3.58315e-05
-1.87398e-05
-1.56369e-05
-2.01948e-05
-1.56371e-05
-8.56346e-05
6.02112e-06
-8.62965e-05
2.41483e-06
-8.58662e-05
-1.02391e-06
-8.42654e-05
-4.46869e-06
-8.12443e-05
-8.10942e-06
-7.67591e-05
-1.20157e-05
-7.05642e-05
-1.62474e-05
-6.24727e-05
-2.09215e-05
-5.21012e-05
-2.6149e-05
-3.89662e-05
-3.18749e-05
-2.26432e-05
-3.65181e-05
-3.82803e-05
-6.60888e-05
7.2112e-06
-6.66547e-05
2.9806e-06
-6.64038e-05
-1.2748e-06
-6.51727e-05
-5.69998e-06
-6.28845e-05
-1.03977e-05
-5.94487e-05
-1.54519e-05
-5.47209e-05
-2.09753e-05
-4.85593e-05
-2.70833e-05
-4.08022e-05
-3.39062e-05
-3.1051e-05
-4.16263e-05
-1.80934e-05
-4.94758e-05
-5.63737e-05
-4.89104e-05
8.12066e-06
-4.9315e-05
3.38529e-06
-4.91104e-05
-1.47928e-06
-4.82121e-05
-6.59832e-06
-4.65552e-05
-1.20546e-05
-4.4099e-05
-1.79082e-05
-4.07493e-05
-2.43251e-05
-3.64143e-05
-3.14186e-05
-3.09441e-05
-3.93766e-05
-2.41631e-05
-4.84073e-05
-1.47706e-05
-5.88681e-05
-7.11446e-05
-3.27282e-05
8.94388e-06
-3.32087e-05
3.86576e-06
-3.32674e-05
-1.42068e-06
-3.28377e-05
-7.02803e-06
-3.18934e-05
-1.29993e-05
-3.03999e-05
-1.94019e-05
-2.83003e-05
-2.64252e-05
-2.55221e-05
-3.41969e-05
-2.19461e-05
-4.29528e-05
-1.71973e-05
-5.31558e-05
-1.05111e-05
-6.5556e-05
-8.16558e-05
-1.73795e-05
9.75821e-06
-1.79679e-05
4.45367e-06
-1.82668e-05
-1.12221e-06
-1.82727e-05
-7.0231e-06
-1.79823e-05
-1.32902e-05
-1.73451e-05
-2.00402e-05
-1.63507e-05
-2.74202e-05
-1.49702e-05
-3.55783e-05
-1.31467e-05
-4.47768e-05
-1.0807e-05
-5.54981e-05
-7.17045e-06
-6.91924e-05
-8.8828e-05
-2.63302e-06
1.05963e-05
-3.33444e-06
5.15414e-06
-3.87005e-06
-5.87828e-07
-4.2488e-06
-6.64551e-06
-4.4752e-06
-1.30653e-05
-4.55815e-06
-1.99585e-05
-4.51794e-06
-2.74617e-05
-4.38476e-06
-3.57127e-05
-4.19705e-06
-4.49663e-05
-3.94866e-06
-5.57464e-05
-3.25435e-06
-6.98908e-05
-9.20826e-05
1.14961e-05
1.14629e-05
1.0707e-05
5.94241e-06
1.00123e-05
1.05809e-07
9.38811e-06
-6.02242e-06
8.79728e-06
-1.24756e-05
8.19166e-06
-1.9354e-05
7.50331e-06
-2.67743e-05
6.61557e-06
-3.48256e-05
5.37336e-06
-4.37243e-05
3.5976e-06
-5.39732e-05
1.11285e-06
-6.74056e-05
-9.09701e-05
2.49482e-05
1.23339e-05
2.413e-05
6.75985e-06
2.33795e-05
8.5529e-07
2.26627e-05
-5.30652e-06
2.19215e-05
-1.17354e-05
2.10769e-05
-1.85101e-05
2.00068e-05
-2.57047e-05
1.84765e-05
-3.32955e-05
1.61519e-05
-4.14e-05
1.25648e-05
-5.0385e-05
7.2674e-06
-6.21083e-05
-8.37026e-05
3.76308e-05
1.31697e-05
3.68525e-05
7.53725e-06
3.61599e-05
1.54719e-06
3.55244e-05
-4.67185e-06
3.489e-05
-1.11014e-05
3.41651e-05
-1.77855e-05
3.31783e-05
-2.4718e-05
3.15302e-05
-3.16473e-05
2.86477e-05
-3.85168e-05
2.36927e-05
-4.54295e-05
1.52786e-05
-5.3694e-05
-6.84219e-05
4.94853e-05
1.39503e-05
4.88038e-05
8.21768e-06
4.82812e-05
2.06869e-06
4.79158e-05
-4.30735e-06
4.76824e-05
-1.08686e-05
4.75026e-05
-1.76059e-05
4.71737e-05
-2.43891e-05
4.60887e-05
-3.0562e-05
4.34639e-05
-3.58915e-05
3.80413e-05
-4.00065e-05
2.64012e-05
-4.20509e-05
-4.20202e-05
6.05157e-05
1.47509e-05
5.99712e-05
8.76157e-06
5.97274e-05
2.31156e-06
5.98563e-05
-4.43661e-06
6.03722e-05
-1.13848e-05
6.12101e-05
-1.84437e-05
6.21277e-05
-2.53066e-05
6.22923e-05
-3.07264e-05
6.09931e-05
-3.45918e-05
5.66039e-05
-3.56161e-05
4.40684e-05
-2.95156e-05
2.04971e-06
8.77016e-05
-7.93639e-06
-8.98737e-05
8.78097e-05
-4.61817e-06
8.59108e-05
1.3044e-06
8.39757e-05
7.38678e-06
8.226e-05
1.34558e-05
8.07701e-05
1.8872e-05
7.94097e-05
2.32082e-05
7.80656e-05
2.62115e-05
7.66066e-05
2.77531e-05
7.50403e-05
2.74859e-05
7.33934e-05
2.54645e-05
2.154e-05
7.19016e-05
0.000107397
-9.7377e-06
-0.000105596
0.000107069
-4.28958e-06
0.000105883
2.49052e-06
0.000103956
9.31362e-06
0.000101531
1.58804e-05
9.87478e-05
2.16549e-05
9.57767e-05
2.61791e-05
9.27485e-05
2.92394e-05
8.96966e-05
3.08046e-05
8.67679e-05
3.04142e-05
8.40018e-05
2.82301e-05
2.37838e-05
8.17575e-05
0.000118872
-1.04812e-05
-0.000118129
0.000118602
-4.0197e-06
0.000117729
3.36207e-06
0.000116192
1.08508e-05
0.000114033
1.80388e-05
0.00011129
2.43964e-05
0.000108068
2.94014e-05
0.000104479
3.28273e-05
0.000100647
3.46365e-05
9.68432e-05
3.42169e-05
9.31805e-05
3.1892e-05
2.63877e-05
9.05754e-05
0.000126773
-0.000127077
-1.01765e-05
0.000125961
-3.20833e-06
0.000124679
4.64418e-06
0.000122894
1.26359e-05
0.000120601
2.0332e-05
0.000117838
2.71588e-05
0.000114619
3.26205e-05
0.000110976
3.64696e-05
0.000107056
3.85563e-05
0.00010328
3.79924e-05
0.000100141
3.50305e-05
9.87297e-05
2.77983e-05
7.09157e-05
1.5723e-05
7.04852e-05
9.17329e-06
7.06945e-05
2.07375e-06
7.16578e-05
-5.4365e-06
7.3376e-05
-1.31437e-05
7.56758e-05
-2.07851e-05
7.81149e-05
-2.77854e-05
7.98495e-05
-3.24927e-05
8.04796e-05
-3.52469e-05
7.95097e-05
-3.46617e-05
7.85979e-05
-2.86024e-05
-9.21909e-06
8.99029e-05
8.05845e-05
1.68952e-05
8.04682e-05
9.28881e-06
8.15974e-05
9.43697e-07
8.40013e-05
-7.84089e-06
8.74614e-05
-1.66043e-05
9.14538e-05
-2.47776e-05
9.52323e-05
-3.15642e-05
9.79888e-05
-3.52495e-05
9.9497e-05
-3.67553e-05
9.95596e-05
-3.4724e-05
9.98107e-05
-2.88538e-05
-1.50167e-05
0.000105608
8.98325e-05
1.7637e-05
9.09003e-05
8.21987e-06
9.39947e-05
-2.15188e-06
9.85818e-05
-1.24288e-05
0.000103916
-2.19397e-05
0.000109057
-2.99185e-05
0.000113111
-3.56196e-05
0.000115853
-3.79917e-05
0.000117185
-3.80884e-05
0.000116899
-3.44385e-05
0.00011617
-2.81249e-05
-1.69674e-05
0.000118121
0.000100659
1.57067e-05
0.000104948
3.9301e-06
0.000111032
-8.23597e-06
0.000117475
-1.88724e-05
0.000123244
-2.77083e-05
0.000127495
-3.41702e-05
0.000129896
-3.80203e-05
0.000130884
-3.89804e-05
0.000130513
-3.77182e-05
0.000129065
-3.29888e-05
0.000127235
-2.62958e-05
0.000127047
-1.67799e-05
8.77211e-05
-7.93551e-06
8.78209e-05
-4.63178e-06
8.59141e-05
1.27621e-06
8.39662e-05
7.34687e-06
8.22345e-05
1.34089e-05
8.07271e-05
1.88231e-05
7.93499e-05
2.31607e-05
7.79912e-05
2.61686e-05
7.65204e-05
2.77191e-05
7.49462e-05
2.74643e-05
7.32945e-05
2.54582e-05
2.15538e-05
7.18013e-05
0.000107407
-9.73447e-06
0.000107075
-4.30007e-06
0.000105884
2.46612e-06
0.00010395
9.28145e-06
0.000101514
1.5845e-05
9.87168e-05
2.16202e-05
9.57295e-05
2.61477e-05
9.26848e-05
2.9213e-05
8.96178e-05
3.07857e-05
8.66767e-05
3.04049e-05
8.39017e-05
2.82327e-05
2.38017e-05
8.16529e-05
0.000118863
-1.04768e-05
0.000118593
-4.02964e-06
0.000117719
3.34013e-06
0.000116178
1.0823e-05
0.000114012
1.80106e-05
0.00011126
2.43717e-05
0.000108025
2.93824e-05
0.000104422
3.28156e-05
0.000100574
3.4633e-05
9.67567e-05
3.42215e-05
9.30839e-05
3.19047e-05
2.64109e-05
9.04738e-05
0.000126745
-1.01761e-05
0.000125937
-3.22145e-06
0.000124654
4.62166e-06
0.000122867
1.26106e-05
0.000120569
2.03091e-05
0.000117798
2.71417e-05
0.000114569
3.26115e-05
0.000110916
3.64689e-05
0.000106984
3.85645e-05
0.000103198
3.80071e-05
0.000100055
3.50474e-05
9.86451e-05
2.78196e-05
7.08183e-05
1.57527e-05
7.03919e-05
9.21337e-06
7.06078e-05
2.12898e-06
7.15804e-05
-5.37318e-06
7.33105e-05
-1.30816e-05
7.56235e-05
-2.07296e-05
7.80753e-05
-2.77382e-05
7.98212e-05
-3.24601e-05
8.04581e-05
-3.52216e-05
7.94938e-05
-3.46478e-05
7.85849e-05
-2.85997e-05
-9.23155e-06
8.98817e-05
8.04807e-05
1.6924e-05
8.03707e-05
9.3224e-06
8.15093e-05
9.89938e-07
8.39256e-05
-7.78983e-06
8.74014e-05
-1.65575e-05
9.14082e-05
-2.47367e-05
9.51993e-05
-3.15294e-05
9.79645e-05
-3.52256e-05
9.94785e-05
-3.67358e-05
9.95449e-05
-3.47138e-05
9.97974e-05
-2.88523e-05
-1.5025e-05
0.000105591
8.97344e-05
1.76622e-05
9.081e-05
8.24566e-06
9.3917e-05
-2.11788e-06
9.85208e-05
-1.23943e-05
0.000103871
-2.19086e-05
0.000109025
-2.98912e-05
0.000113091
-3.55958e-05
0.000115838
-3.79735e-05
0.000117175
-3.80731e-05
0.00011689
-3.44304e-05
0.000116162
-2.81251e-05
-1.69726e-05
0.00011811
0.000100582
1.57247e-05
0.00010488
3.9466e-06
0.000110978
-8.21611e-06
0.000117437
-1.88536e-05
0.00012322
-2.76917e-05
0.000127484
-3.41547e-05
0.000129893
-3.80059e-05
0.000130886
-3.89666e-05
0.000130517
-3.77053e-05
0.000129068
-3.29814e-05
0.000127237
-2.62925e-05
0.000127043
-1.67816e-05
8.76984e-05
-7.94208e-06
8.77945e-05
-4.62747e-06
8.58855e-05
1.29087e-06
8.39395e-05
7.37202e-06
8.22141e-05
1.34415e-05
8.07175e-05
1.88599e-05
7.93541e-05
2.31991e-05
7.80103e-05
2.62063e-05
7.65539e-05
2.77533e-05
7.49921e-05
2.74926e-05
7.33502e-05
2.54799e-05
2.15633e-05
7.18647e-05
0.000107385
-9.73711e-06
0.000107049
-4.29209e-06
0.000105856
2.48438e-06
0.00010392
9.3077e-06
0.000101486
1.58755e-05
9.86945e-05
2.16511e-05
9.57178e-05
2.61758e-05
9.2687e-05
2.92372e-05
8.96355e-05
3.08049e-05
8.67101e-05
3.04182e-05
8.39487e-05
2.82411e-05
2.37998e-05
8.17118e-05
0.000118848
-1.04762e-05
0.000118573
-4.01769e-06
0.000117695
3.36141e-06
0.000116151
1.08515e-05
0.000113985
1.8041e-05
0.000111236
2.43993e-05
0.000108008
2.94037e-05
0.000104416
3.28291e-05
0.000100583
3.46386e-05
9.67813e-05
3.42196e-05
9.31241e-05
3.18982e-05
2.63959e-05
9.05272e-05
0.000126736
-1.01694e-05
0.000125922
-3.20419e-06
0.000124635
4.64789e-06
0.000122845
1.26408e-05
0.000120547
2.03385e-05
0.000117781
2.71653e-05
0.000114559
3.26257e-05
0.000110916
3.64723e-05
0.000106998
3.85577e-05
0.000103226
3.79911e-05
0.000100097
3.50274e-05
9.86949e-05
2.77973e-05
7.0885e-05
1.57511e-05
7.04599e-05
9.20512e-06
7.0675e-05
2.10826e-06
7.16455e-05
-5.40775e-06
7.33715e-05
-1.31255e-05
7.56785e-05
-2.0779e-05
7.81227e-05
-2.77894e-05
7.98591e-05
-3.25043e-05
8.04892e-05
-3.52624e-05
7.95187e-05
-3.46793e-05
7.86061e-05
-2.86156e-05
-9.22014e-06
8.9913e-05
8.05454e-05
1.69168e-05
8.04376e-05
9.31212e-06
8.15764e-05
9.68518e-07
8.39903e-05
-7.82207e-06
8.74593e-05
-1.6595e-05
9.14578e-05
-2.47777e-05
9.52398e-05
-3.15717e-05
9.79961e-05
-3.52609e-05
9.95026e-05
-3.67692e-05
9.95631e-05
-3.47395e-05
9.98127e-05
-2.88656e-05
-1.50186e-05
0.000105611
8.97936e-05
1.76494e-05
9.08715e-05
8.2331e-06
9.3977e-05
-2.13814e-06
9.85741e-05
-1.24199e-05
0.000103915
-2.19372e-05
0.000109059
-2.99222e-05
0.000113115
-3.56282e-05
0.000115855
-3.80021e-05
0.000117186
-3.81007e-05
0.000116897
-3.4452e-05
0.000116167
-2.81355e-05
-1.69692e-05
0.000118118
0.000100632
1.57122e-05
0.000104928
3.9361e-06
0.000111019
-8.22951e-06
0.000117468
-1.88696e-05
0.000123241
-2.77101e-05
0.000127495
-3.41764e-05
0.000129897
-3.80304e-05
0.000130886
-3.89918e-05
0.000130515
-3.77304e-05
0.000129065
-3.30006e-05
0.000127233
-2.63043e-05
0.000127043
-1.67801e-05
8.77251e-05
-7.93065e-06
8.78165e-05
-4.61907e-06
8.5901e-05
1.29756e-06
8.39496e-05
7.37886e-06
8.222e-05
1.34485e-05
8.07193e-05
1.88652e-05
7.93514e-05
2.3201e-05
7.80023e-05
2.62033e-05
7.654e-05
2.77452e-05
7.49722e-05
2.74796e-05
7.33244e-05
2.54622e-05
2.15445e-05
7.18328e-05
0.000107406
-9.7269e-06
0.00010707
-4.28244e-06
0.000105873
2.49332e-06
0.000103935
9.31763e-06
0.000101498
1.58857e-05
9.8703e-05
2.16599e-05
9.57221e-05
2.61816e-05
9.26863e-05
2.92388e-05
8.96291e-05
3.0802e-05
8.66974e-05
3.04109e-05
8.39296e-05
2.82295e-05
2.3788e-05
8.16854e-05
0.000118859
-1.04678e-05
0.000118585
-4.00896e-06
0.000117708
3.37115e-06
0.000116163
1.08621e-05
0.000113996
1.80526e-05
0.000111245
2.44103e-05
0.000108014
2.94124e-05
0.000104418
3.28343e-05
0.00010058
3.46399e-05
9.6773e-05
3.42173e-05
9.31093e-05
3.18925e-05
2.63908e-05
9.05055e-05
0.000126739
-1.01649e-05
0.000125928
-3.19803e-06
0.000124642
4.65549e-06
0.000122853
1.26514e-05
0.000120554
2.03511e-05
0.000117786
2.71784e-05
0.000114561
3.26373e-05
0.000110914
3.6481e-05
0.000106991
3.85628e-05
0.000103215
3.79931e-05
0.000100081
3.50265e-05
9.86757e-05
2.77952e-05
7.08485e-05
1.5734e-05
7.04201e-05
9.18879e-06
7.0633e-05
2.09776e-06
7.16014e-05
-5.40573e-06
7.33269e-05
-1.31108e-05
7.56359e-05
-2.0753e-05
7.80845e-05
-2.77556e-05
7.98287e-05
-3.24706e-05
8.04645e-05
-3.52278e-05
7.94978e-05
-3.465e-05
7.85858e-05
-2.86026e-05
-9.23819e-06
8.05144e-05
1.69042e-05
8.04023e-05
9.30002e-06
8.15371e-05
9.6263e-07
8.39488e-05
-7.81779e-06
8.74202e-05
-1.65822e-05
9.14242e-05
-2.47572e-05
9.52138e-05
-3.15452e-05
9.79788e-05
-3.52359e-05
9.94926e-05
-3.67418e-05
9.95566e-05
-3.4714e-05
9.98045e-05
-2.88506e-05
-1.50299e-05
8.97673e-05
1.76414e-05
9.08411e-05
8.22516e-06
9.39446e-05
-2.14154e-06
9.85445e-05
-1.24183e-05
0.000103893
-2.19313e-05
0.000109047
-2.99114e-05
0.000113113
-3.56119e-05
0.000115861
-3.79847e-05
0.000117197
-3.80786e-05
0.000116911
-3.44288e-05
0.00011618
-2.81211e-05
-1.69792e-05
0.000100612
1.57044e-05
0.00010491
3.92688e-06
0.000111007
-8.23867e-06
0.000117465
-1.8877e-05
0.000123248
-2.77143e-05
0.000127512
-3.4175e-05
0.000129921
-3.80215e-05
0.000130913
-3.89772e-05
0.000130544
-3.77103e-05
0.000129095
-3.298e-05
0.000127265
-2.62911e-05
-1.67926e-05
-2.87949e-05
-8.93256e-06
2.75479e-05
-3.0493e-05
-1.51166e-06
-3.25202e-05
6.66997e-06
-3.49064e-05
1.50211e-05
-3.76825e-05
2.31069e-05
-4.08306e-05
3.03059e-05
-4.42948e-05
3.60838e-05
-4.78983e-05
4.00724e-05
-5.09505e-05
4.16077e-05
-5.28027e-05
3.9844e-05
-5.25763e-05
3.48032e-05
2.39531e-05
-4.87327e-05
-3.12271e-05
-7.0177e-06
2.93139e-05
-3.34594e-05
7.20695e-07
-3.59384e-05
9.14926e-06
-3.86839e-05
1.77667e-05
-4.16725e-05
2.60957e-05
-4.47664e-05
3.33998e-05
-4.77654e-05
3.90829e-05
-5.01739e-05
4.24808e-05
-5.13699e-05
4.28036e-05
-5.09807e-05
3.94544e-05
-4.76961e-05
3.15178e-05
1.72809e-05
-4.10242e-05
-3.35228e-05
-4.71145e-06
3.1213e-05
-3.60062e-05
3.20259e-06
-3.86235e-05
1.17654e-05
-4.13411e-05
2.04832e-05
-4.40558e-05
2.88094e-05
-4.65278e-05
3.58709e-05
-4.84677e-05
4.1022e-05
-4.95206e-05
4.35331e-05
-4.90281e-05
4.23105e-05
-4.63146e-05
3.67401e-05
-4.12225e-05
2.64249e-05
1.04708e-05
-3.44144e-05
-3.51817e-05
3.27055e-05
-2.23308e-06
-3.76838e-05
5.70584e-06
-4.01632e-05
1.42456e-05
-4.25218e-05
2.28428e-05
-4.45891e-05
3.08773e-05
-4.62506e-05
3.75329e-05
-4.71597e-05
4.19314e-05
-4.66397e-05
4.30135e-05
-4.41143e-05
3.97852e-05
-3.9522e-05
3.21478e-05
-3.29038e-05
1.98056e-05
-2.80767e-05
5.64434e-06
-4.02327e-05
7.20572e-06
-3.24273e-05
-3.87638e-06
-2.61209e-05
-1.45431e-05
-2.16224e-05
-2.33715e-05
-1.89831e-05
-3.03481e-05
-1.80455e-05
-3.51086e-05
-1.8435e-05
-3.76316e-05
-1.97137e-05
-3.77028e-05
-2.18829e-05
-3.55495e-05
-2.42916e-05
-3.05829e-05
-2.65381e-05
-2.4049e-05
-1.57197e-05
-2.7598e-05
-3.05085e-05
-3.31076e-06
-2.30419e-05
-1.13432e-05
-1.82189e-05
-1.93662e-05
-1.55628e-05
-2.60274e-05
-1.47493e-05
-3.11616e-05
-1.53431e-05
-3.45147e-05
-1.70519e-05
-3.5923e-05
-1.94872e-05
-3.52675e-05
-2.23808e-05
-3.26565e-05
-2.51724e-05
-2.77891e-05
-2.76497e-05
-2.15728e-05
-1.39901e-05
-2.93802e-05
-2.33898e-05
-1.43362e-05
-1.73141e-05
-1.74192e-05
-1.41801e-05
-2.25005e-05
-1.29528e-05
-2.72549e-05
-1.32623e-05
-3.08525e-05
-1.47857e-05
-3.29917e-05
-1.72008e-05
-3.35087e-05
-2.01596e-05
-3.23095e-05
-2.33682e-05
-2.94483e-05
-2.63915e-05
-2.47687e-05
-2.9091e-05
-1.88727e-05
-1.17898e-05
-3.12906e-05
-1.68702e-05
-2.55428e-05
-1.33307e-05
-2.09588e-05
-1.18978e-05
-2.3933e-05
-1.18297e-05
-2.73226e-05
-1.2943e-05
-2.97387e-05
-1.50244e-05
-3.09101e-05
-1.78087e-05
-3.0724e-05
-2.10003e-05
-2.91175e-05
-2.43292e-05
-2.61193e-05
-2.74667e-05
-2.16284e-05
-3.03135e-05
-1.60267e-05
-3.27853e-05
-9.31871e-06
-2.88393e-05
-8.9346e-06
-3.0535e-05
-1.52569e-06
-3.25634e-05
6.65165e-06
-3.49543e-05
1.50008e-05
-3.7737e-05
2.30913e-05
-4.08927e-05
3.02969e-05
-4.43642e-05
3.60824e-05
-4.79722e-05
4.00764e-05
-5.10263e-05
4.16181e-05
-5.28765e-05
3.98569e-05
-5.26432e-05
3.48134e-05
2.39647e-05
-4.87885e-05
-3.12878e-05
-7.02775e-06
-3.35177e-05
7.04e-07
-3.59991e-05
9.13086e-06
-3.87488e-05
1.77511e-05
-4.17428e-05
2.60855e-05
-4.48408e-05
3.33952e-05
-4.78408e-05
3.90826e-05
-5.02462e-05
4.24818e-05
-5.14372e-05
4.28089e-05
-5.1038e-05
3.94575e-05
-4.77406e-05
3.15161e-05
1.72794e-05
-4.10564e-05
-3.35936e-05
-4.72403e-06
-3.60753e-05
3.18585e-06
-3.8694e-05
1.17516e-05
-4.14144e-05
2.04709e-05
-4.41312e-05
2.88017e-05
-4.66025e-05
3.58661e-05
-4.85387e-05
4.10184e-05
-4.95841e-05
4.35269e-05
-4.90789e-05
4.23033e-05
-4.63499e-05
3.67282e-05
-4.12464e-05
2.6412e-05
1.04614e-05
-3.44286e-05
-3.52557e-05
-2.25422e-06
-3.77559e-05
5.68581e-06
-4.02358e-05
1.42294e-05
-4.2594e-05
2.28298e-05
-4.46597e-05
3.0868e-05
-4.63175e-05
3.75245e-05
-4.7219e-05
4.19204e-05
-4.66868e-05
4.29949e-05
-4.41463e-05
3.97632e-05
-3.95414e-05
3.21233e-05
-3.29138e-05
1.97843e-05
-2.80777e-05
5.62503e-06
-4.02778e-05
7.21263e-06
-3.24612e-05
-3.87107e-06
-2.61402e-05
-1.45377e-05
-2.16277e-05
-2.33665e-05
-1.89778e-05
-3.03423e-05
-1.80325e-05
-3.51007e-05
-1.84179e-05
-3.76216e-05
-1.96957e-05
-3.76899e-05
-2.18666e-05
-3.55359e-05
-2.42784e-05
-3.05705e-05
-2.65315e-05
-2.40429e-05
-1.57132e-05
-2.75988e-05
-3.05299e-05
-3.31419e-06
-2.30514e-05
-1.135e-05
-1.82157e-05
-1.93733e-05
-1.55494e-05
-2.60327e-05
-1.47285e-05
-3.11631e-05
-1.53171e-05
-3.45123e-05
-1.70232e-05
-3.59158e-05
-1.94588e-05
-3.52549e-05
-2.23549e-05
-3.26402e-05
-2.51525e-05
-2.77737e-05
-2.76361e-05
-2.15569e-05
-1.39779e-05
-2.93754e-05
-2.33946e-05
-1.435e-05
-1.73086e-05
-1.74366e-05
-1.41654e-05
-2.25167e-05
-1.29311e-05
-2.72673e-05
-1.32346e-05
-3.086e-05
-1.4754e-05
-3.29937e-05
-1.71672e-05
-3.35035e-05
-2.01263e-05
-3.2297e-05
-2.33377e-05
-2.943e-05
-2.63653e-05
-2.47467e-05
-2.90722e-05
-1.88542e-05
-1.17701e-05
-3.12777e-05
-1.68642e-05
-2.55631e-05
-1.33178e-05
-2.09831e-05
-1.18788e-05
-2.39555e-05
-1.18054e-05
-2.73403e-05
-1.29144e-05
-2.97508e-05
-1.49926e-05
-3.09154e-05
-1.77751e-05
-3.0721e-05
-2.09666e-05
-2.91054e-05
-2.42971e-05
-2.60995e-05
-2.74387e-05
-2.16054e-05
-3.02893e-05
-1.60003e-05
-3.27661e-05
-9.2972e-06
-2.88471e-05
-8.92321e-06
-3.05467e-05
-1.50657e-06
-3.25764e-05
6.67599e-06
-3.4965e-05
1.50281e-05
-3.77422e-05
2.31148e-05
-4.08894e-05
3.03118e-05
-4.435e-05
3.6086e-05
-4.79457e-05
4.0068e-05
-5.09885e-05
4.16006e-05
-5.28317e-05
3.98343e-05
-5.25956e-05
3.47909e-05
2.39479e-05
-4.87468e-05
-3.12884e-05
-7.01075e-06
-3.35203e-05
7.24833e-07
-3.59997e-05
9.15481e-06
-3.87442e-05
1.77724e-05
-4.17295e-05
2.60999e-05
-4.48169e-05
3.33992e-05
-4.78058e-05
3.90751e-05
-5.02023e-05
4.24648e-05
-5.13893e-05
4.27878e-05
-5.09901e-05
3.94353e-05
-4.76978e-05
3.14986e-05
1.72753e-05
-4.10256e-05
-3.35849e-05
-4.70565e-06
-3.60665e-05
3.20463e-06
-3.86817e-05
1.17683e-05
-4.13948e-05
2.04842e-05
-4.41021e-05
2.88062e-05
-4.65638e-05
3.58602e-05
-4.84932e-05
4.10041e-05
-4.95347e-05
4.35061e-05
-4.9029e-05
4.2282e-05
-4.63052e-05
3.67114e-05
-4.12119e-05
2.6405e-05
1.04692e-05
-3.44067e-05
-3.5238e-05
-2.23338e-06
-3.77366e-05
5.70329e-06
-4.02113e-05
1.42433e-05
-4.25623e-05
2.28352e-05
-4.46199e-05
3.0864e-05
-4.62714e-05
3.7512e-05
-4.71688e-05
4.19019e-05
-4.66361e-05
4.29737e-05
-4.41013e-05
3.97477e-05
-3.95073e-05
3.21176e-05
-3.28919e-05
1.97895e-05
-2.80644e-05
5.64174e-06
-4.0249e-05
7.21324e-06
-3.24425e-05
-3.87154e-06
-2.61313e-05
-1.45416e-05
-2.16273e-05
-2.33743e-05
-1.89833e-05
-3.03547e-05
-1.80421e-05
-3.51184e-05
-1.84298e-05
-3.76437e-05
-1.97078e-05
-3.7715e-05
-2.18778e-05
-3.55609e-05
-2.42889e-05
-3.05925e-05
-2.65388e-05
-2.40544e-05
-1.57167e-05
-2.76022e-05
-3.05155e-05
-3.2975e-06
-2.30483e-05
-1.1339e-05
-1.82216e-05
-1.93684e-05
-1.55613e-05
-2.60343e-05
-1.47443e-05
-3.11717e-05
-1.53356e-05
-3.45271e-05
-1.7043e-05
-3.59364e-05
-1.94782e-05
-3.52799e-05
-2.23729e-05
-3.26669e-05
-2.51671e-05
-2.77963e-05
-2.76479e-05
-2.1575e-05
-1.39838e-05
-2.93819e-05
-2.33887e-05
-1.4317e-05
-1.73133e-05
-1.74148e-05
-1.41772e-05
-2.25049e-05
-1.29474e-05
-2.72643e-05
-1.32544e-05
-3.08652e-05
-1.47759e-05
-3.30061e-05
-1.71901e-05
-3.3523e-05
-2.01489e-05
-3.2322e-05
-2.33586e-05
-2.94577e-05
-2.63841e-05
-2.47739e-05
-2.90866e-05
-1.88721e-05
-1.17809e-05
-3.12891e-05
-1.6865e-05
-2.5516e-05
-1.3326e-05
-2.0954e-05
-1.18922e-05
-2.39382e-05
-1.18227e-05
-2.73334e-05
-1.29343e-05
-2.97531e-05
-1.50142e-05
-3.09259e-05
-1.77978e-05
-3.0739e-05
-2.09894e-05
-2.913e-05
-2.4319e-05
-2.61281e-05
-2.74581e-05
-2.16321e-05
-3.03073e-05
-1.60241e-05
-3.27812e-05
-9.30805e-06
-2.88464e-05
-8.92055e-06
-3.05442e-05
-1.50036e-06
-3.25736e-05
6.68644e-06
-3.4964e-05
1.5041e-05
-3.77442e-05
2.31308e-05
-4.08954e-05
3.0329e-05
-4.43606e-05
3.6102e-05
-4.79604e-05
4.00803e-05
-5.10057e-05
4.16076e-05
-5.28496e-05
3.98365e-05
-5.26108e-05
3.4787e-05
2.39368e-05
-4.87531e-05
-3.1292e-05
-7.01138e-06
-3.35232e-05
7.30451e-07
-3.60046e-05
9.16549e-06
-3.87524e-05
1.77895e-05
-4.17425e-05
2.61212e-05
-4.4835e-05
3.34218e-05
-4.78285e-05
3.90957e-05
-5.02267e-05
4.24786e-05
-5.14114e-05
4.27922e-05
-5.10066e-05
3.94316e-05
-4.77043e-05
3.14845e-05
1.72506e-05
-4.10187e-05
-3.3594e-05
-4.70593e-06
-3.60765e-05
3.21287e-06
-3.86943e-05
1.17855e-05
-4.14124e-05
2.05068e-05
-4.41249e-05
2.88332e-05
-4.65911e-05
3.58876e-05
-4.85223e-05
4.10264e-05
-4.95619e-05
4.35179e-05
-4.90506e-05
4.22806e-05
-4.63152e-05
3.66959e-05
-4.12087e-05
2.63775e-05
1.04337e-05
-3.43926e-05
-3.5253e-05
-2.23505e-06
-3.77534e-05
5.71294e-06
-4.02323e-05
1.42621e-05
-4.25879e-05
2.28631e-05
-4.46498e-05
3.08958e-05
-4.63038e-05
3.75421e-05
-4.72006e-05
4.19238e-05
-4.66629e-05
4.29806e-05
-4.41166e-05
3.97346e-05
-3.95069e-05
3.20863e-05
-3.28786e-05
1.97489e-05
-2.80453e-05
5.60084e-06
-4.02424e-05
7.19269e-06
-3.2426e-05
-3.89018e-06
-2.61076e-05
-1.45576e-05
-2.1598e-05
-2.33868e-05
-1.89505e-05
-3.03624e-05
-1.80065e-05
-3.51196e-05
-1.83916e-05
-3.76375e-05
-1.96678e-05
-3.77023e-05
-2.18358e-05
-3.55438e-05
-2.42427e-05
-3.0574e-05
-2.6488e-05
-2.40494e-05
-1.57321e-05
-3.0496e-05
-3.33036e-06
-2.3021e-05
-1.13652e-05
-1.81896e-05
-1.93888e-05
-1.55267e-05
-2.60495e-05
-1.47076e-05
-3.11814e-05
-1.5296e-05
-3.45315e-05
-1.69992e-05
-3.59346e-05
-1.94296e-05
-3.52724e-05
-2.23187e-05
-3.26551e-05
-2.51076e-05
-2.77862e-05
-2.75813e-05
-2.15735e-05
-1.40021e-05
-2.33662e-05
-1.43578e-05
-1.72858e-05
-1.7446e-05
-1.41467e-05
-2.2528e-05
-1.2915e-05
-2.72815e-05
-1.32191e-05
-3.08776e-05
-1.47366e-05
-3.30147e-05
-1.71449e-05
-3.35272e-05
-2.00964e-05
-3.23221e-05
-2.32983e-05
-2.94545e-05
-2.63152e-05
-2.47699e-05
-2.90118e-05
-1.88809e-05
-1.17995e-05
-1.68438e-05
-2.5559e-05
-1.33025e-05
-2.09871e-05
-1.18663e-05
-2.39638e-05
-1.17944e-05
-2.7353e-05
-1.29029e-05
-2.9769e-05
-1.49781e-05
-3.09394e-05
-1.77548e-05
-3.07507e-05
-2.09377e-05
-2.91391e-05
-2.42579e-05
-2.61343e-05
-2.73887e-05
-2.16394e-05
-3.02305e-05
-1.6036e-05
-9.32694e-06
-3.59286e-05
2.13554e-07
3.34793e-05
-3.82463e-05
8.02277e-06
-4.03525e-05
1.63512e-05
-4.21836e-05
2.46732e-05
-4.35659e-05
3.2259e-05
-4.42251e-05
3.81915e-05
-4.37009e-05
4.14067e-05
-4.15276e-05
4.08397e-05
-3.7304e-05
3.55612e-05
-3.04857e-05
2.53288e-05
-1.93638e-05
8.68318e-06
-1.37224e-05
-3.56437e-05
2.46118e-06
3.33994e-05
-3.76246e-05
1.00053e-05
-3.92448e-05
1.7973e-05
-4.03593e-05
2.5789e-05
-4.07729e-05
3.26736e-05
-4.02456e-05
3.76649e-05
-3.84723e-05
3.96342e-05
-3.50853e-05
3.74534e-05
-2.95288e-05
3.00054e-05
-2.07549e-05
1.65551e-05
-8.79437e-06
-3.27774e-06
-2.25151e-05
-3.43441e-05
4.33402e-06
3.24698e-05
-3.58081e-05
1.14692e-05
-3.67438e-05
1.89086e-05
-3.702e-05
2.60649e-05
-3.6502e-05
3.21551e-05
-3.50022e-05
3.61648e-05
-3.22799e-05
3.69116e-05
-2.80352e-05
3.32087e-05
-2.18315e-05
2.38016e-05
-1.3243e-05
7.96644e-06
-4.41486e-06
-1.21061e-05
-2.6932e-05
-3.2202e-05
5.71956e-06
3.08197e-05
-3.30513e-05
1.23206e-05
-3.3264e-05
1.91231e-05
-3.27391e-05
2.55414e-05
-3.13757e-05
3.07928e-05
-2.90539e-05
3.3844e-05
-2.56391e-05
3.34978e-05
-2.09733e-05
2.85439e-05
-1.4965e-05
1.77943e-05
-8.25413e-06
1.25635e-06
-2.96948e-06
-1.73905e-05
-2.98997e-05
-2.94845e-05
6.5533e-06
2.86502e-05
-2.9693e-05
1.25294e-05
-2.91937e-05
1.86239e-05
-2.79169e-05
2.42647e-05
-2.58037e-05
2.86794e-05
-2.28249e-05
3.08656e-05
-1.8976e-05
2.96489e-05
-1.42999e-05
2.38684e-05
-9.07711e-06
1.25715e-05
-4.40882e-06
-3.41183e-06
-1.45987e-06
-2.03386e-05
-3.13596e-05
-2.64578e-05
6.83338e-06
2.61808e-05
-2.60389e-05
1.21122e-05
-2.48671e-05
1.74537e-05
-2.29037e-05
2.23025e-05
-2.0144e-05
2.5921e-05
-1.66635e-05
2.73861e-05
-1.26035e-05
2.559e-05
-8.22388e-06
1.94899e-05
-4.04668e-06
8.3954e-06
-1.12096e-06
-6.33664e-06
6.69867e-08
-2.15255e-05
-3.12908e-05
-2.33591e-05
6.58372e-06
2.3609e-05
-2.23555e-05
1.11091e-05
-2.05666e-05
1.56651e-05
-1.79893e-05
1.97257e-05
-1.46834e-05
2.26155e-05
-1.08283e-05
2.35317e-05
-6.70983e-06
2.14721e-05
-2.7718e-06
1.55527e-05
3.74482e-07
5.24981e-06
1.89256e-06
-7.85398e-06
1.68971e-06
-2.13212e-05
-2.96001e-05
-2.03763e-05
5.86482e-06
2.10974e-05
-1.88502e-05
9.58412e-06
-1.65108e-05
1.33267e-05
-1.33952e-05
1.66111e-05
-9.62884e-06
1.88502e-05
-5.48244e-06
1.93867e-05
-1.37121e-06
1.73619e-05
2.13044e-06
1.20525e-05
4.4147e-06
2.96665e-06
4.77144e-06
-8.20966e-06
3.21781e-06
-1.97658e-05
-2.63806e-05
-1.76418e-05
4.74917e-06
1.87582e-05
-1.56696e-05
7.61303e-06
-1.28528e-05
1.051e-05
-9.26904e-06
1.30283e-05
-5.10306e-06
1.46849e-05
-6.97362e-07
1.49815e-05
3.42351e-06
1.32427e-05
6.59493e-06
8.8816e-06
8.23486e-06
1.32821e-06
7.59582e-06
-7.5689e-06
4.69469e-06
-1.68634e-05
-2.16845e-05
-1.521e-05
3.32917e-06
1.66327e-05
-1.28788e-05
5.28346e-06
-9.65909e-06
7.29153e-06
-5.66353e-06
9.0345e-06
-1.12622e-06
1.0149e-05
3.55735e-06
1.03e-05
7.77089e-06
9.03096e-06
1.0755e-05
5.89945e-06
1.19519e-05
1.33587e-07
1.04097e-05
-6.02461e-06
6.04129e-06
-1.24927e-05
-1.56414e-05
-1.29548e-05
1.70484e-06
1.45852e-05
-1.03639e-05
2.69684e-06
-6.8175e-06
3.74872e-06
-2.44486e-06
4.66662e-06
2.46905e-06
5.2392e-06
7.48305e-06
5.29021e-06
1.18968e-05
4.62105e-06
1.48288e-05
2.97089e-06
1.56749e-05
-7.08216e-07
1.31865e-05
-3.53303e-06
7.42286e-06
-6.72634e-06
-8.21523e-06
-1.00577e-05
1.17646e-05
-7.36015e-06
-3.61047e-06
1.05706e-06
6.29714e-06
1.15881e-05
1.62098e-05
1.91814e-05
1.84737e-05
1.49411e-05
8.21523e-06
-9.43727e-06
-1.61082e-05
-1.02527e-05
-2.01434e-05
-1.05065e-05
-2.36792e-05
-1.13768e-05
-2.64522e-05
-1.30465e-05
-2.80691e-05
-1.54558e-05
-2.85011e-05
-1.84091e-05
-2.7771e-05
-2.16637e-05
-2.58635e-05
-2.49862e-05
-2.27968e-05
-2.81275e-05
-1.84896e-05
-3.10018e-05
-1.31511e-05
-6.76521e-06
-3.35543e-05
-6.22011e-06
-9.88823e-06
-8.52538e-06
-1.78381e-05
-9.72995e-06
-2.24741e-05
-1.12033e-05
-2.49782e-05
-1.3223e-05
-2.60488e-05
-1.58027e-05
-2.59207e-05
-1.87942e-05
-2.47789e-05
-2.19952e-05
-2.26616e-05
-2.52086e-05
-1.95829e-05
-2.82391e-05
-1.54561e-05
-3.10083e-05
-1.03823e-05
-4.31238e-06
-3.34616e-05
-4.94048e-06
-4.95066e-06
-7.49117e-06
-1.52873e-05
-9.2409e-06
-2.07242e-05
-1.10793e-05
-2.31396e-05
-1.33014e-05
-2.38267e-05
-1.59444e-05
-2.32777e-05
-1.88849e-05
-2.18385e-05
-2.19481e-05
-1.95985e-05
-2.49668e-05
-1.65639e-05
-2.7785e-05
-1.26398e-05
-3.03216e-05
-7.84431e-06
-2.11846e-06
-3.25143e-05
-4.17018e-06
-7.79389e-07
-6.79622e-06
-1.26611e-05
-8.82489e-06
-1.86949e-05
-1.08748e-05
-2.10891e-05
-1.32033e-05
-2.14972e-05
-1.58407e-05
-2.06397e-05
-1.86723e-05
-1.90058e-05
-2.15413e-05
-1.67284e-05
-2.43039e-05
-1.38003e-05
-2.6829e-05
-1.01118e-05
-2.90335e-05
-5.63991e-06
-3.09636e-07
-3.08426e-05
-3.58803e-06
2.80787e-06
-6.16525e-06
-1.00834e-05
-8.34116e-06
-1.65187e-05
-1.0516e-05
-1.89138e-05
-1.28972e-05
-1.91161e-05
-1.54917e-05
-1.80448e-05
-1.81846e-05
-1.63129e-05
-2.08297e-05
-1.40831e-05
-2.33011e-05
-1.13284e-05
-2.54858e-05
-7.92829e-06
-2.72964e-05
-3.82779e-06
1.04647e-06
-2.86513e-05
-2.99401e-06
5.80341e-06
-5.43958e-06
-7.63757e-06
-7.69873e-06
-1.42591e-05
-9.96057e-06
-1.66513e-05
-1.23741e-05
-1.67017e-05
-1.49153e-05
-1.55027e-05
-1.74646e-05
-1.37627e-05
-1.98821e-05
-1.16642e-05
-2.20559e-05
-9.15357e-06
-2.38849e-05
-6.09677e-06
-2.52809e-05
-2.43159e-06
1.92593e-06
-2.61604e-05
-2.26905e-06
8.07396e-06
-4.51282e-06
-5.39321e-06
-6.83329e-06
-1.19381e-05
-9.18062e-06
-1.43035e-05
-1.16338e-05
-1.42481e-05
-1.4133e-05
-1.30031e-05
-1.65552e-05
-1.13399e-05
-1.87649e-05
-9.45405e-06
-2.06609e-05
-7.25661e-06
-2.21519e-05
-4.60625e-06
-2.31477e-05
-1.43431e-06
2.34869e-06
-2.35694e-05
-1.32908e-06
9.40515e-06
-3.30932e-06
-3.4123e-06
-5.69261e-06
-9.5544e-06
-8.15251e-06
-1.18428e-05
-1.06746e-05
-1.17255e-05
-1.31599e-05
-1.05166e-05
-1.54886e-05
-9.01031e-06
-1.75296e-05
-7.4116e-06
-1.91913e-05
-5.59382e-06
-2.03881e-05
-3.40737e-06
-2.10288e-05
-7.92758e-07
2.36132e-06
-2.10409e-05
-1.06129e-07
9.51422e-06
-1.77192e-06
-1.74596e-06
-4.22507e-06
-7.10013e-06
-6.84686e-06
-9.22099e-06
-9.48502e-06
-9.08556e-06
-1.19965e-05
-8.00559e-06
-1.42757e-05
-6.7292e-06
-1.62019e-05
-5.48544e-06
-1.76904e-05
-4.10309e-06
-1.86603e-05
-2.43769e-06
-1.90137e-05
-4.38036e-07
2.03657e-06
-1.8688e-05
1.39574e-06
8.1217e-06
1.42207e-07
-4.90803e-07
-2.36317e-06
-4.59367e-06
-5.2089e-06
-6.37358e-06
-8.02846e-06
-6.26442e-06
-1.06091e-05
-5.42318e-06
-1.28841e-05
-4.45216e-06
-1.47554e-05
-3.61197e-06
-1.61458e-05
-2.71007e-06
-1.69731e-05
-1.60864e-06
-1.71247e-05
-2.8505e-07
1.46447e-06
-1.65515e-05
3.14283e-06
4.98382e-06
2.48116e-06
1.74354e-07
5.03034e-08
-2.15975e-06
-3.08078e-06
-3.23834e-06
-6.17787e-06
-3.16169e-06
-8.86128e-06
-2.73517e-06
-1.11487e-05
-2.15966e-06
-1.3003e-05
-1.7527e-06
-1.43654e-05
-1.3422e-06
-1.51519e-05
-8.18636e-07
-1.52093e-05
-2.24678e-07
7.53118e-07
-1.44957e-05
4.98466e-06
5.15972e-06
3.00079e-06
-2.36346e-07
-3.39692e-06
-6.13093e-06
-8.28957e-06
-1.00411e-05
-1.13826e-05
-1.22007e-05
-1.24249e-05
-1.16714e-05
-3.59979e-05
1.90295e-07
-3.83136e-05
8.00184e-06
-4.04182e-05
1.6336e-05
-4.2248e-05
2.46593e-05
-4.36266e-05
3.22465e-05
-4.42779e-05
3.81757e-05
-4.3742e-05
4.13843e-05
-4.15563e-05
4.08091e-05
-3.73208e-05
3.55274e-05
-3.04929e-05
2.52953e-05
-1.93653e-05
8.6564e-06
-1.37414e-05
-3.57017e-05
2.42991e-06
-3.76804e-05
9.98039e-06
-3.92985e-05
1.79525e-05
-4.0409e-05
2.57708e-05
-4.08165e-05
3.26548e-05
-4.02806e-05
3.76407e-05
-3.84968e-05
3.96014e-05
-3.50993e-05
3.74123e-05
-2.95336e-05
2.99623e-05
-2.07544e-05
1.65164e-05
-8.79333e-06
-3.30451e-06
-2.2534e-05
-3.43847e-05
4.3013e-06
-3.58468e-05
1.1443e-05
-3.67795e-05
1.88871e-05
-3.7052e-05
2.60434e-05
-3.65284e-05
3.21313e-05
-3.50211e-05
3.61338e-05
-3.22903e-05
3.68707e-05
-2.80378e-05
3.31601e-05
-2.18283e-05
2.37528e-05
-1.32382e-05
7.92625e-06
-4.41128e-06
-1.21316e-05
-2.69464e-05
-3.22229e-05
5.68123e-06
-3.30712e-05
1.22912e-05
-3.32821e-05
1.90972e-05
-3.27542e-05
2.55165e-05
-3.13863e-05
3.07645e-05
-2.9059e-05
3.38074e-05
-2.56385e-05
3.34513e-05
-2.09681e-05
2.84906e-05
-1.49572e-05
1.77429e-05
-8.24679e-06
1.21646e-06
-2.96368e-06
-1.74144e-05
-2.99093e-05
-2.94849e-05
6.51581e-06
-2.96941e-05
1.25011e-05
-2.91943e-05
1.85987e-05
-2.79161e-05
2.42388e-05
-2.58004e-05
2.86491e-05
-2.28186e-05
3.08265e-05
-1.89671e-05
2.96001e-05
-1.42896e-05
2.38139e-05
-9.06697e-06
1.25205e-05
-4.40065e-06
-3.44983e-06
-1.45442e-06
-2.03601e-05
-3.13638e-05
-2.64389e-05
6.79419e-06
-2.60222e-05
1.20843e-05
-2.48516e-05
1.74278e-05
-2.28885e-05
2.22766e-05
-2.01284e-05
2.589e-05
-1.66476e-05
2.73467e-05
-1.2588e-05
2.55416e-05
-8.20994e-06
1.9437e-05
-4.03534e-06
8.3468e-06
-1.11297e-06
-6.37145e-06
7.14677e-08
-2.15438e-05
-3.12914e-05
-2.33225e-05
6.54806e-06
-2.23228e-05
1.10851e-05
-2.05364e-05
1.56424e-05
-1.79612e-05
1.97019e-05
-1.46571e-05
2.25866e-05
-1.08043e-05
2.34948e-05
-6.68911e-06
2.14272e-05
-2.75525e-06
1.5504e-05
3.86465e-07
5.20572e-06
1.89992e-06
-7.88439e-06
1.69295e-06
-2.13358e-05
-2.95977e-05
-2.03245e-05
5.83198e-06
-1.88036e-05
9.56447e-06
-1.6468e-05
1.33071e-05
-1.33559e-05
1.65907e-05
-9.59338e-06
1.88248e-05
-5.45161e-06
1.93543e-05
-1.34623e-06
1.73226e-05
2.14897e-06
1.20102e-05
4.42697e-06
2.92855e-06
4.77798e-06
-8.23463e-06
3.22003e-06
-1.97765e-05
-2.63766e-05
-1.75778e-05
4.72243e-06
-1.56118e-05
7.59894e-06
-1.27996e-05
1.04956e-05
-9.22083e-06
1.30124e-05
-5.06018e-06
1.46651e-05
-6.6108e-07
1.49554e-05
3.45182e-06
1.32113e-05
6.61477e-06
8.84737e-06
8.24697e-06
1.29781e-06
7.60136e-06
-7.58766e-06
4.69599e-06
-1.68702e-05
-2.16795e-05
-1.5137e-05
3.30866e-06
-1.28126e-05
5.27511e-06
-9.59831e-06
7.28184e-06
-5.60862e-06
9.02393e-06
-1.0779e-06
1.01353e-05
3.59757e-06
1.02816e-05
7.8013e-06
9.00887e-06
1.07754e-05
5.87491e-06
1.19632e-05
1.118e-07
1.04138e-05
-6.03659e-06
6.04174e-06
-1.24964e-05
-1.56366e-05
-1.28764e-05
1.69082e-06
-1.02925e-05
2.69249e-06
-6.75184e-06
3.74292e-06
-2.38564e-06
4.66073e-06
2.5209e-06
5.23171e-06
7.52559e-06
5.27994e-06
1.19281e-05
4.60924e-06
1.48487e-05
2.95698e-06
1.56843e-05
-7.20356e-07
1.31884e-05
-3.53814e-06
7.42234e-06
-6.7282e-06
-8.21186e-06
-9.98036e-06
-7.28755e-06
-3.54402e-06
1.11734e-06
6.34969e-06
1.16302e-05
1.62399e-05
1.91975e-05
1.84776e-05
1.49397e-05
8.21186e-06
-9.42908e-06
-1.61377e-05
-1.02393e-05
-2.01731e-05
-1.04884e-05
-2.37064e-05
-1.13548e-05
-2.64741e-05
-1.30211e-05
-2.80848e-05
-1.54277e-05
-2.85092e-05
-1.83793e-05
-2.77702e-05
-2.16331e-05
-2.58524e-05
-2.49564e-05
-2.27772e-05
-2.80988e-05
-1.84632e-05
-3.09764e-05
-1.31266e-05
-6.74061e-06
-3.35299e-05
-6.21328e-06
-9.92282e-06
-8.5146e-06
-1.78716e-05
-9.71588e-06
-2.25046e-05
-1.11863e-05
-2.50032e-05
-1.32035e-05
-2.60672e-05
-1.5781e-05
-2.59315e-05
-1.87706e-05
-2.47801e-05
-2.19705e-05
-2.26522e-05
-2.51833e-05
-1.95636e-05
-2.82142e-05
-1.5432e-05
-3.09827e-05
-1.03544e-05
-4.29051e-06
-3.34358e-05
-4.93716e-06
-4.98942e-06
-7.48493e-06
-1.53238e-05
-9.23245e-06
-2.0757e-05
-1.10689e-05
-2.31668e-05
-1.32893e-05
-2.38472e-05
-1.59305e-05
-2.32906e-05
-1.88693e-05
-2.18418e-05
-2.19311e-05
-1.95909e-05
-2.49486e-05
-1.65465e-05
-2.77648e-05
-1.26156e-05
-3.03002e-05
-7.8218e-06
-2.09765e-06
-3.24898e-05
-4.16987e-06
-8.17501e-07
-6.79483e-06
-1.26986e-05
-8.82253e-06
-1.87288e-05
-1.08715e-05
-2.11173e-05
-1.31992e-05
-2.15191e-05
-1.58354e-05
-2.06539e-05
-1.86657e-05
-1.90109e-05
-2.15331e-05
-1.67227e-05
-2.42937e-05
-1.37849e-05
-2.68166e-05
-1.00919e-05
-2.90176e-05
-5.61739e-06
-2.93731e-07
-3.08234e-05
-3.59048e-06
2.77146e-06
-6.16851e-06
-1.01203e-05
-8.3447e-06
-1.65526e-05
-1.05197e-05
-1.89422e-05
-1.29009e-05
-1.91382e-05
-1.54951e-05
-1.80598e-05
-1.81871e-05
-1.63192e-05
-2.08307e-05
-1.40791e-05
-2.33e-05
-1.13159e-05
-2.54812e-05
-7.91016e-06
-2.72886e-05
-3.81174e-06
1.05971e-06
-2.86391e-05
-2.9987e-06
5.77245e-06
-5.44684e-06
-7.6719e-06
-7.70761e-06
-1.42913e-05
-9.97075e-06
-1.66786e-05
-1.23853e-05
-1.67232e-05
-1.49269e-05
-1.55177e-05
-1.74758e-05
-1.37696e-05
-1.9892e-05
-1.16619e-05
-2.20635e-05
-9.14318e-06
-2.38893e-05
-6.0832e-06
-2.52812e-05
-2.4169e-06
1.93457e-06
-2.6157e-05
-2.27541e-06
8.04904e-06
-4.52323e-06
-5.42361e-06
-6.84661e-06
-1.19675e-05
-9.19634e-06
-1.43287e-05
-1.16513e-05
-1.4268e-05
-1.41517e-05
-1.30172e-05
-1.65741e-05
-1.1347e-05
-1.87827e-05
-9.45295e-06
-2.06767e-05
-7.24881e-06
-2.21641e-05
-4.59493e-06
-2.31566e-05
-1.42506e-06
2.35493e-06
-2.35744e-05
-1.33628e-06
9.38757e-06
-3.32179e-06
-3.43744e-06
-5.70918e-06
-9.57975e-06
-8.17248e-06
-1.18647e-05
-1.06973e-05
-1.1743e-05
-1.31845e-05
-1.0529e-05
-1.55139e-05
-9.01692e-06
-1.75542e-05
-7.41142e-06
-1.92139e-05
-5.58789e-06
-2.04076e-05
-3.39985e-06
-2.10449e-05
-7.85746e-07
2.36437e-06
-2.1054e-05
-1.13318e-07
9.50453e-06
-1.78512e-06
-1.76548e-06
-4.24332e-06
-7.11995e-06
-6.86954e-06
-9.23902e-06
-9.51115e-06
-9.09945e-06
-1.20253e-05
-8.01568e-06
-1.43058e-05
-6.73475e-06
-1.62314e-05
-5.48579e-06
-1.77184e-05
-4.09949e-06
-1.86852e-05
-2.43232e-06
-1.90359e-05
-4.34328e-07
2.0378e-06
-1.87076e-05
1.3897e-06
8.1184e-06
1.29992e-07
-5.04259e-07
-2.38134e-06
-4.60721e-06
-5.23237e-06
-6.38652e-06
-8.05623e-06
-6.27409e-06
-1.06402e-05
-5.43017e-06
-1.29172e-05
-4.4561e-06
-1.47883e-05
-3.61264e-06
-1.61775e-05
-2.70822e-06
-1.70019e-05
-1.60543e-06
-1.71511e-05
-2.83194e-07
1.4641e-06
-1.6576e-05
3.13922e-06
4.98451e-06
2.47164e-06
1.6678e-07
3.43409e-08
-2.16633e-06
-3.1031e-06
-3.2453e-06
-6.20537e-06
-3.16636e-06
-8.89285e-06
-2.73877e-06
-1.11827e-05
-2.16168e-06
-1.30374e-05
-1.75346e-06
-1.43987e-05
-1.34184e-06
-1.51826e-05
-8.16552e-07
-1.52378e-05
-2.23634e-07
7.53047e-07
-1.4523e-05
4.98532e-06
5.15295e-06
2.98736e-06
-2.56772e-07
-3.42218e-06
-6.15991e-06
-8.32067e-06
-1.00731e-05
-1.14139e-05
-1.22296e-05
-1.24525e-05
-1.16985e-05
-3.59733e-05
2.08634e-07
-3.8286e-05
8.01479e-06
-4.03862e-05
1.63424e-05
-4.22098e-05
2.46579e-05
-4.35823e-05
3.22359e-05
-4.42285e-05
3.81577e-05
-4.36912e-05
4.13643e-05
-4.15109e-05
4.07933e-05
-3.72864e-05
3.55233e-05
-3.0473e-05
2.53041e-05
-1.93604e-05
8.67681e-06
-1.37201e-05
-3.56735e-05
2.44737e-06
-3.7649e-05
9.99115e-06
-3.92621e-05
1.79562e-05
-4.03673e-05
2.57638e-05
-4.07703e-05
3.26394e-05
-4.02332e-05
3.76213e-05
-3.84526e-05
3.95843e-05
-3.50632e-05
3.74046e-05
-2.95102e-05
2.99708e-05
-2.07452e-05
1.65396e-05
-8.79365e-06
-3.27481e-06
-2.25132e-05
-3.4357e-05
4.31397e-06
-3.5815e-05
1.14486e-05
-3.67435e-05
1.88842e-05
-3.70124e-05
2.60323e-05
-3.6487e-05
3.21138e-05
-3.49807e-05
3.61148e-05
-3.22549e-05
3.68586e-05
-2.80114e-05
3.31612e-05
-2.18137e-05
2.37732e-05
-1.32346e-05
7.9606e-06
-4.41314e-06
-1.20962e-05
-2.69272e-05
-3.21995e-05
5.69159e-06
-3.30439e-05
1.22942e-05
-3.32512e-05
1.90927e-05
-3.27212e-05
2.55032e-05
-3.13529e-05
3.07464e-05
-2.9028e-05
3.37907e-05
-2.56131e-05
3.34444e-05
-2.09507e-05
2.84996e-05
-1.49491e-05
1.77724e-05
-8.24443e-06
1.25644e-06
-2.96318e-06
-1.73773e-05
-2.98902e-05
-2.94688e-05
6.52123e-06
-2.96743e-05
1.24996e-05
-2.91718e-05
1.85901e-05
-2.78923e-05
2.42237e-05
-2.57771e-05
2.86316e-05
-2.27984e-05
3.08121e-05
-1.89519e-05
2.95985e-05
-1.42807e-05
2.38285e-05
-9.06411e-06
1.25561e-05
-4.39955e-06
-3.40786e-06
-1.4534e-06
-2.03234e-05
-3.1343e-05
-2.64316e-05
6.79735e-06
-2.60116e-05
1.2081e-05
-2.48389e-05
1.74186e-05
-2.28754e-05
2.22613e-05
-2.01167e-05
2.58738e-05
-1.6639e-05
2.73353e-05
-1.25834e-05
2.55439e-05
-8.20915e-06
1.9455e-05
-4.03723e-06
8.38488e-06
-1.11379e-06
-6.33103e-06
7.24263e-08
-2.15093e-05
-3.12705e-05
-2.33243e-05
6.54773e-06
-2.2322e-05
1.10793e-05
-2.05345e-05
1.56315e-05
-1.79595e-05
1.96869e-05
-1.46572e-05
2.2572e-05
-1.08073e-05
2.34862e-05
-6.69484e-06
2.1432e-05
-2.76214e-06
1.55232e-05
3.79765e-07
5.24317e-06
1.8966e-06
-7.84704e-06
1.69239e-06
-2.13048e-05
-2.9577e-05
-2.03349e-05
5.83018e-06
-1.88122e-05
9.55784e-06
-1.64763e-05
1.32967e-05
-1.33653e-05
1.6577e-05
-9.60479e-06
1.88128e-05
-5.46559e-06
1.93477e-05
-1.3614e-06
1.73293e-05
2.13488e-06
1.20273e-05
4.41552e-06
2.96357e-06
4.77186e-06
-8.20326e-06
3.2183e-06
-1.9751e-05
-2.63583e-05
-1.75955e-05
4.71877e-06
-1.56286e-05
7.59224e-06
-1.28169e-05
1.04855e-05
-9.23978e-06
1.30013e-05
-5.08163e-06
1.4654e-05
-6.84232e-07
1.49531e-05
3.42809e-06
1.3215e-05
6.59473e-06
8.86446e-06
8.23101e-06
1.32559e-06
7.5926e-06
-7.56198e-06
4.69266e-06
-1.68508e-05
-2.16646e-05
-1.51602e-05
3.30511e-06
-1.28355e-05
5.26972e-06
-9.62241e-06
7.27444e-06
-5.63515e-06
9.01564e-06
-1.10684e-06
1.01274e-05
3.56686e-06
1.02807e-05
7.77151e-06
9.01152e-06
1.07501e-05
5.88769e-06
1.1944e-05
1.32728e-07
1.04029e-05
-6.01918e-06
6.03707e-06
-1.2484e-05
-1.56266e-05
-1.29029e-05
1.68981e-06
-1.03192e-05
2.6913e-06
-6.78029e-06
3.74043e-06
-2.41701e-06
4.65741e-06
2.48658e-06
5.2275e-06
7.49013e-06
5.28081e-06
1.18939e-05
4.60976e-06
1.482e-05
2.96476e-06
1.56633e-05
-7.08861e-07
1.31767e-05
-3.53048e-06
7.4168e-06
-6.72275e-06
-8.20796e-06
-1.00076e-05
-7.31533e-06
-3.57385e-06
1.08436e-06
6.31268e-06
1.15938e-05
1.62042e-05
1.91692e-05
1.84608e-05
1.49304e-05
8.20796e-06
-9.43341e-06
-1.60859e-05
-1.02476e-05
-2.01399e-05
-1.05008e-05
-2.3685e-05
-1.13701e-05
-2.64642e-05
-1.30385e-05
-2.80848e-05
-1.54467e-05
-2.85181e-05
-1.83994e-05
-2.77867e-05
-2.16538e-05
-2.58762e-05
-2.49767e-05
-2.28052e-05
-2.81191e-05
-1.84925e-05
-3.0995e-05
-1.31472e-05
-6.75339e-06
-3.35489e-05
-6.2164e-06
-9.86891e-06
-8.52112e-06
-1.78351e-05
-9.72536e-06
-2.24803e-05
-1.11979e-05
-2.49909e-05
-1.32167e-05
-2.60654e-05
-1.57955e-05
-2.59385e-05
-1.87864e-05
-2.47951e-05
-2.19872e-05
-2.26745e-05
-2.52009e-05
-1.95911e-05
-2.8232e-05
-1.54584e-05
-3.10022e-05
-1.03777e-05
-4.30005e-06
-3.34563e-05
-4.93813e-06
-4.93431e-06
-7.4884e-06
-1.52848e-05
-9.23791e-06
-2.07307e-05
-1.10757e-05
-2.31529e-05
-1.32972e-05
-2.3844e-05
-1.59395e-05
-2.32962e-05
-1.88796e-05
-2.18552e-05
-2.19428e-05
-1.96115e-05
-2.49617e-05
-1.6572e-05
-2.77802e-05
-1.26419e-05
-3.03172e-05
-7.83938e-06
-2.10602e-06
-3.25103e-05
-4.16896e-06
-7.63379e-07
-6.79488e-06
-1.26587e-05
-8.82353e-06
-1.87013e-05
-1.08731e-05
-2.11026e-05
-1.32013e-05
-2.15149e-05
-1.58383e-05
-2.06585e-05
-1.86699e-05
-1.90225e-05
-2.15389e-05
-1.67415e-05
-2.43018e-05
-1.38082e-05
-2.6827e-05
-1.01138e-05
-2.90317e-05
-5.63504e-06
-2.97497e-07
-3.08406e-05
-3.58763e-06
2.82302e-06
-6.16499e-06
-1.00809e-05
-8.34119e-06
-1.65251e-05
-1.05161e-05
-1.89273e-05
-1.28973e-05
-1.91338e-05
-1.54918e-05
-1.80635e-05
-1.81851e-05
-1.63294e-05
-2.08305e-05
-1.40958e-05
-2.33022e-05
-1.13361e-05
-2.54869e-05
-7.93031e-06
-2.72974e-05
-3.82325e-06
1.05796e-06
-2.86518e-05
-2.99388e-06
5.81935e-06
-5.43989e-06
-7.63454e-06
-7.69967e-06
-1.42647e-05
-9.96195e-06
-1.66644e-05
-1.2376e-05
-1.67188e-05
-1.49177e-05
-1.55209e-05
-1.74677e-05
-1.37783e-05
-1.98859e-05
-1.16765e-05
-2.20601e-05
-9.16079e-06
-2.38891e-05
-6.09895e-06
-2.52848e-05
-2.42754e-06
1.93646e-06
-2.61634e-05
-2.26878e-06
8.08919e-06
-4.51306e-06
-5.38962e-06
-6.83457e-06
-1.19429e-05
-9.18276e-06
-1.43156e-05
-1.1637e-05
-1.42643e-05
-1.41372e-05
-1.30202e-05
-1.65607e-05
-1.13544e-05
-1.87713e-05
-9.46521e-06
-2.0668e-05
-7.26334e-06
-2.21589e-05
-4.60839e-06
-2.31542e-05
-1.43102e-06
2.35791e-06
-2.35748e-05
-1.32813e-06
9.42081e-06
-3.30884e-06
-3.4082e-06
-5.69351e-06
-9.55761e-06
-8.15474e-06
-1.18536e-05
-1.06785e-05
-1.17399e-05
-1.31654e-05
-1.05323e-05
-1.5496e-05
-9.02285e-06
-1.75383e-05
-7.42173e-06
-1.9201e-05
-5.59955e-06
-2.03977e-05
-3.40984e-06
-2.10377e-05
-7.90288e-07
2.36904e-06
-2.10484e-05
-1.04246e-07
9.52639e-06
-1.7699e-06
-1.74107e-06
-4.22491e-06
-7.10297e-06
-6.84823e-06
-9.22889e-06
-9.48913e-06
-9.09858e-06
-1.20025e-05
-8.01786e-06
-1.42846e-05
-6.74034e-06
-1.62121e-05
-5.4928e-06
-1.77022e-05
-4.10855e-06
-1.86718e-05
-2.43938e-06
-1.90245e-05
-4.36566e-07
2.04246e-06
-1.86972e-05
1.39924e-06
8.13144e-06
1.46178e-07
-4.86304e-07
-2.36084e-06
-4.5951e-06
-5.20874e-06
-6.37889e-06
-8.03168e-06
-6.27419e-06
-1.06151e-05
-5.43225e-06
-1.28936e-05
-4.46026e-06
-1.47668e-05
-3.61706e-06
-1.6159e-05
-2.71419e-06
-1.69861e-05
-1.60987e-06
-1.71368e-05
-2.84267e-07
1.46841e-06
-1.65619e-05
3.14789e-06
4.98974e-06
2.48766e-06
1.77996e-07
5.56427e-08
-2.16036e-06
-3.07793e-06
-3.24021e-06
-6.17945e-06
-3.16747e-06
-8.8666e-06
-2.7398e-06
-1.1158e-05
-2.16438e-06
-1.30147e-05
-1.75498e-06
-1.43791e-05
-1.34481e-06
-1.51656e-05
-8.18795e-07
-1.5222e-05
-2.24249e-07
7.54958e-07
-1.45067e-05
4.99077e-06
5.16935e-06
3.01003e-06
-2.29109e-07
-3.39524e-06
-6.13407e-06
-8.29731e-06
-1.00513e-05
-1.13951e-05
-1.22132e-05
-1.24371e-05
-1.16818e-05
-3.59933e-05
2.10061e-07
-3.83089e-05
8.02887e-06
-4.04125e-05
1.63678e-05
-4.22401e-05
2.46903e-05
-4.36159e-05
3.22714e-05
-4.42636e-05
3.81897e-05
-4.3723e-05
4.13831e-05
-4.15327e-05
4.07902e-05
-3.72925e-05
3.54943e-05
-3.04618e-05
2.52553e-05
-1.93386e-05
8.62561e-06
-1.37391e-05
-3.56967e-05
2.44981e-06
-3.76752e-05
1.00071e-05
-3.92922e-05
1.79832e-05
-4.04009e-05
2.58001e-05
-4.08059e-05
3.26772e-05
-4.02668e-05
3.76517e-05
-3.84793e-05
3.95965e-05
-3.50781e-05
3.73899e-05
-2.95095e-05
2.99264e-05
-2.07319e-05
1.64783e-05
-8.78255e-06
-3.32357e-06
-2.25202e-05
-3.43806e-05
4.321e-06
-3.5842e-05
1.14691e-05
-3.67736e-05
1.89167e-05
-3.70444e-05
2.60709e-05
-3.65185e-05
3.21515e-05
-3.50085e-05
3.6142e-05
-3.22748e-05
3.6863e-05
-2.802e-05
3.31356e-05
-2.18102e-05
2.37167e-05
-1.32257e-05
7.89384e-06
-4.40899e-06
-1.21402e-05
-2.69303e-05
-3.22204e-05
5.70027e-06
-3.30676e-05
1.23162e-05
-3.32771e-05
1.91252e-05
-3.27473e-05
2.55422e-05
-3.13771e-05
3.07825e-05
-2.90475e-05
3.38135e-05
-2.56251e-05
3.34419e-05
-2.09539e-05
2.84655e-05
-1.49452e-05
1.7709e-05
-8.24221e-06
1.19166e-06
-2.96593e-06
-1.7416e-05
-2.98949e-05
-2.94844e-05
6.53379e-06
-2.96921e-05
1.25246e-05
-2.91902e-05
1.86248e-05
-2.79098e-05
2.42622e-05
-2.57918e-05
2.86649e-05
-2.28081e-05
3.08308e-05
-1.89557e-05
2.95899e-05
-1.4279e-05
2.37897e-05
-9.06025e-06
1.24906e-05
-4.40037e-06
-3.46811e-06
-1.45689e-06
-2.03587e-05
-3.13517e-05
-2.64405e-05
6.81066e-06
-2.60217e-05
1.21057e-05
-2.48485e-05
1.74514e-05
-2.28827e-05
2.22975e-05
-2.01203e-05
2.59036e-05
-1.66381e-05
2.73497e-05
-1.25785e-05
2.55315e-05
-8.20258e-06
1.94151e-05
-4.03251e-06
8.32156e-06
-1.11481e-06
-6.38491e-06
6.90593e-08
-2.15416e-05
-3.12813e-05
-2.33261e-05
6.56262e-06
-2.23238e-05
1.1104e-05
-2.05343e-05
1.56631e-05
-1.7956e-05
1.97198e-05
-1.46495e-05
2.25979e-05
-1.07956e-05
2.34968e-05
-6.68113e-06
2.1418e-05
-2.75028e-06
1.54852e-05
3.87077e-07
5.18512e-06
1.89735e-06
-7.89457e-06
1.69098e-06
-2.13339e-05
-2.95893e-05
-2.03298e-05
5.84429e-06
-1.88058e-05
9.58032e-06
-1.64667e-05
1.33243e-05
-1.33513e-05
1.66055e-05
-9.58625e-06
1.88337e-05
-5.44366e-06
1.93557e-05
-1.33938e-06
1.73147e-05
2.1525e-06
1.19949e-05
4.42662e-06
2.91198e-06
4.77533e-06
-8.24233e-06
3.21827e-06
-1.97753e-05
-2.63697e-05
-1.75844e-05
4.73212e-06
-1.5615e-05
7.61141e-06
-1.27989e-05
1.05091e-05
-9.21664e-06
1.30234e-05
-5.05325e-06
1.46719e-05
-6.53545e-07
1.49559e-05
3.45814e-06
1.32054e-05
6.61762e-06
8.83518e-06
8.24646e-06
1.28531e-06
7.5988e-06
-7.59352e-06
4.69447e-06
-1.68694e-05
-2.1674e-05
-1.51445e-05
3.31539e-06
-1.28162e-05
5.28382e-06
-9.59777e-06
7.291e-06
-5.60438e-06
9.0313e-06
-1.07089e-06
1.01398e-05
3.60522e-06
1.02816e-05
7.8075e-06
9.00489e-06
1.07782e-05
5.86624e-06
1.19628e-05
1.03058e-07
1.04113e-05
-6.04027e-06
6.04023e-06
-1.24961e-05
-1.56322e-05
-1.28841e-05
1.69422e-06
-1.0296e-05
2.69699e-06
-6.75099e-06
3.74742e-06
-2.38091e-06
4.66429e-06
2.52845e-06
5.23428e-06
7.53367e-06
5.27979e-06
1.19346e-05
4.60764e-06
1.48518e-05
2.95209e-06
1.56838e-05
-7.24654e-07
1.31857e-05
-3.53944e-06
7.42043e-06
-6.7281e-06
-8.20869e-06
-9.98734e-06
-7.29008e-06
-3.54206e-06
1.12307e-06
6.35807e-06
1.16386e-05
1.62468e-05
1.91996e-05
1.84754e-05
1.49363e-05
8.20869e-06
-9.41962e-06
-1.61419e-05
-1.02306e-05
-2.01761e-05
-1.04809e-05
-2.37133e-05
-1.13477e-05
-2.64863e-05
-1.30129e-05
-2.81041e-05
-1.54162e-05
-2.85366e-05
-1.83618e-05
-2.78058e-05
-2.16073e-05
-2.58944e-05
-2.49208e-05
-2.28216e-05
-2.80537e-05
-1.85067e-05
-3.09246e-05
-1.31686e-05
-6.77007e-06
-6.20956e-06
-9.93032e-06
-8.51016e-06
-1.78752e-05
-9.71175e-06
-2.25111e-05
-1.11821e-05
-2.50155e-05
-1.3198e-05
-2.60877e-05
-1.57725e-05
-2.59619e-05
-1.87569e-05
-2.48211e-05
-2.19497e-05
-2.27013e-05
-2.51544e-05
-1.9616e-05
-2.8178e-05
-1.54828e-05
-3.09429e-05
-1.04002e-05
-4.31521e-06
-4.93561e-06
-4.99706e-06
-7.48287e-06
-1.53277e-05
-9.23049e-06
-2.07633e-05
-1.10669e-05
-2.31791e-05
-1.32863e-05
-2.38686e-05
-1.59252e-05
-2.33234e-05
-1.88601e-05
-2.18867e-05
-2.19167e-05
-1.96451e-05
-2.49286e-05
-1.66045e-05
-2.77403e-05
-1.26709e-05
-3.02747e-05
-7.86818e-06
-2.11744e-06
-4.16917e-06
-8.255e-07
-6.79399e-06
-1.27025e-05
-8.82191e-06
-1.87349e-05
-1.08711e-05
-2.11294e-05
-1.31984e-05
-2.15409e-05
-1.58332e-05
-2.06881e-05
-1.86613e-05
-1.90582e-05
-2.15259e-05
-1.67798e-05
-2.42836e-05
-1.38458e-05
-2.6805e-05
-1.01485e-05
-2.90075e-05
-5.66196e-06
-3.06154e-07
-3.59007e-06
2.76429e-06
-6.1682e-06
-1.0124e-05
-8.34486e-06
-1.6558e-05
-1.05205e-05
-1.89536e-05
-1.2902e-05
-1.91598e-05
-1.5496e-05
-1.80942e-05
-1.81876e-05
-1.6367e-05
-2.08309e-05
-1.41366e-05
-2.33001e-05
-1.13767e-05
-2.54825e-05
-7.96548e-06
-2.72932e-05
-3.85272e-06
1.05343e-06
-2.99831e-06
5.76495e-06
-5.4467e-06
-7.67519e-06
-7.70818e-06
-1.42961e-05
-9.97241e-06
-1.6689e-05
-1.2388e-05
-1.67439e-05
-1.49307e-05
-1.55509e-05
-1.74811e-05
-1.3816e-05
-1.98995e-05
-1.17172e-05
-2.20734e-05
-9.20149e-06
-2.39028e-05
-6.13476e-06
-2.52993e-05
-2.45287e-06
1.93464e-06
-2.27491e-06
8.04218e-06
-4.52311e-06
-5.42644e-06
-6.84731e-06
-1.19712e-05
-9.19858e-06
-1.43376e-05
-1.16553e-05
-1.42869e-05
-1.41582e-05
-1.30482e-05
-1.65838e-05
-1.13899e-05
-1.87971e-05
-9.50391e-06
-2.06958e-05
-7.30188e-06
-2.21887e-05
-4.64091e-06
-2.31865e-05
-1.45563e-06
2.35919e-06
-1.3358e-06
9.38017e-06
-3.32163e-06
-3.43978e-06
-5.70989e-06
-9.58261e-06
-8.17507e-06
-1.18717e-05
-1.07022e-05
-1.17597e-05
-1.31932e-05
-1.05561e-05
-1.55278e-05
-9.05498e-06
-1.75749e-05
-7.45523e-06
-1.92414e-05
-5.634e-06
-2.04422e-05
-3.43827e-06
-2.10852e-05
-8.10655e-07
2.37206e-06
-1.12884e-07
9.49867e-06
-1.78518e-06
-1.76779e-06
-4.24392e-06
-7.12104e-06
-6.87248e-06
-9.24475e-06
-9.51674e-06
-9.11209e-06
-1.20363e-05
-8.03916e-06
-1.43232e-05
-6.76429e-06
-1.62582e-05
-5.52215e-06
-1.77535e-05
-4.13502e-06
-1.8729e-05
-2.46353e-06
-1.90853e-05
-4.53628e-07
2.04673e-06
1.38947e-06
8.11322e-06
1.29598e-07
-5.06012e-07
-2.38215e-06
-4.60749e-06
-5.2354e-06
-6.39006e-06
-8.06268e-06
-6.28311e-06
-1.06531e-05
-5.44744e-06
-1.29384e-05
-4.47675e-06
-1.48206e-05
-3.6381e-06
-1.62197e-05
-2.73271e-06
-1.70538e-05
-1.62751e-06
-1.72087e-05
-2.97495e-07
1.47365e-06
3.13803e-06
4.98138e-06
2.4703e-06
1.65765e-07
3.30666e-08
-2.16583e-06
-3.10634e-06
-3.24704e-06
-6.21268e-06
-3.17053e-06
-8.90787e-06
-2.74873e-06
-1.12073e-05
-2.1716e-06
-1.30745e-05
-1.76648e-06
-1.44471e-05
-1.35322e-06
-1.52421e-05
-8.28657e-07
-1.53032e-05
-2.32307e-07
7.61249e-07
4.98231e-06
5.14915e-06
2.98399e-06
-2.6166e-07
-3.4314e-06
-6.17879e-06
-8.34953e-06
-1.01146e-05
-1.1467e-05
-1.22949e-05
-1.25259e-05
)
;

boundaryField
{
    rotor
    {
        type            calculated;
        value           uniform 0;
    }
    stator
    {
        type            calculated;
        value           uniform 0;
    }
    front
    {
        type            empty;
        value           nonuniform 0();
    }
    back
    {
        type            empty;
        value           nonuniform 0();
    }
}


// ************************************************************************* //
