/*--------------------------------*- C++ -*----------------------------------*\
| =========                 |                                                 |
| \\      /  F ield         | OpenFOAM: The Open Source CFD Toolbox           |
|  \\    /   O peration     | Version:  v1912                                 |
|   \\  /    A nd           | Website:  www.openfoam.com                      |
|    \\/     M anipulation  |                                                 |
\*---------------------------------------------------------------------------*/
FoamFile
{
    version     2.0;
    format      ascii;
    class       volVectorField;
    location    "150";
    object      U;
}
// * * * * * * * * * * * * * * * * * * * * * * * * * * * * * * * * * * * * * //

dimensions      [0 1 -1 0 0 0 0];


internalField   nonuniform List<vector> 
3072
(
(-0.0468684 2.22057 0)
(-0.00679763 1.8894 0)
(0.0852956 1.63825 1.17315e-19)
(0.210316 1.57344 1.92379e-18)
(0.435917 1.78249 -1.95938e-18)
(1.38662 1.77218 7.67044e-19)
(2.92372 2.03552 9.76419e-20)
(3.46634 2.90633 1.21013e-18)
(3.81657 3.28928 -2.50948e-18)
(4.27191 3.68087 1.75215e-18)
(4.68427 3.76398 -2.98252e-19)
(5.07258 3.82896 1.94012e-19)
(-0.654526 2.80853 -1.74457e-19)
(-0.347818 2.32043 -1.33772e-19)
(0.184462 2.45237 2.92769e-19)
(1.14008 2.59448 0)
(2.33462 3.09708 2.99472e-19)
(3.21554 3.46196 -4.43469e-19)
(3.58322 3.58564 0)
(3.63904 3.77528 0)
(3.72116 3.87786 0)
(3.87266 3.9927 7.13512e-19)
(3.9993 4.05301 -6.13273e-19)
(4.15795 4.06404 7.68464e-19)
(-0.508724 3.16403 1.16771e-19)
(0.239794 2.81327 0)
(1.24697 3.07552 0)
(2.33845 3.35248 -1.50563e-18)
(3.17163 3.55776 6.01911e-19)
(3.58957 3.55195 -1.49984e-18)
(3.77699 3.50418 1.44924e-18)
(3.85791 3.50536 0)
(3.9221 3.49151 0)
(3.99052 3.47648 -6.59193e-19)
(4.06085 3.44525 -3.78873e-19)
(4.14981 3.39953 1.6773e-18)
(-0.215284 3.40977 -1.32688e-18)
(0.687377 3.29629 -2.1328e-18)
(1.74015 3.50116 9.27886e-19)
(2.70837 3.58446 -1.0276e-18)
(3.28284 3.52856 2.91588e-18)
(3.56211 3.46335 -2.42962e-18)
(3.67897 3.37261 -1.42028e-18)
(3.696 3.30202 -4.40227e-18)
(3.70536 3.25338 -1.44917e-20)
(3.72886 3.21733 2.11536e-18)
(3.76676 3.18369 2.20217e-18)
(3.82166 3.14637 -1.71082e-18)
(0.13069 3.55128 0)
(1.01518 3.54788 8.22686e-19)
(1.98657 3.62872 -1.54367e-18)
(2.79983 3.54935 2.49659e-18)
(3.24695 3.43887 2.83545e-19)
(3.42533 3.28894 1.62345e-18)
(3.46673 3.16586 1.66079e-18)
(3.4717 3.07397 1.42559e-18)
(3.4818 3.00244 -2.76522e-18)
(3.50166 2.94609 2.42251e-18)
(3.53215 2.90027 -3.10044e-18)
(3.57322 2.85888 4.2149e-18)
(0.387636 3.66934 -2.76702e-18)
(1.21282 3.71546 1.11384e-18)
(2.06317 3.69058 3.81174e-18)
(2.75467 3.50845 0)
(3.10589 3.31062 -4.62326e-18)
(3.21654 3.11643 5.00568e-18)
(3.24434 2.96639 0)
(3.25071 2.85074 -3.64325e-18)
(3.25998 2.76234 3.12335e-18)
(3.27619 2.6952 0)
(3.29996 2.64456 2.12774e-19)
(3.33043 2.6049 2.69917e-18)
(0.561748 3.80448 0)
(1.29778 3.87686 -2.8388e-18)
(2.02824 3.74856 2.19427e-18)
(2.61879 3.48896 0)
(2.88515 3.21198 -3.1191e-18)
(2.9796 2.97215 6.0254e-19)
(3.01098 2.78563 4.88167e-18)
(3.02475 2.64419 4.07981e-18)
(3.03823 2.5387 -3.53548e-18)
(3.05522 2.46153 3.31171e-18)
(3.07633 2.40667 -2.81515e-18)
(3.10091 2.36847 -7.65267e-18)
(0.662399 4.00098 0)
(1.29492 4.09104 2.82069e-18)
(1.90644 3.86879 -4.04586e-18)
(2.38003 3.53209 4.45623e-18)
(2.62141 3.17044 0)
(2.72483 2.86841 -6.22804e-18)
(2.7724 2.63545 5.45397e-18)
(2.80047 2.46213 -4.19044e-20)
(2.82305 2.33601 -7.99278e-18)
(2.84452 2.24708 -3.49975e-18)
(2.86602 2.18737 -1.61213e-19)
(2.88753 2.1501 5.96275e-18)
(0.726156 4.19977 0)
(1.26225 4.38077 -3.91256e-18)
(1.71527 4.07406 -6.19569e-18)
(2.09288 3.65177 -4.66626e-18)
(2.32313 3.20818 8.92694e-18)
(2.45414 2.82791 0)
(2.53128 2.53336 0)
(2.58175 2.31635 0)
(2.61927 2.16188 0)
(2.64892 2.05699 3.87127e-18)
(2.67315 1.99022 -3.66322e-18)
(2.69339 1.95245 3.42752e-18)
(0.833659 4.60506 0)
(1.13226 4.71512 2.93449e-18)
(1.4322 4.27166 -6.44779e-19)
(1.74376 3.771 5.08211e-18)
(1.98508 3.27264 4.84323e-18)
(2.15849 2.83038 -7.63836e-18)
(2.28102 2.47685 0)
(2.3661 2.21209 -2.11009e-19)
(2.42656 2.02383 -1.56591e-17)
(2.46972 1.89749 0)
(2.50031 1.81977 8.70219e-18)
(2.52124 1.77922 -3.89553e-18)
(1.20053 4.61264 0)
(0.92475 4.62438 3.14132e-18)
(1.02163 4.11919 9.72043e-18)
(1.31486 3.61127 -8.42529e-18)
(1.59524 3.16069 -1.14299e-17)
(1.82757 2.74249 1.72373e-17)
(2.00936 2.39073 -1.80975e-19)
(2.14349 2.11122 -6.29844e-18)
(2.23876 1.9041 5.07957e-18)
(2.30336 1.76262 -1.04886e-17)
(2.34566 1.67539 -1.409e-17)
(2.37094 1.63157 1.3742e-17)
(0.190373 3.6407 -1.2875e-18)
(0.329971 3.54501 -1.08939e-17)
(0.54079 3.21077 1.87603e-18)
(0.868463 2.90433 0)
(1.19417 2.64575 0)
(1.48378 2.38523 1.58545e-19)
(1.7225 2.13971 1.64927e-17)
(1.90919 1.92386 1.03386e-17)
(2.04812 1.7487 0)
(2.14422 1.62132 9.63028e-18)
(2.2063 1.54064 0)
(2.24107 1.502 4.87686e-19)
(5.36994 3.71313 3.55961e-18)
(5.6097 3.57196 -1.80596e-18)
(5.73943 3.33097 9.67471e-19)
(5.79646 3.07837 -1.72247e-19)
(5.75549 2.76942 7.6229e-20)
(5.61837 2.46725 0)
(5.36532 2.15031 0)
(5.00214 1.86026 5.58651e-19)
(4.51773 1.58455 -6.55203e-19)
(3.85467 1.30486 0)
(3.14047 0.938346 0)
(2.78692 0.186357 1.61134e-20)
(4.31517 4.01204 -2.0601e-20)
(4.47486 3.91076 0)
(4.6227 3.75423 -9.08461e-19)
(4.74571 3.55499 -3.33279e-19)
(4.81 3.33653 -8.38957e-20)
(4.81052 3.1113 1.43156e-18)
(4.73591 2.89312 -2.46249e-18)
(4.58412 2.70251 4.32673e-19)
(4.35375 2.56152 0)
(3.9178 2.45855 0)
(3.47158 2.36635 0)
(3.38876 2.11381 5.4606e-19)
(4.24483 3.33275 6.08912e-19)
(4.33585 3.24905 -1.75214e-18)
(4.40937 3.15243 4.2957e-19)
(4.45335 3.04957 1.26625e-18)
(4.45989 2.94653 -1.33042e-18)
(4.42405 2.85443 0)
(4.34078 2.78401 0)
(4.21023 2.75056 -9.97215e-20)
(4.03908 2.77177 7.80838e-19)
(3.76609 2.8514 0)
(3.41726 2.92136 0)
(3.46061 2.91433 -3.13843e-19)
(3.88442 3.09985 2.61348e-19)
(3.94602 3.0444 2.11988e-18)
(3.99727 2.98265 1.53931e-18)
(4.03 2.92103 -1.55564e-18)
(4.03907 2.86688 0)
(4.02222 2.82892 1.00481e-18)
(3.97658 2.81756 0)
(3.90191 2.84378 1.85447e-18)
(3.80641 2.92294 -6.40007e-19)
(3.67429 3.07317 0)
(3.39649 3.28986 -2.81246e-19)
(3.66081 3.59962 2.80112e-19)
(3.61908 2.81858 -1.63296e-18)
(3.66345 2.77926 0)
(3.70109 2.74306 0)
(3.72689 2.71606 0)
(3.73872 2.7027 0)
(3.73833 2.70677 -1.86741e-18)
(3.72279 2.74104 -9.57431e-20)
(3.69307 2.81366 -9.47957e-19)
(3.65331 2.93821 0)
(3.6129 3.13128 -7.77323e-19)
(3.3994 3.42321 2.91677e-19)
(3.79782 3.87783 -7.12117e-20)
(3.36414 2.5731 -1.81966e-19)
(3.39737 2.5484 -4.26037e-18)
(3.42726 2.53262 1.92482e-18)
(3.45169 2.52882 -1.26186e-20)
(3.47336 2.54059 1.48309e-19)
(3.49091 2.57353 2.93492e-18)
(3.5048 2.63524 -9.94797e-20)
(3.51755 2.73395 -3.42671e-18)
(3.5334 2.88318 -1.415e-18)
(3.55789 3.10818 6.41106e-19)
(3.45397 3.44985 -9.54154e-19)
(3.96406 4.04342 -2.07155e-19)
(3.12719 2.3432 7.19713e-18)
(3.1536 2.32915 2.3111e-18)
(3.17975 2.32695 0)
(3.20681 2.33834 0)
(3.23655 2.36603 1.45643e-19)
(3.27017 2.41484 -2.22775e-18)
(3.30987 2.49091 3.56352e-18)
(3.36008 2.60067 -9.25494e-20)
(3.42603 2.75467 1.23523e-18)
(3.51925 2.97384 0)
(3.55249 3.31893 -1.79701e-19)
(4.05071 3.97768 -7.39849e-20)
(2.9087 2.13003 -2.81818e-18)
(2.93018 2.12384 -2.52195e-18)
(2.95353 2.13082 2.71401e-18)
(2.98149 2.15127 -2.51864e-18)
(3.01676 2.18722 1.0775e-20)
(3.06201 2.2428 5.10935e-18)
(3.12111 2.3228 -2.36026e-18)
(3.20085 2.43162 1.38512e-18)
(3.30974 2.57752 0)
(3.46496 2.77939 8.66909e-19)
(3.59229 3.10121 3.51145e-19)
(4.14781 3.79518 -5.8472e-19)
(2.71047 1.93599 3.1904e-18)
(2.72722 1.93511 -3.06594e-18)
(2.74663 1.94765 -2.80871e-18)
(2.77247 1.97242 -5.87792e-18)
(2.80822 2.01064 5.67286e-18)
(2.8574 2.0656 -5.48053e-18)
(2.92514 2.14065 0)
(3.02164 2.23734 -1.35426e-18)
(3.16015 2.36053 0)
(3.36468 2.52385 0)
(3.59943 2.78738 0)
(4.13513 3.42289 2.71501e-19)
(2.53459 1.76478 3.69313e-18)
(2.54581 1.76708 -7.25607e-18)
(2.55913 1.78262 7.00629e-18)
(2.57865 1.80849 6.71288e-18)
(2.60785 1.84495 3.2425e-18)
(2.65043 1.89441 0)
(2.71187 1.95809 0)
(2.80698 2.03313 3.32908e-18)
(2.95649 2.12052 0)
(3.19665 2.22523 -1.00276e-18)
(3.51467 2.38972 5.9296e-19)
(4.06491 2.87812 -8.65129e-19)
(2.38192 1.61868 -8.7419e-18)
(2.3867 1.62314 7.81283e-18)
(2.39145 1.64014 -7.53645e-18)
(2.39961 1.66538 -1.8983e-17)
(2.41336 1.69817 -2.2602e-19)
(2.43587 1.74002 1.17535e-19)
(2.47194 1.78932 -3.73331e-18)
(2.54246 1.83584 -3.44711e-18)
(2.67761 1.87598 0)
(2.92386 1.90183 3.12672e-18)
(3.30233 1.90005 8.18822e-19)
(3.83289 1.93752 -1.20421e-18)
(2.25177 1.49674 -4.50436e-19)
(2.25049 1.50377 0)
(2.24326 1.52248 0)
(2.23316 1.54688 4.0139e-18)
(2.2198 1.57589 1.22351e-17)
(2.20518 1.61053 -3.96783e-18)
(2.19432 1.64698 -2.1749e-19)
(2.21676 1.66519 -2.03355e-18)
(2.30828 1.65687 -1.91492e-18)
(2.50313 1.59413 -1.9681e-18)
(2.90231 1.37462 0)
(3.26055 0.483764 1.52847e-18)
(2.21823 0.0382615 5.73853e-22)
(1.88653 0.000726609 0)
(1.63659 -0.0891937 -1.1663e-19)
(1.57129 -0.213886 0)
(1.77827 -0.43428 -9.26773e-19)
(1.77366 -1.37492 7.6823e-19)
(2.02183 -2.91259 0)
(2.8972 -3.46345 1.06234e-18)
(3.28043 -3.8104 -2.18251e-18)
(3.67346 -4.26761 1.85582e-18)
(3.75708 -4.67881 -2.53337e-19)
(3.82309 -5.06829 -1.95612e-19)
(2.80838 0.650949 -9.45348e-20)
(2.31916 0.346783 6.31831e-20)
(2.45012 -0.17904 2.6516e-20)
(2.58963 -1.1281 0)
(3.08795 -2.32229 -3.01483e-19)
(3.457 -3.20547 1.90723e-19)
(3.58271 -3.57941 0)
(3.76929 -3.63956 8.2611e-19)
(3.87198 -3.71915 -2.07846e-18)
(3.98693 -3.87131 1.15934e-18)
(4.0474 -3.99727 7.57794e-20)
(4.05886 -4.15604 -2.00736e-18)
(3.16347 0.509849 -1.17121e-19)
(2.81034 -0.23398 0)
(3.07027 -1.23815 -1.02076e-18)
(3.3474 -2.32985 0)
(3.55274 -3.16658 0)
(3.54848 -3.58787 -6.54572e-19)
(3.50012 -3.7763 3.1475e-18)
(3.50174 -3.85661 -2.35173e-18)
(3.48723 -3.92026 7.37144e-19)
(3.47221 -3.98913 0)
(3.44085 -4.05915 1.4693e-18)
(3.39515 -4.14808 -8.08116e-19)
(3.40989 0.217618 8.43384e-19)
(3.2944 -0.681958 1.1805e-18)
(3.49874 -1.73346 6.67022e-19)
(3.5827 -2.70223 1.53723e-18)
(3.52701 -3.27925 -1.37595e-18)
(3.46114 -3.56005 -8.83463e-19)
(3.37008 -3.67761 0)
(3.29922 -3.69483 0)
(3.25012 -3.70414 1.43299e-18)
(3.21365 -3.72763 0)
(3.17975 -3.7654 3.49651e-19)
(3.14228 -3.82026 6.58038e-19)
(3.55256 -0.126634 1.78671e-18)
(3.54769 -1.00975 -6.59902e-19)
(3.62885 -1.98037 -1.54636e-18)
(3.54991 -2.79451 0)
(3.43837 -3.24353 0)
(3.28838 -3.42349 2.11755e-18)
(3.16442 -3.46535 0)
(3.07202 -3.47037 -3.29218e-18)
(3.00001 -3.48046 -1.21403e-18)
(2.94321 -3.5004 2.4278e-18)
(2.89703 -3.53094 -3.10742e-18)
(2.85538 -3.57209 2.00823e-18)
(3.67087 -0.383489 -1.51341e-18)
(3.71618 -1.20767 -9.88278e-19)
(3.69133 -2.05782 1.71055e-18)
(3.50999 -2.74958 1.74739e-19)
(3.31177 -3.10278 2.34387e-18)
(3.11691 -3.21451 -4.8066e-18)
(2.96608 -3.24278 4.4337e-18)
(2.8498 -3.24934 3.26404e-19)
(2.76085 -3.25875 0)
(2.69321 -3.27515 0)
(2.64211 -3.29911 5.15727e-18)
(2.60207 -3.32978 -2.51318e-20)
(3.80641 -0.558038 -6.65546e-20)
(3.87862 -1.29327 -1.57446e-18)
(3.75085 -2.02334 0)
(3.4914 -2.61435 -2.65199e-18)
(3.21428 -2.88205 3.32949e-18)
(2.97375 -2.97744 8.85512e-18)
(2.78651 -3.00934 5.2542e-18)
(2.6444 -3.02346 5.7883e-19)
(2.5383 -3.03723 -7.26292e-18)
(2.46055 -3.05453 3.13605e-18)
(2.40515 -3.07595 3.18391e-18)
(2.36646 -3.10082 1.4516e-19)
(4.00307 -0.660399 1.96192e-19)
(4.09341 -1.29152 2.82451e-18)
(3.87221 -1.90206 0)
(3.53566 -2.37606 -4.4638e-18)
(3.17389 -2.61846 -3.54038e-18)
(2.87123 -2.72269 4.49899e-19)
(2.63759 -2.77087 -1.05982e-17)
(2.4636 -2.79939 2.51014e-19)
(2.33681 -2.8224 -2.53324e-19)
(2.24723 -2.84427 3.72468e-18)
(2.18689 -2.86618 -2.86717e-18)
(2.14901 -2.88806 1.84544e-19)
(4.20118 -0.725698 -3.92439e-18)
(4.38302 -1.26003 1.63671e-18)
(4.07734 -1.71192 -8.99638e-18)
(3.65585 -2.08937 4.65902e-18)
(3.21251 -2.32026 0)
(2.83191 -2.45203 0)
(2.53678 -2.52988 6.30477e-18)
(2.31911 -2.58095 1.0571e-17)
(2.16394 -2.61901 -4.58154e-18)
(2.05834 -2.64919 -3.87059e-18)
(1.99085 -2.6739 -3.51705e-18)
(1.95236 -2.69459 0)
(4.60564 -0.833883 4.02243e-20)
(4.71591 -1.13067 4.43269e-18)
(4.27372 -1.42952 1.09583e-17)
(3.77435 -1.74086 0)
(3.27684 -1.98251 8.64729e-18)
(2.8348 -2.15652 0)
(2.48108 -2.27977 1.99789e-19)
(2.21585 -2.36556 -5.6078e-18)
(2.02698 -2.42667 5.35727e-18)
(1.89995 -2.47045 0)
(1.82147 -2.50161 0)
(1.78012 -2.52307 -8.0771e-18)
(4.61252 -1.20049 -5.70044e-18)
(4.62455 -0.923783 3.1413e-18)
(4.1202 -1.02009 4.87928e-19)
(3.6134 -1.31275 -9.07084e-18)
(3.16386 -1.59314 -3.654e-18)
(2.74632 -1.82585 -3.47923e-18)
(2.39489 -2.00827 -6.40652e-18)
(2.11533 -2.14311 -1.76015e-17)
(1.90787 -2.23912 -5.08096e-18)
(1.76586 -2.30445 -1.04904e-17)
(1.67794 -2.3474 9.83409e-18)
(1.63334 -2.37331 8.68854e-18)
(3.64126 -0.190302 2.44728e-18)
(3.54512 -0.329237 -1.30462e-18)
(3.2112 -0.539584 1.94334e-19)
(2.90548 -0.866809 6.51333e-18)
(2.64784 -1.19244 0)
(2.38811 -1.48236 -5.84033e-18)
(2.14318 -1.72161 5.39612e-18)
(1.92764 -1.90896 4.91128e-18)
(1.7525 -2.04865 -1.54485e-17)
(1.62488 -2.14555 9.63302e-18)
(1.5437 -2.20834 -9.33662e-18)
(1.50441 -2.24384 0)
(3.70791 -5.36534 -1.85781e-18)
(3.56758 -5.60598 4.73561e-18)
(3.3272 -5.73585 -1.90041e-18)
(3.07542 -5.79336 -2.14433e-18)
(2.76703 -5.75272 1.77888e-18)
(2.46549 -5.61609 -2.25585e-19)
(2.14899 -5.36345 -1.01896e-20)
(1.85936 -5.00074 1.00442e-19)
(1.58391 -4.51672 -6.55247e-19)
(1.30441 -3.85396 0)
(0.937973 -3.14015 0)
(0.185947 -2.78661 1.60694e-20)
(4.00719 -4.313 6.72559e-20)
(3.90645 -4.47265 6.98249e-19)
(3.7505 -4.62035 -9.08594e-19)
(3.55165 -4.74366 0)
(3.33362 -4.80817 5.31255e-19)
(3.10881 -4.80897 0)
(2.89106 -4.73466 6.50725e-19)
(2.70087 -4.58319 1.58254e-18)
(2.56026 -4.3531 -1.36524e-18)
(2.4576 -3.91734 0)
(2.36559 -3.47142 0)
(2.1132 -3.38874 3.41917e-20)
(3.32844 -4.24298 2.90591e-19)
(3.24491 -4.33402 -2.8763e-19)
(3.1485 -4.40761 4.31857e-19)
(3.04596 -4.45176 0)
(2.94326 -4.45848 -5.89856e-19)
(2.85155 -4.42285 1.82103e-18)
(2.78151 -4.33981 -2.64492e-18)
(2.74847 -4.20949 -3.43072e-18)
(2.7701 -4.03857 2.22484e-18)
(2.85014 -3.76584 0)
(2.92034 -3.41718 3.46506e-19)
(2.91369 -3.46062 1.14871e-19)
(3.0957 -3.883 6.07295e-19)
(3.0403 -3.94467 -1.47688e-18)
(2.97866 -3.99604 1.54288e-18)
(2.91723 -4.02893 -1.55884e-18)
(2.86333 -4.03815 0)
(2.82571 -4.02147 1.0059e-18)
(2.8147 -3.97602 8.13027e-19)
(2.8413 -3.90151 5.52513e-19)
(2.92086 -3.80617 -1.27386e-18)
(3.07158 -3.67417 0)
(3.28871 -3.39652 -2.07355e-19)
(3.59886 -3.6609 3.1049e-19)
(2.81488 -3.61806 1.86419e-18)
(2.77545 -3.66259 -1.01496e-18)
(2.73923 -3.70041 0)
(2.71232 -3.72637 0)
(2.6991 -3.73836 8.94262e-19)
(2.70343 -3.73812 -8.46414e-19)
(2.73802 -3.72269 -1.73438e-19)
(2.81101 -3.69308 0)
(2.93598 -3.65338 -6.00984e-19)
(3.12948 -3.61292 7.77463e-19)
(3.42207 -3.39945 -6.2316e-19)
(3.87718 -3.79798 -1.09927e-19)
(2.56996 -3.36368 -4.31254e-18)
(2.54502 -3.39711 2.05727e-18)
(2.52907 -3.42721 4.01639e-18)
(2.52524 -3.45181 -1.27982e-20)
(2.53707 -3.47362 -5.02115e-18)
(2.57019 -3.49126 -2.17389e-18)
(2.63217 -3.5052 -1.65001e-19)
(2.73123 -3.51797 0)
(2.88087 -3.53378 0)
(3.10638 -3.5581 -6.41209e-19)
(3.44874 -3.45435 -5.63077e-19)
(4.04274 -3.96409 8.4325e-20)
(2.34076 -3.12737 2.44507e-18)
(2.32633 -3.15402 -4.84476e-18)
(2.32385 -3.18039 -2.11037e-18)
(2.33507 -3.20761 -1.47226e-19)
(2.36273 -3.23745 2.0419e-18)
(2.41164 -3.27109 2.05373e-18)
(2.48792 -3.31077 1.20575e-18)
(2.59799 -3.36088 1.18987e-18)
(2.75242 -3.42669 -1.35105e-18)
(2.97208 -3.51968 0)
(3.31793 -3.55274 7.32824e-19)
(3.97724 -4.05088 -2.2719e-19)
(2.12839 -2.90957 0)
(2.12171 -2.93133 2.52215e-18)
(2.12828 -2.95489 0)
(2.14844 -2.98299 -1.3698e-19)
(2.18425 -3.0183 1.09761e-20)
(2.23985 -3.0635 5.10493e-18)
(2.32001 -3.12247 -1.10249e-18)
(2.42912 -3.20201 -2.6858e-18)
(2.57541 -3.31062 -1.52373e-18)
(2.77779 -3.46554 8.66035e-19)
(3.10028 -3.59269 -1.45342e-18)
(3.79507 -4.14788 6.97303e-19)
(1.93525 -2.71206 3.18944e-18)
(1.93377 -2.7291 -3.06451e-18)
(1.94577 -2.74871 -3.07041e-18)
(1.97013 -2.77466 3.0006e-18)
(2.00811 -2.81038 2.83028e-18)
(2.06301 -2.85943 -8.40493e-18)
(2.13816 -2.92693 0)
(2.2351 -3.0231 1.35202e-18)
(2.35865 -3.16124 1.42961e-18)
(2.52247 -3.36538 0)
(2.7866 -3.59981 1.9167e-18)
(3.42293 -4.13533 -1.37912e-18)
(1.76495 -2.53687 0)
(1.76659 -2.54837 -7.24963e-18)
(1.78146 -2.56189 -3.75677e-18)
(1.80681 -2.58149 -6.45409e-18)
(1.84292 -2.61059 3.23688e-18)
(1.89224 -2.65292 3.05943e-18)
(1.95597 -2.71401 0)
(2.03123 -2.80868 0)
(2.11896 -2.9577 0)
(2.22406 -3.1974 0)
(2.38912 -3.51512 -5.87075e-19)
(2.87839 -4.06511 -8.21652e-20)
(1.6197 -2.3848 4.22569e-18)
(1.62346 -2.38985 3.75317e-18)
(1.6397 -2.39479 1.55716e-17)
(1.66433 -2.403 4.04262e-18)
(1.69669 -2.41658 1.50568e-17)
(1.73835 -2.43871 -3.64296e-18)
(1.78763 -2.47431 -3.72412e-18)
(1.83433 -2.54428 0)
(1.87476 -2.67887 -3.71121e-18)
(1.90095 -2.92463 -2.06068e-18)
(1.89961 -3.30274 -1.59839e-18)
(1.93799 -3.83303 -7.75306e-26)
(1.49831 -2.25514 0)
(1.5048 -2.25405 0)
(1.52272 -2.24702 -1.74232e-17)
(1.54642 -2.23693 -1.25304e-17)
(1.57497 -2.22332 -3.89749e-18)
(1.60935 -2.20822 0)
(1.6457 -2.1968 3.92082e-18)
(1.66409 -2.21855 0)
(1.656 -2.30951 -1.78568e-19)
(1.59351 -2.50395 1.9636e-18)
(1.37435 -2.90266 5.22479e-19)
(0.484284 -3.26071 3.00905e-18)
(0.0377776 -2.21795 7.0157e-20)
(0.000310272 -1.88662 2.72451e-19)
(-0.0894839 -1.63651 -3.15259e-19)
(-0.213873 -1.5717 3.06943e-19)
(-0.435993 -1.77963 0)
(-1.38023 -1.77284 9.7993e-20)
(-2.91806 -2.02825 0)
(-3.46528 -2.90163 2.16836e-19)
(-3.81411 -3.28521 2.10923e-18)
(-4.27059 -3.67771 -9.65661e-19)
(-4.68259 -3.76144 -2.70493e-18)
(-5.07161 -3.82705 1.79465e-18)
(0.650463 -2.80836 3.00999e-19)
(0.346115 -2.31935 -1.38265e-19)
(-0.180945 -2.45018 1.62791e-19)
(-1.13197 -2.59088 -1.45218e-19)
(-2.32759 -3.09088 -3.02299e-19)
(-3.21008 -3.4583 -8.94997e-20)
(-3.58162 -3.58384 -9.29164e-19)
(-3.64054 -3.77171 -1.62341e-18)
(-3.72129 -3.87465 2.59275e-18)
(-3.87314 -3.9898 -5.3518e-19)
(-3.99953 -4.05047 8.07168e-19)
(-4.15832 -4.06185 6.55657e-19)
(0.509302 -3.16326 -2.34789e-19)
(-0.235786 -2.81012 0)
(-1.24099 -3.07048 0)
(-2.33396 -3.34816 -6.25742e-19)
(-3.16994 -3.55376 0)
(-3.5903 -3.54914 -8.32342e-19)
(-3.77843 -3.50109 6.76304e-19)
(-3.85863 -3.50308 1.63624e-18)
(-3.92249 -3.48907 -1.06968e-18)
(-3.99109 -3.47425 -1.21331e-18)
(-4.06127 -3.44314 -1.84511e-18)
(-4.1502 -3.39765 1.67968e-18)
(0.217237 -3.40961 -1.68963e-18)
(-0.683855 -3.29408 -1.17784e-18)
(-1.7364 -3.49854 1.24275e-18)
(-2.7061 -3.58244 5.07757e-19)
(-3.28242 -3.52675 0)
(-3.56274 -3.46122 -2.77903e-18)
(-3.67999 -3.37042 2.36774e-18)
(-3.69697 -3.29984 0)
(-3.70621 -3.25115 2.03963e-18)
(-3.72966 -3.2151 -2.97127e-18)
(-3.76743 -3.18152 1.85316e-18)
(-3.82224 -3.14432 2.67404e-19)
(-0.126855 -3.55224 2.59652e-18)
(-1.01139 -3.54721 1.99973e-18)
(-1.98324 -3.62818 4.62245e-19)
(-2.79812 -3.54895 0)
(-3.2467 -3.4377 -1.6873e-18)
(-3.42612 -3.28778 3.45677e-18)
(-3.46773 -3.16422 0)
(-3.47261 -3.07216 -1.82602e-18)
(-3.48259 -3.00049 -1.55537e-18)
(-3.5024 -2.94406 2.4219e-18)
(-3.53281 -2.89823 0)
(-3.57382 -2.8569 -1.7392e-18)
(-0.383698 -3.67061 1.26626e-18)
(-1.20908 -3.71562 4.21748e-19)
(-2.06031 -3.69057 -1.70015e-18)
(-2.75302 -3.5087 -4.88917e-18)
(-3.1058 -3.31046 -1.19267e-19)
(-3.21712 -3.11578 5.00534e-18)
(-3.24511 -2.96528 0)
(-3.25149 -2.84932 5.60586e-18)
(-3.26073 -2.76071 -3.10878e-18)
(-3.27693 -2.69342 2.75645e-18)
(-3.30067 -2.64269 2.12554e-19)
(-3.33112 -2.603 2.52953e-20)
(-0.558131 -3.80617 -1.47424e-18)
(-1.29439 -3.87784 -1.08043e-18)
(-2.02559 -3.74972 0)
(-2.61737 -3.48981 5.64471e-18)
(-2.88489 -3.21246 -9.44503e-18)
(-2.97993 -2.97205 -2.02204e-19)
(-3.01153 -2.78506 -1.01237e-17)
(-3.02541 -2.64324 2.92945e-19)
(-3.03894 -2.53745 -3.53208e-18)
(-3.05597 -2.46006 -3.30816e-18)
(-3.07711 -2.40504 3.17704e-18)
(-3.10168 -2.36675 -2.62364e-18)
(-0.660077 -4.00287 -1.14729e-19)
(-1.29226 -4.09258 -1.4894e-18)
(-1.90392 -3.8709 0)
(-2.37861 -3.53375 4.45831e-18)
(-2.62097 -3.17161 3.3267e-18)
(-2.72495 -2.86894 2.91782e-18)
(-2.77282 -2.63547 -3.2426e-19)
(-2.80106 -2.46174 4.15881e-20)
(-2.82376 -2.33526 -4.1422e-18)
(-2.84532 -2.24603 -3.28114e-19)
(-2.86688 -2.18608 2.00978e-19)
(-2.88841 -2.14864 0)
(-0.725135 -4.20125 2.43722e-18)
(-1.26036 -4.3824 0)
(-1.71321 -4.07625 0)
(-2.09136 -3.65393 -4.6582e-18)
(-2.3224 -3.20998 4.00033e-18)
(-2.45401 -2.82914 -7.49206e-18)
(-2.53158 -2.53406 0)
(-2.58231 -2.3166 5.15835e-18)
(-2.62002 -2.16172 -2.4181e-19)
(-2.64982 -2.05647 3.86384e-18)
(-2.67413 -1.98937 -3.82016e-18)
(-2.69442 -1.95133 7.07356e-18)
(-0.833324 -4.60594 4.9961e-18)
(-1.13084 -4.71572 -1.50379e-18)
(-1.43035 -4.27311 -5.80079e-18)
(-1.74227 -3.77289 -9.79333e-18)
(-1.98421 -3.2746 0)
(-2.15822 -2.83204 7.07287e-18)
(-2.28125 -2.47812 -1.31266e-17)
(-2.36668 -2.21294 5.55726e-18)
(-2.42738 -2.02427 5.35027e-18)
(-2.47072 -1.89753 0)
(-2.50143 -1.81942 -4.6286e-18)
(-2.52243 -1.77853 -7.50814e-18)
(-1.20021 -4.61289 -5.76081e-18)
(-0.923606 -4.62446 1.41294e-18)
(-1.0204 -4.11997 4.61022e-18)
(-1.31373 -3.61268 4.01404e-18)
(-1.59451 -3.16243 1.93283e-20)
(-1.82735 -2.74425 -1.04313e-17)
(-2.00961 -2.39233 1.24315e-17)
(-2.1441 -2.11252 2.32241e-17)
(-2.23965 -1.90505 -1.60028e-17)
(-2.30446 -1.76318 -1.0478e-17)
(-2.34692 -1.67553 9.28413e-18)
(-2.37232 -1.63133 0)
(-0.189961 -3.64109 3.82672e-18)
(-0.3292 -3.54526 1.60517e-18)
(-0.540002 -3.21144 1.68221e-18)
(-0.867759 -2.90564 6.7817e-18)
(-1.19375 -2.64752 0)
(-1.48379 -2.38718 5.68023e-18)
(-1.72291 -2.14163 -1.1097e-17)
(-1.90993 -1.92557 -5.09833e-18)
(-2.04914 -1.7501 -5.11854e-18)
(-2.14545 -1.62235 9.62331e-18)
(-2.2077 -1.54125 4.99314e-18)
(-2.24262 -1.5022 1.42303e-17)
(-5.36902 -3.71173 6.18678e-19)
(-5.60931 -3.57096 1.45637e-19)
(-5.73923 -3.33031 1.51271e-18)
(-5.79648 -3.07801 -4.21369e-18)
(-5.75568 -2.76928 1.70598e-18)
(-5.61868 -2.46728 0)
(-5.36574 -2.15044 -1.04852e-19)
(-5.00258 -1.86045 3.09218e-20)
(-4.51817 -1.58475 0)
(-3.855 -1.30504 4.86502e-20)
(-3.1407 -0.938501 0)
(-2.787 -0.186585 -2.62728e-19)
(-4.31541 -4.01021 -1.43577e-18)
(-4.47509 -3.90933 1.61398e-18)
(-4.62286 -3.7532 7.57612e-19)
(-4.746 -3.55423 -2.44134e-19)
(-4.81037 -3.33602 0)
(-4.81097 -3.11102 0)
(-4.73641 -2.89306 9.31035e-19)
(-4.58466 -2.70263 -1.02562e-18)
(-4.35427 -2.56179 0)
(-3.91827 -2.45895 5.00268e-19)
(-3.47187 -2.36683 -7.65679e-20)
(-3.38885 -2.11441 -8.88028e-19)
(-4.24513 -3.33108 7.50937e-19)
(-4.33616 -3.24762 -1.14401e-18)
(-4.4097 -3.15123 0)
(-4.45374 -3.04864 -1.28841e-18)
(-4.46033 -2.94584 -1.4935e-18)
(-4.42452 -2.854 3.43108e-18)
(-4.34127 -2.78383 -3.28471e-18)
(-4.21072 -2.75061 0)
(-4.03953 -2.77204 0)
(-3.76647 -2.85191 0)
(-3.41758 -2.92206 -3.80949e-19)
(-3.46066 -2.91516 8.39785e-20)
(-3.88492 -3.09797 -6.0503e-19)
(-3.94649 -3.04273 -3.06708e-19)
(-3.99774 -2.98121 0)
(-4.03047 -2.91984 -2.7255e-19)
(-4.03954 -2.86595 0)
(-4.02269 -2.82829 0)
(-3.97703 -2.81722 9.02852e-19)
(-3.90233 -2.84374 -1.19271e-18)
(-3.80678 -2.92317 1.35124e-18)
(-3.67463 -3.07369 0)
(-3.39677 -3.29076 -2.81001e-19)
(-3.66079 -3.6007 -2.79861e-19)
(-3.61963 -2.8167 3.93081e-18)
(-3.66399 -2.77752 -1.01244e-18)
(-3.70164 -2.74151 1.70497e-18)
(-3.7274 -2.71477 6.89559e-19)
(-3.73922 -2.70163 -2.51496e-18)
(-3.7388 -2.70602 0)
(-3.7232 -2.74061 -1.09027e-18)
(-3.69343 -2.81355 0)
(-3.65361 -2.9384 0)
(-3.61313 -3.13178 7.77374e-19)
(-3.39961 -3.42418 6.40909e-20)
(-3.79773 -3.87905 3.43518e-19)
(-3.3648 -2.57124 -1.93018e-18)
(-3.39801 -2.54662 -1.51609e-19)
(-3.42787 -2.531 0)
(-3.45227 -2.5274 0)
(-3.4739 -2.53943 -3.19359e-18)
(-3.49138 -2.57268 2.01944e-18)
(-3.50518 -2.63473 2.10105e-18)
(-3.51784 -2.73379 1.11721e-18)
(-3.53361 -2.88337 -2.7312e-18)
(-3.55801 -3.10871 -6.40464e-19)
(-3.4541 -3.45077 0)
(-3.9639 -4.04477 3.29732e-19)
(-3.12795 -2.34144 -5.04313e-18)
(-3.15433 -2.32741 2.0425e-18)
(-3.18045 -2.32531 2.2542e-18)
(-3.20746 -2.33687 1.30374e-19)
(-3.23712 -2.36481 -2.92068e-19)
(-3.27062 -2.41393 -2.36123e-18)
(-3.3102 -2.49036 -3.48384e-18)
(-3.36028 -2.60048 -1.28832e-18)
(-3.42612 -2.75485 1.23306e-18)
(-3.51924 -2.97439 0)
(-3.55253 -3.31986 1.26251e-18)
(-4.05053 -3.97902 -2.90873e-19)
(-2.90958 -2.12845 5.42443e-18)
(-2.93103 -2.12221 -2.9643e-18)
(-2.95433 -2.12923 -2.7085e-18)
(-2.98221 -2.14981 -4.88961e-18)
(-3.01736 -2.18599 4.83809e-18)
(-3.06246 -2.24188 -1.44164e-19)
(-3.12138 -2.32225 7.51717e-18)
(-3.20094 -2.43144 1.21544e-18)
(-3.30969 -2.5777 1.5225e-18)
(-3.46481 -2.77991 0)
(-3.59218 -3.1021 -8.87899e-19)
(-4.1476 -3.7964 -3.887e-19)
(-2.7115 -1.93469 0)
(-2.72822 -1.93368 2.90366e-18)
(-2.74755 -1.94619 2.80199e-18)
(-2.77329 -1.97105 -2.86727e-18)
(-2.80887 -2.00947 -1.17997e-19)
(-2.85783 -2.06473 -2.92805e-18)
(-2.92533 -2.14014 -2.66335e-18)
(-3.02161 -2.2372 0)
(-3.15994 -2.36072 -1.42868e-18)
(-3.36436 -2.52434 -9.31319e-19)
(-3.59915 -2.78817 3.10325e-18)
(-4.13489 -3.42398 -6.44476e-19)
(-2.53579 -1.76383 0)
(-2.54695 -1.76594 0)
(-2.5602 -1.78137 0)
(-2.57958 -1.80727 -1.01089e-17)
(-2.60855 -1.84389 6.44553e-18)
(-2.65084 -1.89363 6.24235e-18)
(-2.71198 -1.95767 0)
(-2.80682 -2.03306 -3.31954e-18)
(-2.95612 -2.12075 0)
(-3.19617 -2.22569 -2.03091e-18)
(-3.51424 -2.39039 -5.86757e-19)
(-4.06462 -2.87893 -8.64911e-19)
(-2.38331 -1.61813 0)
(-2.38801 -1.62235 0)
(-2.39266 -1.63916 8.03295e-18)
(-2.40064 -1.66438 1.11007e-17)
(-2.4141 -1.69729 3.58447e-19)
(-2.43625 -1.73941 3.75698e-18)
(-2.47195 -1.78903 -1.82488e-18)
(-2.54217 -1.83587 5.20264e-18)
(-2.67712 -1.87628 3.70934e-18)
(-2.92326 -1.90228 1.89846e-18)
(-3.30175 -1.90058 -1.598e-18)
(-3.83257 -1.938 -1.40559e-18)
(-2.25332 -1.49653 0)
(-2.25194 -1.50335 0)
(-2.24459 -1.52182 -8.43752e-18)
(-2.23425 -1.54613 4.51357e-18)
(-2.22053 -1.57522 -3.89331e-18)
(-2.20548 -1.61009 -3.9592e-18)
(-2.19423 -1.64681 4.1346e-18)
(-2.21638 -1.66532 0)
(-2.30774 -1.65723 -3.77847e-18)
(-2.50257 -1.5946 -2.04204e-18)
(-2.90166 -1.375 2.01664e-18)
(-3.26011 -0.483873 -2.99523e-18)
(-2.21815 -0.0386194 6.7315e-20)
(-1.88625 -0.000898022 0)
(-1.63622 0.0891241 0)
(-1.57098 0.21395 1.54009e-18)
(-1.77829 0.434871 -1.14728e-18)
(-1.77332 1.37662 0)
(-2.02349 2.91501 0)
(-2.89895 3.4649 2.16742e-19)
(-3.28229 3.81219 4.33155e-19)
(-3.67534 4.26924 -5.60068e-19)
(-3.75881 4.68051 -2.95596e-18)
(-3.82469 5.0698 1.19626e-18)
(-2.80838 -0.651387 -3.98466e-19)
(-2.3188 -0.346725 0)
(-2.44956 0.179557 0)
(-2.58976 1.1287 -4.34946e-19)
(-3.08835 2.32394 6.28695e-19)
(-3.4576 3.20761 -1.08693e-18)
(-3.58342 3.58112 1.06802e-18)
(-3.77062 3.64066 6.8653e-19)
(-3.8735 3.72019 -9.66177e-20)
(-3.98867 3.87212 7.12535e-19)
(-4.04926 3.99795 0)
(-4.06068 4.15669 -9.79204e-20)
(-3.16355 -0.510752 2.33538e-19)
(-2.8098 0.233267 0)
(-3.06936 1.23816 0)
(-3.34689 2.33147 -4.24032e-19)
(-3.55286 3.16906 3.12718e-19)
(-3.54885 3.59016 -1.09418e-18)
(-3.50074 3.77813 0)
(-3.50266 3.85817 -2.37977e-18)
(-3.48839 3.92155 2.64244e-18)
(-3.47357 3.99016 -6.60703e-19)
(-3.44229 4.06005 -1.26828e-18)
(-3.39667 4.14886 1.68338e-18)
(-3.41005 -0.218959 -8.41639e-19)
(-3.29373 0.681256 1.18019e-18)
(-3.49797 1.73418 0)
(-3.58246 2.70496 5.06505e-19)
(-3.52698 3.28215 -5.47707e-19)
(-3.46143 3.56253 8.81779e-19)
(-3.3707 3.67964 0)
(-3.3001 3.69646 -1.62101e-18)
(-3.25131 3.70542 -3.474e-18)
(-3.21509 3.72863 2.11985e-18)
(-3.18136 3.76619 1.85713e-18)
(-3.14399 3.82091 -3.69711e-18)
(-3.55284 0.12488 1.29901e-18)
(-3.54708 1.00905 -8.24543e-19)
(-3.62829 1.98158 1.54506e-18)
(-3.54946 2.79775 0)
(-3.43823 3.2466 -3.55505e-18)
(-3.28855 3.42612 3.94812e-18)
(-3.1649 3.46749 2.14272e-18)
(-3.07283 3.47207 1.4286e-18)
(-3.00111 3.48181 0)
(-2.94458 3.50144 0)
(-2.89861 3.53175 0)
(-2.8571 3.5727 -4.70963e-19)
(-3.67118 0.38134 3.03991e-18)
(-3.7156 1.20706 0)
(-3.69082 2.05933 -1.71076e-18)
(-3.5093 2.75294 2.53358e-18)
(-3.31135 3.10603 2.35741e-18)
(-3.11677 3.21723 -4.66313e-18)
(-2.96631 3.24493 2.38318e-18)
(-2.85037 3.25104 -7.61505e-18)
(-2.76175 3.26007 1.24468e-20)
(-2.69442 3.27614 -2.13836e-19)
(-2.64357 3.29983 2.12948e-19)
(-2.60372 3.33027 6.86999e-18)
(-3.80688 0.555715 -5.20099e-18)
(-3.87805 1.29266 2.84693e-18)
(-3.75035 2.02491 -3.79596e-18)
(-3.49046 2.61781 -2.64831e-18)
(-3.21339 2.88536 -5.93315e-18)
(-2.97314 2.98013 -3.35501e-18)
(-2.78628 3.01143 -4.91224e-18)
(-2.64455 3.02507 7.89111e-18)
(-2.53882 3.03843 0)
(-2.46143 3.05538 6.21437e-18)
(-2.40636 3.0765 -8.43947e-18)
(-2.36792 3.10113 2.79918e-18)
(-4.00367 0.658181 -3.09849e-18)
(-4.09302 1.29088 -4.52474e-18)
(-3.87173 1.9036 6.19245e-18)
(-3.53447 2.37923 0)
(-3.17242 2.62159 -4.04868e-18)
(-2.86994 2.72522 6.23763e-18)
(-2.63667 2.7728 -3.15913e-19)
(-2.46311 2.80083 -4.15094e-20)
(-2.33677 2.8234 -4.02415e-18)
(-2.24762 2.84491 -7.07948e-18)
(-2.18767 2.8665 3.0445e-18)
(-2.15015 2.88813 -2.96666e-18)
(-4.20214 0.723616 2.4414e-18)
(-4.38324 1.25951 0)
(-4.07739 1.71319 0)
(-3.65483 2.092 0)
(-3.21074 2.32302 4.01033e-18)
(-2.82998 2.45436 0)
(-2.5351 2.53166 -2.66076e-19)
(-2.31786 2.58219 1.04135e-17)
(-2.16319 2.61979 1.40904e-19)
(-2.05809 2.64957 3.87427e-18)
(-1.99108 2.67394 -3.66597e-18)
(-1.95303 2.69436 1.05231e-17)
(-4.60709 0.83275 4.04393e-20)
(-4.71694 1.13051 8.06829e-18)
(-4.27452 1.43035 -2.66598e-18)
(-3.77408 1.74269 0)
(-3.27549 1.9847 0)
(-2.83285 2.15857 0)
(-2.47902 2.28139 0)
(-2.21404 2.36665 5.69195e-18)
(-2.0256 2.42726 -2.05947e-17)
(-1.89906 2.47059 -9.50671e-18)
(-1.8211 2.50139 8.70761e-18)
(-1.78026 2.52255 4.45383e-18)
(-4.61345 1.20027 -5.75823e-18)
(-4.62548 0.92344 -4.39677e-18)
(-4.121 1.02036 -2.71411e-18)
(-3.61368 1.31391 0)
(-3.16327 1.5948 0)
(-2.74501 1.8276 7.0641e-18)
(-2.39314 2.00976 -1.26381e-17)
(-2.11349 2.14413 2.34706e-17)
(-1.90622 2.23963 1.61755e-17)
(-1.76456 2.30445 9.96019e-18)
(-1.6771 2.34697 -9.31084e-18)
(-1.63299 2.37253 5.4057e-19)
(-3.64119 0.190284 -1.28752e-18)
(-3.54526 0.329249 0)
(-3.21168 0.539901 3.24621e-18)
(-2.90599 0.867784 -1.01224e-17)
(-2.64785 1.19387 9.38327e-18)
(-2.38754 1.4839 1.589e-19)
(-2.14211 1.72297 5.39734e-18)
(-1.92625 1.90993 -5.10251e-18)
(-1.75103 2.04912 -2.54218e-17)
(-1.62352 2.14549 0)
(-1.54264 2.20782 0)
(-1.50374 2.24289 4.88045e-19)
(-3.70925 5.36672 -1.60371e-19)
(-3.56875 5.60717 4.56826e-19)
(-3.32813 5.73681 1.9199e-18)
(-3.07616 5.79424 -3.73683e-18)
(-2.76756 5.75337 1.33812e-18)
(-2.46589 5.61666 -2.26092e-19)
(-2.14925 5.36381 -1.04257e-19)
(-1.85954 5.00105 6.73951e-19)
(-1.58402 4.51687 -4.27578e-19)
(-1.3045 3.85409 -4.87302e-20)
(-0.938053 3.14015 0)
(-0.18596 2.78668 0)
(-4.00893 4.31357 6.67467e-19)
(-3.90801 4.47322 -1.17693e-18)
(-3.7518 4.62093 -9.08611e-19)
(-3.55277 4.74414 0)
(-3.33454 4.80855 -6.13298e-19)
(-3.10954 4.80926 0)
(-2.89161 4.73484 -4.60883e-19)
(-2.70127 4.58329 1.02526e-18)
(-2.56053 4.35313 0)
(-2.45775 3.91729 1.28522e-18)
(-2.36566 3.47137 -1.49373e-18)
(-2.11319 3.38876 1.70449e-19)
(-3.32994 4.24366 6.10757e-19)
(-3.24633 4.33461 -1.75749e-18)
(-3.14982 4.4081 4.30906e-19)
(-3.04712 4.45214 0)
(-2.94426 4.45876 5.89159e-19)
(-2.85237 4.42304 1.82031e-18)
(-2.78217 4.33992 -2.5435e-18)
(-2.74898 4.20954 1.39667e-18)
(-2.77048 4.03859 -6.61961e-19)
(-2.85035 3.76581 0)
(-2.9204 3.4171 0)
(-2.91362 3.46066 -1.14798e-19)
(-3.09744 3.88352 -1.59355e-18)
(-3.04198 3.94508 1.233e-18)
(-2.98023 3.99636 1.54215e-18)
(-2.91866 4.02916 -8.64805e-19)
(-2.86459 4.03832 -1.64495e-18)
(-2.82676 4.02159 0)
(-2.81554 3.97609 9.15903e-20)
(-2.84195 3.90155 2.39048e-18)
(-2.92134 3.80619 -1.99333e-18)
(-3.07189 3.67416 5.7827e-19)
(-3.2888 3.39645 -6.6048e-20)
(-3.59878 3.66098 -3.10284e-19)
(-2.81666 3.61852 1.86352e-18)
(-2.77722 3.66291 -1.01476e-18)
(-2.74093 3.70063 1.71074e-18)
(-2.71386 3.72653 -8.69247e-19)
(-2.70049 3.73846 0)
(-2.7046 3.73819 0)
(-2.73897 3.72274 -9.19031e-19)
(-2.81175 3.69311 -2.3235e-18)
(-2.93653 3.6534 1.30631e-18)
(-3.12986 3.61296 7.77065e-19)
(-3.42218 3.39942 -6.22533e-19)
(-3.87708 3.79809 0)
(-2.57173 3.364 -1.82109e-19)
(-2.54683 3.39729 -4.26743e-18)
(-2.53085 3.42731 0)
(-2.5269 3.45185 1.91466e-18)
(-2.53856 3.47362 -1.98481e-18)
(-2.57147 3.49125 0)
(-2.63322 3.5052 -9.09973e-20)
(-2.73204 3.51798 -9.57549e-20)
(-2.88147 3.53381 0)
(-3.10678 3.55816 -1.40997e-18)
(-3.44888 3.45429 7.36136e-19)
(-4.04271 3.96427 -2.62853e-19)
(-2.34241 3.1275 -2.63221e-18)
(-2.32808 3.15402 7.02736e-18)
(-2.32561 3.18032 0)
(-2.33676 3.20749 -2.21876e-18)
(-2.36426 3.23732 2.21735e-18)
(-2.41297 3.27099 2.21484e-18)
(-2.489 3.31071 -2.5248e-18)
(-2.59883 3.36087 -1.20876e-18)
(-2.75303 3.42673 0)
(-2.97249 3.51977 -1.00127e-18)
(-3.31809 3.55279 9.12425e-19)
(-3.97721 4.05103 0)
(-2.12979 2.90944 5.6113e-18)
(-2.12329 2.93108 -5.21126e-18)
(-2.12993 2.95459 5.29097e-18)
(-2.15007 2.98267 -5.05585e-18)
(-2.18576 3.01802 1.08803e-20)
(-2.24116 3.06329 2.49024e-18)
(-2.32109 3.12234 2.36055e-18)
(-2.42995 3.20197 0)
(-2.57602 3.31067 -1.52532e-18)
(-2.7782 3.46565 3.48763e-18)
(-3.10048 3.59276 -8.88403e-19)
(-3.79512 4.14805 0)
(-1.93627 2.71164 3.19229e-18)
(-1.93505 2.72858 1.14378e-19)
(-1.94721 2.74814 -2.80991e-18)
(-1.97161 2.77411 0)
(-2.00951 2.80991 0)
(-2.06424 2.85908 0)
(-2.13917 2.92672 0)
(-2.23587 3.02303 -3.0182e-18)
(-2.35922 3.16129 1.43138e-18)
(-2.52286 3.36551 2.73371e-19)
(-2.78682 3.59995 0)
(-3.42302 4.13545 0)
(-1.76551 2.53614 -3.69479e-18)
(-1.76747 2.54755 -1.06245e-17)
(-1.7826 2.56105 0)
(-1.80806 2.58069 3.54624e-18)
(-1.84414 2.60991 6.5987e-18)
(-1.89333 2.65241 0)
(-1.95686 2.7137 0)
(-2.0319 2.80856 1.34289e-18)
(-2.11944 2.95774 -5.10337e-18)
(-2.22441 3.19754 2.28105e-19)
(-2.38936 3.5153 0)
(-2.87862 4.06525 0)
(-1.6198 2.38378 -4.51352e-18)
(-1.62392 2.38875 -4.58913e-18)
(-1.64048 2.39368 8.05833e-18)
(-1.66528 2.40195 -1.11346e-17)
(-1.69768 2.4157 4.07409e-18)
(-1.73925 2.43807 7.41711e-18)
(-1.78836 2.47391 -1.90144e-18)
(-1.83486 2.54409 1.67365e-18)
(-1.87512 2.67886 3.4596e-18)
(-1.90122 2.92475 -3.9652e-18)
(-1.89986 3.30296 -1.59957e-18)
(-1.93836 3.83315 0)
(-1.49811 2.2539 -4.50577e-19)
(-1.50488 2.25275 7.15145e-18)
(-1.52314 2.2457 -8.45641e-18)
(-1.54707 2.23568 0)
(-1.57569 2.22228 -8.06815e-18)
(-1.61002 2.20745 -1.23619e-17)
(-1.64626 2.19629 -2.17469e-19)
(-1.66446 2.21826 0)
(-1.65623 2.30939 0)
(-1.59368 2.50391 1.00237e-18)
(-1.37461 2.90285 3.17545e-20)
(-0.484708 3.26091 1.52777e-18)
(-0.257799 1.79493 4.41649e-19)
(-0.0757322 1.85054 1.86401e-18)
(0.256579 1.87968 -1.8893e-20)
(0.58963 1.88821 0)
(0.919889 1.86296 4.71166e-18)
(1.22187 1.79818 -4.68434e-18)
(1.48276 1.70779 -1.39453e-17)
(1.69869 1.60905 -9.39405e-18)
(1.86983 1.51467 -1.91834e-20)
(1.99531 1.44055 -4.65441e-18)
(2.08102 1.3933 9.4551e-18)
(2.13047 1.37807 -9.02188e-18)
(-0.217463 1.34484 0)
(0.0331292 1.32556 0)
(0.295577 1.33594 -1.85477e-18)
(0.567018 1.33649 3.64213e-18)
(0.843193 1.33176 -9.48317e-18)
(1.10882 1.31871 -5.75006e-18)
(1.35159 1.29903 7.96674e-18)
(1.56371 1.274 2.04279e-17)
(1.74435 1.24888 -4.19529e-18)
(1.88454 1.23448 0)
(1.98794 1.23346 2.98206e-19)
(2.04958 1.25732 0)
(-0.23901 1.14647 -3.48967e-19)
(0.000770639 1.14014 3.65742e-19)
(0.27053 1.13348 2.94793e-18)
(0.546331 1.11575 -1.2237e-19)
(0.819459 1.09379 3.11868e-18)
(1.0775 1.07208 1.77768e-19)
(1.31072 1.05625 0)
(1.51602 1.04809 -3.63368e-18)
(1.69648 1.0513 -3.79442e-18)
(1.83902 1.07045 1.22132e-17)
(1.95151 1.10573 -1.2545e-17)
(2.01728 1.16104 9.06308e-18)
(-0.263473 1.08193 -6.36397e-19)
(-0.0177535 1.10329 1.29742e-18)
(0.25545 1.11283 -7.18317e-20)
(0.538316 1.10771 -2.73223e-18)
(0.820619 1.09135 -5.26206e-18)
(1.0898 1.06808 9.60941e-20)
(1.33617 1.04467 -5.95509e-18)
(1.55592 1.02711 3.19372e-18)
(1.75255 1.02176 -3.31469e-18)
(1.90892 1.02786 -7.12696e-18)
(2.03054 1.04343 0)
(2.05556 1.08219 8.91348e-18)
(2.14288 1.3899 9.13564e-18)
(2.13447 1.40697 9.06693e-18)
(2.11071 1.42947 0)
(2.06995 1.45368 0)
(2.01161 1.47975 4.10769e-18)
(1.93872 1.50893 -3.98418e-18)
(1.86532 1.53674 1.82778e-18)
(1.83183 1.52865 5.05553e-18)
(1.86046 1.49239 0)
(1.94715 1.3632 0)
(2.18037 1.04498 4.81841e-19)
(1.99743 0.210429 -1.26591e-18)
(2.06019 1.29826 -9.34847e-18)
(2.03564 1.3284 4.71272e-19)
(1.97895 1.3558 0)
(1.88155 1.37922 -4.16162e-18)
(1.75201 1.40229 2.77787e-20)
(1.60352 1.42672 3.80785e-18)
(1.4717 1.44902 0)
(1.39526 1.42553 -3.9032e-18)
(1.39662 1.37183 0)
(1.43556 1.23476 -3.23732e-18)
(1.60686 0.974446 -1.59736e-18)
(1.53003 0.41058 -1.2218e-26)
(1.99343 1.2364 -5.17432e-19)
(1.9207 1.27371 -8.65829e-18)
(1.78837 1.29534 0)
(1.59673 1.3086 8.2652e-18)
(1.37894 1.32618 3.74518e-18)
(1.16823 1.34722 -3.64972e-20)
(1.01673 1.36753 -8.47066e-18)
(0.948067 1.3359 1.06714e-17)
(0.95605 1.27322 -1.41624e-18)
(1.0116 1.12311 6.30012e-18)
(1.17556 0.899015 2.05454e-18)
(1.21007 0.482244 -3.45001e-19)
(1.95878 1.115 2.15072e-17)
(1.75116 1.11596 0)
(1.45381 1.12652 0)
(1.14372 1.14481 -7.12604e-18)
(0.870067 1.17977 -6.83656e-18)
(0.671416 1.22146 6.35019e-18)
(0.582702 1.25055 1.25679e-17)
(0.587595 1.24077 -4.85402e-18)
(0.661523 1.19249 2.50467e-18)
(0.786801 1.0479 -2.64054e-18)
(0.964358 0.83653 -1.28755e-18)
(1.06868 0.508359 -3.01847e-19)
(1.79387 0.257948 -8.83751e-19)
(1.85007 0.0762306 0)
(1.87946 -0.255569 -1.86629e-20)
(1.88862 -0.588312 0)
(1.86404 -0.91851 0)
(1.80007 -1.22075 4.68604e-18)
(1.71038 -1.48209 0)
(1.61215 -1.69863 9.21614e-18)
(1.51807 -1.87052 9.17664e-18)
(1.44399 -1.99681 9.43264e-18)
(1.3965 -2.08327 -4.65578e-18)
(1.3808 -2.13351 -4.84452e-18)
(1.34441 0.217448 -4.2526e-19)
(1.32533 -0.0327585 -4.28604e-19)
(1.33586 -0.294827 -9.46539e-19)
(1.33676 -0.566067 0)
(1.33248 -0.84222 -1.89251e-18)
(1.31999 -1.10805 9.66465e-18)
(1.30089 -1.35122 0)
(1.27643 -1.5639 4.0999e-18)
(1.25173 -1.74522 -4.19751e-18)
(1.23753 -1.88618 -8.54612e-18)
(1.2365 -1.99037 -9.02961e-18)
(1.26007 -2.05275 8.86681e-18)
(1.14684 0.238904 -6.94253e-19)
(1.14054 -0.000542028 1.08828e-18)
(1.13392 -0.269976 -2.26239e-18)
(1.11635 -0.545651 1.55473e-18)
(1.09467 -0.818854 0)
(1.07328 -1.07713 -1.33242e-17)
(1.05781 -1.31073 0)
(1.05007 -1.51653 7.28048e-18)
(1.05366 -1.69762 -3.80159e-18)
(1.07309 -1.84084 8.22698e-18)
(1.10846 -1.95407 4.15914e-18)
(1.1636 -2.02048 -9.06624e-18)
(1.08312 0.263393 9.63622e-19)
(1.10433 0.0179794 1.2987e-18)
(1.11388 -0.254988 0)
(1.10887 -0.537818 0)
(1.09266 -0.820251 0)
(1.0696 -1.08972 1.14739e-17)
(1.04644 -1.33652 5.95919e-18)
(1.02911 -1.5568 -9.45398e-18)
(1.02398 -1.75401 1.01319e-17)
(1.03021 -1.91097 -7.13115e-18)
(1.04583 -2.03309 0)
(1.08428 -2.05842 8.53836e-18)
(1.392 -2.1463 -9.75082e-18)
(1.40841 -2.13821 -9.02096e-18)
(1.43014 -2.11478 8.45343e-18)
(1.45371 -2.07386 -8.76223e-18)
(1.47931 -2.01515 0)
(1.5082 -1.94163 -8.13517e-18)
(1.53588 -1.86763 9.82344e-18)
(1.52794 -1.83337 -1.69739e-18)
(1.49175 -1.86161 3.12209e-18)
(1.36283 -1.94801 -9.33774e-19)
(1.0449 -2.18083 8.80447e-19)
(0.21084 -1.99808 -6.8036e-19)
(1.30053 -2.06387 8.89342e-18)
(1.33018 -2.03939 8.96762e-18)
(1.35686 -1.98279 0)
(1.37959 -1.88532 3.97295e-18)
(1.4022 -1.75516 7.98494e-18)
(1.42633 -1.60599 3.61429e-18)
(1.44847 -1.47355 -1.44606e-17)
(1.42509 -1.39654 -3.89848e-18)
(1.37138 -1.39756 -3.24786e-18)
(1.2345 -1.43631 -8.20456e-19)
(0.9744 -1.60733 8.01716e-19)
(0.410858 -1.53057 4.12134e-19)
(1.23862 -1.99696 0)
(1.27546 -1.92415 -1.36131e-17)
(1.29641 -1.79182 4.24055e-18)
(1.3091 -1.59974 4.26847e-18)
(1.32623 -1.3813 7.52914e-18)
(1.34699 -1.17 -3.5489e-18)
(1.36712 -1.01793 8.23628e-18)
(1.33555 -0.948889 8.88195e-18)
(1.27286 -0.956615 1.42538e-18)
(1.12293 -1.01202 -1.39439e-18)
(0.899013 -1.17581 -3.44371e-19)
(0.482416 -1.21036 -1.20172e-20)
(1.11685 -1.96156 0)
(1.11746 -1.75376 -2.98256e-19)
(1.12747 -1.45616 0)
(1.14528 -1.14562 -1.45342e-17)
(1.17985 -0.871365 3.34189e-18)
(1.22129 -0.672269 -9.5118e-18)
(1.2502 -0.58305 0)
(1.24037 -0.587718 -4.85241e-18)
(1.19207 -0.661434 2.49899e-18)
(1.04762 -0.786676 -2.59475e-18)
(0.836409 -0.964231 -9.36927e-19)
(0.508391 -1.06868 -3.17151e-19)
(0.258058 -1.79471 -8.8348e-19)
(0.0759857 -1.85104 5.43966e-21)
(-0.25621 -1.8805 0)
(-0.589334 -1.88955 -2.41606e-18)
(-0.919798 -1.86472 4.76901e-18)
(-1.22211 -1.80025 -7.07402e-18)
(-1.48335 -1.70996 -9.25847e-20)
(-1.69959 -1.61112 9.33145e-18)
(-1.87101 -1.51652 -4.66943e-18)
(-1.99671 -1.44206 0)
(-2.08259 -1.39438 -1.85337e-17)
(-2.13218 -1.37873 4.32158e-19)
(0.217521 -1.34516 8.483e-19)
(-0.0330295 -1.32626 -5.19367e-19)
(-0.295458 -1.33688 3.57085e-18)
(-0.567026 -1.33779 -7.41011e-18)
(-0.843398 -1.33341 3.74676e-18)
(-1.10929 -1.32067 1.37562e-19)
(-1.35234 -1.30119 0)
(-1.56475 -1.27623 1.22781e-17)
(-1.74564 -1.25101 -4.1963e-18)
(-1.88605 -1.23635 0)
(-1.98965 -1.23496 8.7253e-18)
(-2.05138 -1.25838 -8.85849e-18)
(0.238907 -1.14733 -3.58657e-19)
(-0.000894234 -1.14122 -5.24508e-20)
(-0.270662 -1.13473 -3.07056e-18)
(-0.546621 -1.11723 3.14878e-18)
(-0.819961 -1.09551 -3.12023e-18)
(-1.07822 -1.074 9.98023e-18)
(-1.31166 -1.05833 1.03669e-17)
(-1.51718 -1.05027 -3.63559e-18)
(-1.69785 -1.05347 3.86638e-18)
(-1.84056 -1.07248 0)
(-1.95324 -1.1074 -8.62096e-18)
(-2.01897 -1.16237 0)
(0.263257 -1.08337 -1.27315e-18)
(0.0175187 -1.10482 -2.62771e-18)
(-0.255764 -1.1145 2.63737e-18)
(-0.538815 -1.10953 -1.33529e-18)
(-0.821319 -1.09328 2.64135e-18)
(-1.0907 -1.0701 -1.00681e-17)
(-1.33725 -1.04674 -6.07037e-18)
(-1.55715 -1.02918 6.31535e-18)
(-1.75389 -1.02374 -1.0022e-17)
(-1.9103 -1.02969 0)
(-2.03186 -1.04495 7.36122e-18)
(-2.05665 -1.08327 -1.74426e-17)
(-2.14441 -1.39016 1.44417e-17)
(-2.13598 -1.40686 -4.38822e-18)
(-2.11216 -1.42906 0)
(-2.07102 -1.45318 -8.28955e-18)
(-2.01222 -1.47931 0)
(-1.93885 -1.50868 0)
(-1.86508 -1.5367 -3.76892e-18)
(-1.83137 -1.52889 0)
(-1.85998 -1.49274 0)
(-1.94675 -1.36367 -2.15675e-20)
(-2.17995 -1.04536 1.78198e-18)
(-1.99708 -0.210429 1.36117e-18)
(-2.06194 -1.29888 -8.88368e-18)
(-2.03719 -1.32868 0)
(-1.98028 -1.35574 0)
(-1.88247 -1.37898 -4.15313e-18)
(-1.7524 -1.40207 4.00267e-18)
(-1.60348 -1.42663 0)
(-1.47138 -1.4491 -5.53425e-18)
(-1.39486 -1.42575 -1.91531e-18)
(-1.39627 -1.3722 0)
(-1.43536 -1.2352 -7.91298e-19)
(-1.60672 -0.974784 -2.02832e-18)
(-1.52992 -0.410639 -4.17429e-19)
(-1.99507 -1.23723 9.28854e-18)
(-1.92209 -1.27414 -4.42911e-18)
(-1.78945 -1.29544 -8.70456e-18)
(-1.59734 -1.30854 4.03118e-18)
(-1.37913 -1.32611 -7.71196e-18)
(-1.16815 -1.34724 0)
(-1.0165 -1.36768 1.33427e-17)
(-0.947889 -1.33612 0)
(-0.955894 -1.27353 1.42566e-18)
(-1.01157 -1.1235 7.28061e-19)
(-1.17564 -0.899321 1.03192e-18)
(-1.21018 -0.482309 -9.85003e-21)
(-1.95976 -1.1158 -7.00399e-18)
(-1.75196 -1.1165 0)
(-1.45442 -1.12681 7.68032e-18)
(-1.14409 -1.14497 -1.10338e-17)
(-0.870209 -1.1799 1.68158e-17)
(-0.671407 -1.22161 -6.34388e-18)
(-0.582594 -1.25078 -1.25493e-17)
(-0.587449 -1.24103 0)
(-0.661361 -1.19276 0)
(-0.78671 -1.0482 0)
(-0.964405 -0.83677 -1.24921e-18)
(-1.06882 -0.508392 -9.52542e-19)
(-1.79358 -0.257807 -4.85276e-20)
(-1.84999 -0.0759161 4.78568e-19)
(-1.87975 0.256161 0)
(-1.88904 0.589318 4.76285e-18)
(-1.86438 0.919832 -2.37495e-18)
(-1.80005 1.22214 -7.06799e-18)
(-1.70996 1.48334 -4.64596e-18)
(-1.61137 1.69954 4.68969e-18)
(-1.51705 1.87095 9.17829e-18)
(-1.44288 1.99671 9.43557e-18)
(-1.39548 2.08269 -9.46176e-18)
(-1.38002 2.13247 -9.0281e-18)
(-1.34433 -0.217275 -1.33307e-26)
(-1.32539 0.0332037 1.71776e-18)
(-1.33608 0.295567 3.57043e-18)
(-1.33708 0.567125 0)
(-1.3328 0.843485 3.74643e-18)
(-1.32019 1.10934 0)
(-1.30088 1.35234 3.97509e-18)
(-1.27614 1.56471 2.90322e-21)
(-1.25118 1.74559 -1.26453e-17)
(-1.23681 1.88604 -8.54714e-18)
(-1.23571 1.98973 8.73319e-18)
(-1.25936 2.05167 9.26683e-18)
(-1.14696 -0.238684 3.44798e-19)
(-1.14073 0.00108995 -3.61062e-18)
(-1.13417 0.270835 -5.26144e-18)
(-1.11664 0.54678 -1.54462e-18)
(-1.09493 0.82011 -9.14059e-18)
(-1.07349 1.07834 4.89866e-18)
(-1.05794 1.31171 -2.11351e-20)
(-1.05005 1.51718 3.63972e-18)
(-1.05348 1.69784 -5.24241e-20)
(-1.07272 1.84058 0)
(-1.10792 1.95334 0)
(-1.16305 2.01932 3.91353e-19)
(-1.08332 -0.263137 3.10315e-19)
(-1.1046 -0.0173914 1.32979e-18)
(-1.11418 0.255895 2.70895e-18)
(-1.10917 0.53897 -2.66388e-18)
(-1.09289 0.821492 1.0649e-17)
(-1.06974 1.09088 -5.78448e-18)
(-1.04648 1.33741 0)
(-1.02908 1.5573 6.31749e-18)
(-1.02382 1.75406 6.70763e-18)
(-1.02993 1.91052 0)
(-1.04539 2.0322 0)
(-1.0838 2.05717 -2.60043e-17)
(-1.39153 2.14507 9.1942e-18)
(-1.40826 2.13683 -9.05211e-18)
(-1.43032 2.11328 -1.33274e-17)
(-1.45409 2.07251 2.30741e-20)
(-1.47979 2.01404 8.4414e-18)
(-1.50866 1.94081 1.98861e-17)
(-1.53625 1.86704 3.77537e-18)
(-1.52815 1.83299 -3.4804e-18)
(-1.49189 1.86129 0)
(-1.36288 1.94771 -2.17404e-20)
(-1.04503 2.18078 0)
(-0.211047 1.9981 -6.80534e-19)
(-1.3 2.0625 0)
(-1.32984 2.03797 -4.72166e-19)
(-1.3568 1.98136 8.44504e-18)
(-1.37976 1.88397 -1.27146e-17)
(-1.40247 1.75408 -1.19532e-17)
(-1.4266 1.60512 -7.42476e-18)
(-1.44868 1.47284 9.18145e-18)
(-1.42519 1.39592 5.78722e-18)
(-1.37141 1.39697 -3.25162e-18)
(-1.23444 1.43572 1.62262e-18)
(-0.974381 1.60695 0)
(-0.411005 1.53034 0)
(-1.23813 1.99558 -9.2991e-18)
(-1.27512 1.92277 4.22979e-18)
(-1.29629 1.79043 -4.49564e-18)
(-1.30915 1.5985 3.84964e-18)
(-1.32637 1.38022 1.11538e-17)
(-1.34713 1.16899 0)
(-1.36723 1.01698 2.07446e-19)
(-1.33557 0.947923 -3.5084e-18)
(-1.27282 0.955697 -1.36847e-21)
(-1.12276 1.01115 -2.76845e-18)
(-0.898854 1.17507 3.44663e-19)
(-0.482537 1.20961 -3.54642e-19)
(-1.11636 1.96031 -7.50267e-18)
(-1.11703 1.75257 0)
(-1.12719 1.45492 7.6877e-18)
(-1.14515 1.14436 -1.10434e-17)
(-1.17982 0.870118 3.40642e-18)
(-1.2213 0.67102 0)
(-1.25019 0.581855 1.62492e-19)
(-1.24033 0.586571 4.92644e-18)
(-1.19196 0.660349 2.49954e-18)
(-1.04737 0.785623 4.34413e-20)
(-0.836154 0.963168 0)
(-0.508518 1.06735 6.26837e-19)
(-0.182925 1.13134 9.32084e-19)
(0.0786058 1.18564 2.19336e-20)
(0.367967 1.2191 -3.88814e-18)
(0.665305 1.23179 0)
(0.961095 1.22767 6.19937e-18)
(1.24214 1.21206 1.52646e-17)
(1.498 1.19212 2.23119e-17)
(1.72435 1.17275 0)
(1.912 1.15278 0)
(2.01058 1.12664 -3.80742e-18)
(2.02576 1.09722 4.08771e-18)
(1.88504 1.07477 -2.02097e-17)
(-0.156967 1.21607 -4.9615e-19)
(0.113339 1.29164 1.58595e-18)
(0.410875 1.34201 -5.37928e-18)
(0.721485 1.36778 0)
(1.03341 1.37 9.54545e-18)
(1.33004 1.35166 -9.48928e-18)
(1.59471 1.31602 -4.74107e-18)
(1.81278 1.26593 8.24243e-20)
(1.94851 1.19565 -4.27034e-18)
(1.98741 1.11624 0)
(1.90361 1.03782 0)
(1.60398 0.979978 2.18786e-17)
(-0.0960144 1.29987 0)
(0.179136 1.38344 -2.15819e-18)
(0.479886 1.43762 4.48981e-18)
(0.793355 1.46256 2.3482e-18)
(1.10465 1.45635 -1.41984e-17)
(1.392 1.4204 7.23871e-18)
(1.63582 1.356 -1.28455e-17)
(1.81141 1.26744 3.82945e-18)
(1.89514 1.16623 6.17345e-20)
(1.84983 1.04927 7.16406e-20)
(1.6428 0.939794 -2.80454e-17)
(1.29695 0.906755 -2.48776e-17)
(-0.0336572 1.36261 0)
(0.241582 1.44541 4.61159e-18)
(0.540366 1.49451 0)
(0.848008 1.50778 9.61575e-18)
(1.14727 1.48147 0)
(1.41116 1.41856 4.34946e-18)
(1.62268 1.33013 1.62308e-17)
(1.75132 1.21371 -4.34485e-18)
(1.75333 1.07157 0)
(1.61483 0.921196 0)
(1.33364 0.793847 -6.64666e-18)
(0.960483 0.80069 7.85215e-18)
(1.48341 1.03273 -2.20067e-17)
(1.07527 0.948574 -5.82933e-18)
(0.73486 0.951662 2.77892e-17)
(0.483311 0.988923 -1.51565e-17)
(0.333818 1.05479 1.75676e-17)
(0.288107 1.1165 -1.63043e-17)
(0.331308 1.15812 -2.01325e-17)
(0.440969 1.14502 0)
(0.59933 1.0736 -3.83417e-18)
(0.784716 0.9153 0)
(0.966123 0.700799 0)
(1.0803 0.418872 -9.19691e-19)
(1.06889 0.932144 0)
(0.680349 0.801089 0)
(0.410105 0.803214 -2.05492e-17)
(0.237785 0.853659 4.68829e-18)
(0.168959 0.93222 4.26414e-18)
(0.188898 1.00795 -1.52442e-20)
(0.285053 1.05395 9.97382e-18)
(0.438793 1.05149 5.92016e-18)
(0.628702 0.990288 0)
(0.827578 0.849951 0)
(1.00797 0.652821 -4.82271e-19)
(1.13544 0.399335 2.44497e-18)
(0.676773 0.92318 0)
(0.378219 0.754768 -5.62195e-18)
(0.207913 0.754116 -1.47161e-17)
(0.117349 0.803846 1.78206e-17)
(0.109812 0.874917 1.67686e-17)
(0.177937 0.938909 4.06793e-18)
(0.308982 0.974489 -5.92193e-18)
(0.484906 0.963406 -5.87001e-18)
(0.686294 0.896801 7.98159e-18)
(0.887646 0.76257 0)
(1.06681 0.576152 5.05013e-19)
(1.20299 0.340515 1.56891e-18)
(0.296996 0.913536 -3.58022e-17)
(0.163535 0.70911 -2.39921e-17)
(0.0909284 0.71149 1.97936e-17)
(0.0683383 0.763388 -2.22609e-17)
(0.107401 0.82483 4.25047e-18)
(0.207523 0.875936 0)
(0.357695 0.898516 -2.02655e-18)
(0.542487 0.878495 2.93392e-20)
(0.744668 0.80796 -6.03776e-18)
(0.942706 0.678752 0)
(1.11898 0.50088 -3.7274e-18)
(1.25901 0.277489 -4.87495e-18)
(1.1332 0.182899 -1.87695e-18)
(1.18739 -0.0784076 -1.90881e-18)
(1.22083 -0.36772 0)
(1.23366 -0.665166 0)
(1.22974 -0.961261 6.30767e-18)
(1.21431 -1.2427 -6.53869e-18)
(1.19453 -1.49905 9.39946e-20)
(1.17521 -1.72586 1.3707e-17)
(1.15518 -1.91391 -4.16405e-18)
(1.12884 -2.01269 3.80647e-18)
(1.09921 -2.0279 -2.05817e-17)
(1.07629 -1.88709 0)
(1.21852 0.157041 1.48736e-18)
(1.29405 -0.113192 1.55977e-18)
(1.34438 -0.410816 -4.31465e-18)
(1.37029 -0.721634 -2.24322e-18)
(1.37265 -1.03393 -6.9481e-18)
(1.3544 -1.33096 0)
(1.31874 -1.59598 -1.45757e-17)
(1.2685 -1.81427 -4.34992e-18)
(1.19794 -1.95019 -8.60542e-18)
(1.11811 -1.98912 0)
(1.03935 -1.90506 1.90009e-17)
(0.981016 -1.60512 0)
(1.30272 0.0961821 1.071e-18)
(1.38628 -0.179031 -4.36726e-18)
(1.44039 -0.479971 4.49494e-18)
(1.46541 -0.793713 2.34833e-18)
(1.45924 -1.10534 -4.77464e-18)
(1.42324 -1.39299 2.40036e-18)
(1.35865 -1.637 0)
(1.26988 -1.81267 3.72296e-18)
(1.16816 -1.89643 4.27871e-18)
(1.05071 -1.85071 4.88232e-18)
(0.940816 -1.64341 -2.80327e-17)
(0.90744 -1.29741 0)
(1.36554 0.0339196 -2.21959e-18)
(1.4484 -0.241482 6.88459e-18)
(1.49738 -0.540527 0)
(1.51067 -0.848416 -9.61612e-18)
(1.48423 -1.14794 0)
(1.42116 -1.41202 -4.34824e-18)
(1.33251 -1.62362 -4.0613e-18)
(1.21573 -1.75213 2.19019e-17)
(1.07306 -1.75386 4.33425e-20)
(0.922245 -1.61508 -5.75759e-18)
(0.794526 -1.33375 2.73553e-17)
(0.801083 -0.960515 -3.10951e-17)
(1.03386 -1.4851 0)
(0.949358 -1.07676 -1.15078e-17)
(0.951999 -0.735946 0)
(0.988911 -0.483885 5.00167e-18)
(1.05451 -0.333913 4.45274e-18)
(1.11607 -0.287881 2.02129e-17)
(1.15759 -0.330808 5.98644e-18)
(1.1445 -0.440368 -1.94806e-18)
(1.07314 -0.598692 3.87083e-18)
(0.915006 -0.784116 -3.10771e-20)
(0.700696 -0.965689 1.80705e-18)
(0.418838 -1.08017 0)
(0.932862 -1.06971 5.85502e-18)
(0.801531 -0.680845 -1.07647e-17)
(0.803314 -0.410177 5.08485e-18)
(0.853498 -0.237474 0)
(0.931844 -0.168349 8.46588e-18)
(1.00746 -0.188079 -8.12523e-18)
(1.05336 -0.284064 -1.59908e-17)
(1.05085 -0.437758 0)
(0.989663 -0.627687 -3.86206e-18)
(0.849442 -0.826688 -6.11692e-20)
(0.652475 -1.00729 -4.81099e-19)
(0.39908 -1.13507 4.95006e-19)
(0.923605 -0.676939 0)
(0.755001 -0.378034 4.43252e-20)
(0.754103 -0.207402 -1.95934e-17)
(0.803634 -0.11661 1.78041e-17)
(0.874546 -0.108882 -8.36104e-18)
(0.938401 -0.176837 -4.01778e-18)
(0.973878 -0.307788 9.90002e-18)
(0.96272 -0.483685 7.93432e-18)
(0.8961 -0.68511 1.99738e-18)
(0.76194 -0.886557 3.98172e-18)
(0.57565 -1.06592 0)
(0.340118 -1.20237 1.04378e-18)
(0.913804 -0.296627 -3.57882e-17)
(0.709244 -0.162945 1.78659e-17)
(0.711472 -0.0901554 4.45244e-17)
(0.763213 -0.0674195 -2.22442e-17)
(0.824515 -0.106358 -1.25904e-17)
(0.875498 -0.206375 -1.22072e-17)
(0.897954 -0.356489 -4.01044e-18)
(0.877821 -0.54126 -7.96171e-18)
(0.807227 -0.743457 0)
(0.678043 -0.941573 1.02372e-18)
(0.500271 -1.11796 -1.06233e-18)
(0.276996 -1.25816 -2.16009e-18)
(0.182645 -1.13339 1.86489e-18)
(-0.0789418 -1.18778 1.90615e-18)
(-0.36847 -1.22126 -3.89016e-18)
(-0.666012 -1.23401 0)
(-0.962009 -1.22989 2.07828e-18)
(-1.24317 -1.21422 6.6355e-18)
(-1.4991 -1.19415 0)
(-1.7254 -1.17457 9.16542e-18)
(-1.9129 -1.15427 0)
(-2.01122 -1.12779 1.87298e-17)
(-2.02622 -1.09812 -8.31276e-18)
(-1.88537 -1.07527 2.51519e-17)
(0.156683 -1.21847 -4.96344e-19)
(-0.113702 -1.29412 2.59204e-18)
(-0.411432 -1.3444 -4.3107e-18)
(-0.722227 -1.37013 -6.83242e-18)
(-1.03429 -1.37222 9.52797e-21)
(-1.33092 -1.35365 -1.18788e-17)
(-1.59544 -1.31771 -1.47652e-17)
(-1.8132 -1.26725 -1.28021e-17)
(-1.94876 -1.19662 -1.73377e-17)
(-1.98753 -1.11686 -1.72849e-17)
(-1.90342 -1.03822 0)
(-1.60385 -0.980074 0)
(0.0957791 -1.30231 2.13825e-18)
(-0.179463 -1.38594 -3.24484e-18)
(-0.480386 -1.43995 5.63195e-18)
(-0.793978 -1.46476 -2.16262e-19)
(-1.10528 -1.45828 9.63859e-18)
(-1.3925 -1.422 4.88775e-18)
(-1.63604 -1.3572 1.26907e-17)
(-1.81138 -1.26843 2.6728e-17)
(-1.89493 -1.16671 1.29033e-17)
(-1.84916 -1.04941 -1.93911e-17)
(-1.64213 -0.93975 0)
(-1.29662 -0.906555 0)
(0.0335095 -1.36482 -4.43121e-18)
(-0.241811 -1.44767 1.13851e-18)
(-0.540718 -1.4965 -1.1725e-18)
(-0.848368 -1.50957 1.17922e-17)
(-1.14752 -1.48288 -1.07505e-17)
(-1.41121 -1.41963 -4.14112e-18)
(-1.62249 -1.33091 -2.67474e-20)
(-1.75073 -1.21415 4.5227e-18)
(-1.75244 -1.07163 -2.03948e-17)
(-1.61393 -0.921106 2.31474e-17)
(-1.33299 -0.793666 -2.71795e-17)
(-0.960241 -0.800299 0)
(-1.48397 -1.03302 -2.18212e-17)
(-1.07594 -0.948855 -5.82192e-18)
(-0.735378 -0.951839 5.58273e-18)
(-0.483589 -0.989051 -5.09991e-18)
(-0.333853 -1.0549 -4.26812e-18)
(-0.287963 -1.11664 -9.71473e-20)
(-0.331045 -1.15831 9.95242e-18)
(-0.440666 -1.14525 -1.94931e-18)
(-0.59904 -1.07386 0)
(-0.784514 -0.915563 0)
(-0.96608 -0.700993 1.80841e-18)
(-1.08041 -0.418845 1.82897e-18)
(-1.06921 -0.932111 4.6705e-17)
(-0.680658 -0.801216 0)
(-0.410245 -0.803342 0)
(-0.237735 -0.853783 9.2605e-18)
(-0.168737 -0.932346 -4.26581e-18)
(-0.188551 -1.0081 4.0329e-18)
(-0.284629 -1.05413 0)
(-0.438359 -1.05167 -5.94912e-18)
(-0.628308 -0.990471 -1.96933e-18)
(-0.827283 -0.850108 3.9199e-18)
(-1.00783 -0.6529 -2.43824e-18)
(-1.13546 -0.399222 -4.77903e-19)
(-0.676958 -0.922802 -2.69391e-17)
(-0.378274 -0.754691 1.68154e-17)
(-0.207809 -0.754144 4.88322e-18)
(-0.117107 -0.803929 4.4291e-18)
(-0.109454 -0.875035 4.16156e-18)
(-0.177482 -0.939048 0)
(-0.308482 -0.974648 1.96281e-18)
(-0.484413 -0.96356 3.90841e-18)
(-0.685845 -0.896936 2.00087e-18)
(-0.887286 -0.762657 -3.98859e-18)
(-1.06658 -0.576147 2.01751e-18)
(-1.20289 -0.340336 -1.04517e-18)
(-0.297131 -0.91295 3.5787e-17)
(-0.163454 -0.708902 -2.3835e-17)
(-0.0907006 -0.711463 -4.93585e-18)
(-0.0680102 -0.763455 2.32741e-20)
(-0.106985 -0.824954 -1.25897e-17)
(-0.20704 -0.876091 -4.02886e-18)
(-0.357186 -0.898677 1.2015e-17)
(-0.541992 -0.878638 0)
(-0.744215 -0.808065 8.14847e-18)
(-0.942323 -0.678792 0)
(-1.1187 -0.500816 -4.24876e-18)
(-1.25883 -0.277263 2.16363e-18)
(-1.13343 -0.182556 9.50596e-19)
(-1.18768 0.0790756 0)
(-1.22109 0.368657 3.9378e-18)
(-1.23384 0.666264 3.97855e-18)
(-1.22978 0.96234 -8.28457e-18)
(-1.21421 1.24356 4.41509e-18)
(-1.19429 1.49953 8.90638e-18)
(-1.17488 1.72586 3.06149e-20)
(-1.15473 1.9134 4.36276e-18)
(-1.12833 2.01169 -1.1125e-17)
(-1.09869 2.02665 -4.08848e-18)
(-1.07574 1.88561 2.02072e-17)
(-1.21865 -0.156668 -1.4819e-18)
(-1.29421 0.113838 -5.17516e-19)
(-1.34448 0.411689 -4.20385e-18)
(-1.37028 0.722614 0)
(-1.37246 1.03483 -1.1913e-17)
(-1.35404 1.33158 -7.09693e-18)
(-1.31825 1.59619 1.87654e-19)
(-1.26794 1.81395 4.30134e-18)
(-1.19736 1.9494 -1.28951e-17)
(-1.11746 1.98802 1.72791e-17)
(-1.03875 1.90364 0)
(-0.980356 1.60353 2.18808e-17)
(-1.30271 -0.095783 -2.66803e-18)
(-1.38628 0.179651 5.49451e-19)
(-1.44031 0.480761 0)
(-1.46521 0.794549 -9.49443e-18)
(-1.45886 1.10604 1.18147e-17)
(-1.42272 1.39339 1.21635e-17)
(-1.35804 1.63698 -1.26923e-17)
(-1.26929 1.81218 -1.53243e-17)
(-1.16752 1.89554 -1.7287e-17)
(-1.05007 1.84941 2.42861e-17)
(-0.940165 1.64186 -5.59447e-18)
(-0.906754 1.29585 -4.93274e-17)
(-1.3654 -0.0335074 3.88546e-18)
(-1.44826 0.242074 5.75063e-19)
(-1.49716 0.541241 0)
(-1.51032 0.849125 1.1798e-17)
(-1.48373 1.14848 4.71496e-21)
(-1.42057 1.41225 -1.98015e-18)
(-1.33188 1.62348 0)
(-1.21511 1.75151 4.21731e-18)
(-1.07244 1.75279 1.52492e-17)
(-0.921645 1.61368 -4.30515e-20)
(-0.793921 1.33222 2.72008e-17)
(-0.800423 0.959067 6.2933e-17)
(-1.03328 1.48368 2.20098e-17)
(-0.948885 1.07529 5.82989e-18)
(-0.951695 0.734477 -5.59305e-18)
(-0.98876 0.482506 1.00492e-17)
(-1.05447 0.332652 0)
(-1.11607 0.286718 1.21785e-17)
(-1.15758 0.329713 -1.81195e-17)
(-1.14442 0.439264 -9.60348e-18)
(-1.07298 0.597533 0)
(-0.914779 0.782817 3.78713e-18)
(-0.700599 0.964121 0)
(-0.419168 1.0781 -9.11878e-19)
(-0.932188 1.06834 0)
(-0.80103 0.679582 0)
(-0.802993 0.409006 0)
(-0.853355 0.236425 -4.58443e-18)
(-0.931836 0.167382 5.60268e-20)
(-1.00752 0.18715 -4.03473e-18)
(-1.05342 0.283098 7.97536e-18)
(-1.05086 0.436655 -7.88643e-18)
(-0.989606 0.626361 0)
(-0.849338 0.825068 2.95072e-18)
(-0.652524 1.00528 1.46018e-18)
(-0.399514 1.13249 -4.94695e-19)
(-0.922914 0.675783 0)
(-0.754583 0.37708 1.68446e-17)
(-0.753866 0.206559 -3.8001e-21)
(-0.803575 0.115849 2.81345e-20)
(-0.874612 0.108147 4.20371e-18)
(-0.938551 0.176069 4.09298e-18)
(-0.974055 0.306896 5.94436e-18)
(-0.962878 0.482559 3.90275e-18)
(-0.896213 0.683657 1.99659e-18)
(-0.762039 0.884725 -3.97917e-18)
(-0.57592 1.06367 -2.04173e-18)
(-0.340646 1.19957 0)
(-0.913105 0.29583 8.88006e-18)
(-0.708915 0.162341 -5.80424e-18)
(-0.71132 0.0895865 0)
(-0.76322 0.0668793 0)
(-0.824656 0.10579 -4.1793e-18)
(-0.875744 0.205717 1.1083e-20)
(-0.898267 0.355649 -1.20067e-17)
(-0.878158 0.540139 0)
(-0.80755 0.741971 -8.12863e-18)
(-0.678373 0.939697 0)
(-0.500746 1.11572 -2.14518e-18)
(-0.277573 1.25545 0)
(0.0238383 1.39261 -1.15105e-18)
(0.293223 1.46802 -4.61555e-18)
(0.583102 1.50438 0)
(0.876112 1.49846 -8.98029e-18)
(1.15251 1.45254 -2.10028e-18)
(1.3889 1.36652 -1.05679e-17)
(1.55408 1.24495 4.72323e-18)
(1.61213 1.09283 0)
(1.53608 0.925588 0)
(1.31639 0.758916 6.77633e-18)
(0.907192 0.577835 2.94173e-17)
(0.378398 0.417228 0)
(0.0737736 1.38491 1.15537e-18)
(0.331628 1.4469 0)
(0.604762 1.46681 -9.24108e-18)
(0.876212 1.44068 2.27139e-18)
(1.12272 1.36714 -2.33202e-18)
(1.316 1.25053 1.477e-17)
(1.42519 1.09964 1.04671e-17)
(1.42141 0.929618 -5.62386e-18)
(1.27359 0.755456 0)
(0.963527 0.598944 0)
(0.389755 0.423773 0)
(-0.216909 0.408322 0)
(0.113424 1.34008 -1.17409e-18)
(0.354495 1.38315 -5.89212e-18)
(0.605295 1.38075 1.0595e-17)
(0.846555 1.3281 0)
(1.05521 1.22856 0)
(1.20401 1.08888 -4.61193e-17)
(1.26252 0.921179 2.73047e-17)
(1.20242 0.744644 0)
(0.993142 0.579223 -7.02831e-18)
(0.618148 0.45412 1.91216e-17)
(0.0504654 0.342447 -1.86577e-17)
(-0.336387 0.388264 0)
(0.140788 1.26418 1.16766e-18)
(0.360705 1.28496 4.70345e-18)
(0.584271 1.25814 -9.65048e-18)
(0.792391 1.18131 7.35045e-18)
(0.962568 1.05982 -7.53503e-18)
(1.06769 0.902138 -5.36225e-18)
(1.07975 0.725247 -3.97046e-17)
(0.973366 0.552424 -6.355e-18)
(0.723576 0.409346 7.78055e-18)
(0.331869 0.332021 4.27613e-17)
(-0.125775 0.329786 0)
(-0.38003 0.414591 0)
(0.155556 1.16655 0)
(0.351601 1.16423 0)
(0.545941 1.11379 9.65623e-18)
(0.72001 1.01534 -9.79415e-18)
(0.852055 0.875288 -1.28111e-17)
(0.916738 0.704728 5.13819e-17)
(0.889513 0.524962 1.17496e-17)
(0.75009 0.363398 3.32554e-17)
(0.484339 0.25024 0)
(0.121368 0.22294 -4.23788e-17)
(-0.226155 0.297935 -7.3496e-17)
(-0.426879 0.399903 0)
(0.158595 1.05698 0)
(0.329483 1.0323 1.21124e-18)
(0.494117 0.960286 -1.23163e-18)
(0.634709 0.843049 2.47277e-18)
(0.730673 0.687734 3.84597e-17)
(0.759883 0.508725 -2.69982e-17)
(0.701938 0.330517 5.90772e-18)
(0.543525 0.184542 -2.66024e-17)
(0.28286 0.103815 -8.00734e-18)
(-0.0312641 0.121623 1.0428e-17)
(-0.301889 0.24244 6.88941e-17)
(-0.445423 0.372732 0)
(0.151405 0.944111 0)
(0.296915 0.899232 1.24166e-18)
(0.432489 0.808303 -1.25273e-18)
(0.541236 0.675051 0)
(0.604375 0.507632 -2.3276e-17)
(0.603892 0.323488 -2.66956e-18)
(0.524 0.149191 -1.18101e-17)
(0.359028 0.0194307 -3.34558e-17)
(0.116876 -0.032266 3.22131e-17)
(-0.1464 0.0201999 0)
(-0.357938 0.169172 1.36137e-16)
(-0.445217 0.321584 0)
(0.135792 0.834953 0)
(0.256392 0.772815 1.31111e-18)
(0.364208 0.666007 9.17558e-18)
(0.44347 0.519536 2.60391e-18)
(0.477715 0.342847 1.88064e-17)
(0.453287 0.155543 -5.57997e-18)
(0.359171 -0.0147338 3.0378e-17)
(0.196837 -0.131083 5.49015e-17)
(-0.020761 -0.161458 3.3262e-17)
(-0.236524 -0.0868259 1.1087e-17)
(-0.395048 0.081272 -1.75477e-17)
(-0.424348 0.258631 0)
(0.113597 0.734367 0)
(0.210102 0.658526 0)
(0.291737 0.539131 -1.15641e-17)
(0.344102 0.382185 0)
(0.353405 0.19846 5.40371e-20)
(0.310027 0.00859395 -6.05556e-18)
(0.20768 -0.159598 6.61371e-18)
(0.0536696 -0.267863 -2.96915e-17)
(-0.138018 -0.286517 -8.94488e-18)
(-0.309424 -0.20161 1.10819e-16)
(-0.415639 -0.0192406 -1.595e-16)
(-0.386673 0.181021 2.05692e-16)
(0.0870022 0.644191 0)
(0.160525 0.558553 7.37477e-18)
(0.217751 0.42993 -1.44367e-17)
(0.245874 0.264966 3.52595e-18)
(0.233586 0.0755333 -3.57993e-17)
(0.174825 -0.117636 2.6202e-17)
(0.0678571 -0.287026 -3.18079e-17)
(-0.0754798 -0.393834 9.08924e-18)
(-0.242139 -0.410155 -8.47951e-17)
(-0.370674 -0.323736 -9.96557e-17)
(-0.422592 -0.129539 -2.4302e-17)
(-0.332971 0.0918919 -2.53358e-16)
(0.0604426 0.558851 0)
(0.113355 0.467505 -3.47546e-17)
(0.149324 0.332462 2.34503e-17)
(0.157109 0.16084 0)
(0.125272 -0.0341822 -5.85347e-18)
(0.0514009 -0.232192 -3.04475e-17)
(-0.0603819 -0.405752 -4.88038e-17)
(-0.196282 -0.516001 -2.49896e-17)
(-0.338611 -0.538008 1.43254e-16)
(-0.422686 -0.450801 1.28944e-16)
(-0.411401 -0.256261 0)
(-0.260885 -0.0204081 0)
(0.0407639 0.443749 -1.41563e-17)
(0.0733053 0.352311 -7.87738e-20)
(0.0889794 0.214388 0)
(0.079571 0.0398398 1.85692e-17)
(0.0311176 -0.157244 -1.65412e-17)
(-0.0548318 -0.359845 -1.35538e-16)
(-0.167358 -0.53693 4.02507e-16)
(-0.28787 -0.665362 0)
(-0.407678 -0.672025 -2.62604e-16)
(-0.414094 -0.560258 -2.10613e-16)
(-0.363929 -0.383932 -2.65863e-16)
(-0.222457 -0.102372 6.36778e-16)
(-0.0788329 0.620175 7.528e-17)
(0.0294451 0.609478 2.72963e-17)
(0.0292153 0.656774 -2.04158e-17)
(0.0581602 0.719645 0)
(0.129713 0.774576 -2.12542e-17)
(0.249859 0.813692 -1.23765e-17)
(0.409248 0.824462 1.01465e-17)
(0.59493 0.796356 6.15393e-18)
(0.791907 0.722878 0)
(0.982517 0.598109 1.05555e-18)
(1.15244 0.428107 3.22942e-18)
(1.29028 0.215336 2.21633e-18)
(-0.0351868 0.329913 1.54861e-16)
(-0.00394311 0.512486 -7.62967e-18)
(0.0119161 0.600778 2.62736e-17)
(0.0687206 0.672605 0)
(0.160238 0.722518 0)
(0.291548 0.751302 2.10985e-17)
(0.453538 0.751989 1.2547e-17)
(0.634843 0.717154 -1.04689e-17)
(0.822443 0.641721 2.14547e-18)
(1.00187 0.521177 9.81271e-18)
(1.16125 0.358898 -1.11812e-18)
(1.29079 0.156756 1.14407e-18)
(0.0144198 0.219036 -1.87982e-16)
(-0.00655199 0.425528 0)
(0.0168453 0.546418 0)
(0.0870956 0.623146 0)
(0.189982 0.668647 0)
(0.326271 0.688793 2.18604e-17)
(0.486301 0.681357 -4.09898e-17)
(0.659543 0.641477 1.08386e-17)
(0.834633 0.565315 0)
(0.999707 0.449284 -8.84261e-18)
(1.14456 0.29522 -3.97309e-18)
(1.26027 0.104686 -1.72374e-18)
(0.0584065 0.134288 1.93157e-16)
(0.00459446 0.354092 4.15622e-17)
(0.0296779 0.492524 -2.85869e-17)
(0.105649 0.571548 2.01611e-17)
(0.214291 0.613181 0)
(0.351392 0.626491 4.57935e-18)
(0.506366 0.613038 1.56363e-17)
(0.669075 0.570018 -1.33919e-17)
(0.829574 0.494547 2.25642e-18)
(0.977933 0.383807 -1.12805e-18)
(1.10519 0.238914 5.71877e-18)
(1.203 0.0614613 0)
(0.0958837 0.0651795 -3.59177e-19)
(0.0177943 0.290314 -3.48872e-17)
(0.042215 0.437864 3.03428e-17)
(0.119826 0.517697 -4.82223e-17)
(0.23085 0.556289 2.00423e-17)
(0.366162 0.564683 3.33443e-20)
(0.514213 0.547418 -2.34166e-18)
(0.665039 0.503252 2.33129e-17)
(0.809881 0.43006 -2.33273e-18)
(0.940321 0.32571 0)
(1.04829 0.191161 5.81904e-19)
(1.12598 0.0282597 -2.9465e-18)
(0.123746 0.00723087 -2.05322e-16)
(0.0262799 0.229325 0)
(0.0496382 0.381034 0)
(0.126993 0.461162 2.89881e-17)
(0.23865 0.497914 -4.85822e-17)
(0.370793 0.503445 -2.57073e-17)
(0.511098 0.484627 2.52621e-18)
(0.649696 0.441383 -1.96218e-17)
(0.778862 0.372151 2.44082e-18)
(0.891345 0.275429 -1.20263e-18)
(0.979759 0.152366 1.80507e-18)
(1.03695 0.00517332 -6.13927e-19)
(0.139094 -0.0414709 -4.27388e-16)
(0.025543 0.168495 -9.11004e-17)
(0.0488412 0.320491 1.45622e-17)
(0.125576 0.401182 1.93234e-17)
(0.237343 0.437683 4.76863e-17)
(0.365874 0.44256 5.6264e-18)
(0.498459 0.424458 -5.45587e-18)
(0.625366 0.384221 0)
(0.739781 0.320635 0)
(0.835415 0.232791 8.95435e-18)
(0.905349 0.122247 1.26398e-18)
(0.94317 -0.0084761 2.4892e-18)
(0.138843 -0.0816064 4.54127e-16)
(0.0126139 0.106291 5.59621e-20)
(0.0376376 0.254548 -6.69603e-17)
(0.114565 0.336597 -8.90887e-17)
(0.226846 0.374839 -2.73256e-17)
(0.352019 0.381428 6.39693e-18)
(0.477519 0.366307 -9.19959e-18)
(0.59396 0.331128 2.96646e-18)
(0.695364 0.274846 2.29629e-17)
(0.776193 0.197106 -2.37235e-17)
(0.829808 0.0999439 2.04814e-18)
(0.850611 -0.0138974 -3.34966e-18)
(0.120936 -0.114562 -4.33654e-16)
(-0.0143936 0.0418828 9.61039e-17)
(0.0142008 0.18132 8.15651e-17)
(0.0930916 0.265648 1.22903e-20)
(0.207039 0.308036 0)
(0.329493 0.31906 3.10521e-17)
(0.448873 0.30917 3.66212e-18)
(0.556516 0.281044 -2.15513e-20)
(0.647256 0.233648 -5.7243e-17)
(0.716078 0.167186 1.29473e-17)
(0.756386 0.084192 0)
(0.763433 -0.0125545 3.03005e-18)
(0.0778015 -0.134936 1.05234e-15)
(-0.0547459 -0.0251562 0)
(-0.0242225 0.0993813 1.39508e-17)
(0.0589974 0.186615 1.88993e-16)
(0.176566 0.236175 1.03547e-16)
(0.29726 0.254623 -7.51174e-20)
(0.411474 0.251994 -1.49785e-17)
(0.512133 0.232612 4.18385e-17)
(0.594983 0.195537 3.47823e-17)
(0.655149 0.141394 1.43747e-17)
(0.685797 0.0731659 1.96154e-18)
(0.683035 -0.00634521 0)
(0.00851509 -0.139784 -6.28634e-16)
(-0.106765 -0.091841 0)
(-0.0837845 0.0068196 0)
(0.00534195 0.0967035 -1.77257e-16)
(0.129168 0.159112 -1.68809e-16)
(0.249953 0.187926 -7.54638e-17)
(0.359425 0.19383 -6.67404e-17)
(0.453728 0.184091 -1.13463e-16)
(0.531129 0.158438 -6.97747e-18)
(0.586159 0.117111 -2.91604e-17)
(0.6118 0.0633742 3.07318e-18)
(0.604027 0.00147797 0)
(-0.0373835 -0.143948 -8.52311e-16)
(-0.175666 -0.155379 0)
(-0.163179 -0.0931967 0)
(-0.0753434 0.00234194 6.577e-17)
(0.0438951 0.0716396 -7.18682e-17)
(0.16752 0.11073 5.17058e-17)
(0.267436 0.123361 -4.01474e-17)
(0.348925 0.122404 1.37953e-16)
(0.419806 0.108801 0)
(0.470797 0.082816 -6.43035e-17)
(0.496962 0.0500116 -6.07253e-17)
(0.493904 0.000704354 1.41565e-17)
(1.39534 -0.0234696 -1.74383e-20)
(1.47085 -0.293088 -4.61738e-18)
(1.50702 -0.583231 0)
(1.50105 -0.876447 6.71541e-18)
(1.45499 -1.15305 1.05659e-17)
(1.36875 -1.3895 4.1767e-18)
(1.2468 -1.55453 4.72276e-18)
(1.09428 -1.6123 -2.07352e-17)
(0.926663 -1.53603 0)
(0.759647 -1.31612 -2.0171e-17)
(0.578325 -0.906896 2.91575e-17)
(0.417471 -0.378109 6.89934e-17)
(1.38716 -0.0733128 2.32806e-18)
(1.44929 -0.331419 0)
(1.469 -0.604786 9.24023e-18)
(1.44277 -0.876396 0)
(1.36899 -1.12296 1.35182e-19)
(1.25214 -1.31618 1.96526e-17)
(1.10096 -1.42517 5.2249e-18)
(0.930618 -1.4211 -2.80974e-17)
(0.756177 -1.27307 0)
(0.599411 -0.962909 2.43256e-17)
(0.424118 -0.389306 -4.06214e-17)
(0.408492 0.217142 0)
(1.34164 -0.112859 -1.16196e-18)
(1.38486 -0.354179 4.7235e-18)
(1.38226 -0.605149 -9.41247e-18)
(1.3295 -0.846499 1.21259e-17)
(1.22978 -1.05515 -4.82349e-18)
(1.08992 -1.20381 -1.27273e-17)
(0.922007 -1.26208 -3.27265e-17)
(0.745271 -1.20172 2.99413e-17)
(0.579678 -0.992318 0)
(0.454408 -0.617364 -2.85358e-17)
(0.342669 -0.0499841 -1.86535e-17)
(0.388369 0.336692 0)
(1.26493 -0.140147 -5.85969e-19)
(1.28592 -0.360285 -5.29489e-18)
(1.25893 -0.583968 1.20402e-18)
(1.18206 -0.792128 9.19203e-20)
(1.06044 -0.962239 -9.9653e-18)
(0.902652 -1.06718 0)
(0.725663 -1.079 2.83215e-17)
(0.552763 -0.972411 -6.42018e-18)
(0.409618 -0.722582 0)
(0.332204 -0.331036 8.56529e-17)
(0.329895 0.126305 0)
(0.414623 0.380313 0)
(1.16646 -0.154858 -2.3777e-18)
(1.1644 -0.351098 0)
(1.11388 -0.545498 7.31452e-18)
(1.01545 -0.719568 -9.78901e-18)
(0.875346 -0.851508 1.78334e-20)
(0.704783 -0.915999 2.44057e-17)
(0.525035 -0.888553 -5.84538e-18)
(0.363514 -0.748989 -1.98825e-17)
(0.250385 -0.483279 8.01542e-18)
(0.223061 -0.120543 -4.24113e-17)
(0.297989 0.226671 -3.68068e-17)
(0.399902 0.427032 2.15407e-17)
(1.05608 -0.157885 2.39544e-18)
(1.03172 -0.328936 0)
(0.959704 -0.493579 -9.8135e-18)
(0.842564 -0.634133 2.47505e-18)
(0.687283 -0.729964 -2.57628e-18)
(0.508372 -0.758986 -2.70157e-17)
(0.330293 -0.700856 2.3575e-17)
(0.184471 -0.542365 3.33209e-17)
(0.103858 -0.281802 0)
(0.121698 0.0320413 1.04298e-17)
(0.242471 0.302346 -1.72142e-17)
(0.372713 0.445485 0)
(0.942495 -0.150705 6.18621e-19)
(0.897966 -0.296353 -5.61697e-18)
(0.807109 -0.431887 0)
(0.674021 -0.540567 0)
(0.50672 -0.603557 0)
(0.322768 -0.602902 -5.41498e-18)
(0.148701 -0.522865 -1.76655e-17)
(0.0191891 -0.35787 -2.67472e-17)
(-0.0323184 -0.115865 8.04257e-18)
(0.0202283 0.147103 2.6383e-21)
(0.169188 0.35831 -1.53323e-16)
(0.321564 0.445214 -1.70445e-16)
(0.832714 -0.135148 2.64255e-18)
(0.770955 -0.255856 6.56655e-18)
(0.664281 -0.363585 -1.31351e-18)
(0.518029 -0.442752 2.60703e-18)
(0.341531 -0.476841 1.61556e-17)
(0.154496 -0.45226 1.97785e-17)
(-0.0154658 -0.35804 -2.42151e-17)
(-0.131485 -0.195728 6.18897e-17)
(-0.161602 0.0216929 0)
(-0.0868467 0.237135 0)
(0.0812748 0.395331 1.25844e-16)
(0.258606 0.424295 2.19957e-17)
(0.731628 -0.113025 -2.96801e-18)
(0.656182 -0.209613 -1.46531e-18)
(0.536966 -0.29112 1.45251e-18)
(0.380283 -0.343371 0)
(0.196804 -0.352524 -4.69152e-17)
(0.00726637 -0.309012 -3.04868e-17)
(-0.160544 -0.206603 2.63683e-17)
(-0.268412 -0.0526485 -2.96284e-17)
(-0.286746 0.138841 9.15041e-18)
(-0.201676 0.309928 1.23543e-17)
(-0.0192464 0.415836 -1.99343e-17)
(0.180997 0.386591 2.05086e-16)
(0.64108 -0.0865318 -3.71143e-18)
(0.555849 -0.160099 0)
(0.427432 -0.217165 -1.44534e-17)
(0.262767 -0.245161 3.52994e-18)
(0.0736157 -0.232739 2.15002e-17)
(-0.119188 -0.173865 -3.6426e-18)
(-0.288145 -0.0668798 -1.6018e-17)
(-0.394508 0.0763809 6.31907e-17)
(-0.410453 0.242826 -7.44736e-17)
(-0.32383 0.371055 2.90075e-20)
(-0.12954 0.42271 -2.43381e-17)
(0.0918664 0.332868 0)
(0.555499 -0.0600634 4.34786e-18)
(0.464583 -0.112989 -1.88921e-17)
(0.329744 -0.148771 4.41262e-17)
(0.158449 -0.156443 0)
(-0.036268 -0.124455 -5.85966e-18)
(-0.233898 -0.0505011 6.14597e-18)
(-0.40698 0.0612483 3.62442e-17)
(-0.516766 0.197059 -1.87194e-16)
(-0.538337 0.339149 1.14397e-16)
(-0.450895 0.422915 0)
(-0.256256 0.411424 0)
(-0.0203935 0.260803 0)
(0.440421 -0.0404248 2.84318e-17)
(0.349372 -0.0729506 5.92198e-17)
(0.211598 -0.0884464 -1.29048e-16)
(0.0374304 -0.0789909 1.86417e-17)
(-0.159348 -0.0303462 -3.2854e-17)
(-0.361626 0.0556464 -6.79529e-17)
(-0.538165 0.168052 -4.73514e-17)
(-0.66621 0.288476 2.22186e-17)
(-0.672201 0.407916 -2.30227e-16)
(-0.560292 0.414149 -2.64229e-17)
(-0.383846 0.363899 0)
(-0.10235 0.222333 -6.3816e-16)
(0.620383 0.0794185 7.52329e-17)
(0.609669 -0.0287537 2.74619e-17)
(0.656842 -0.0283892 -2.03768e-17)
(0.719579 -0.0572532 -2.25438e-17)
(0.774385 -0.12873 2.12599e-17)
(0.813371 -0.248819 2.05285e-17)
(0.824001 -0.40817 -2.06475e-18)
(0.795747 -0.59383 -4.08191e-18)
(0.722173 -0.790808 2.08873e-18)
(0.597381 -0.981426 0)
(0.427446 -1.1514 0)
(0.214812 -1.28931 -1.45981e-20)
(0.330259 0.0358816 0)
(0.512777 0.00463552 4.9243e-20)
(0.600979 -0.0111637 0)
(0.672688 -0.0679374 1.85006e-17)
(0.722481 -0.159426 -4.34365e-18)
(0.751132 -0.290713 8.43771e-18)
(0.751663 -0.452683 -2.29628e-17)
(0.716657 -0.633967 2.10598e-18)
(0.641088 -0.821546 0)
(0.520485 -1.00096 -8.70502e-18)
(0.358259 -1.16029 0)
(0.156247 -1.28978 2.26951e-18)
(0.219513 -0.0138084 0)
(0.425956 0.00715827 -4.0009e-17)
(0.546766 -0.0162345 5.46556e-18)
(0.623391 -0.0864993 0)
(0.668775 -0.189401 1.807e-17)
(0.688789 -0.325698 4.34507e-18)
(0.681184 -0.485732 1.50017e-17)
(0.641115 -0.658961 -1.29504e-17)
(0.564788 -0.834025 2.19026e-18)
(0.448679 -0.999023 1.76939e-17)
(0.294637 -1.14378 4.52266e-18)
(0.104241 -1.25937 -1.1426e-18)
(0.13486 -0.0578521 -1.93196e-16)
(0.354639 -0.00410242 0)
(0.49301 -0.0292348 0)
(0.571945 -0.105268 2.51732e-17)
(0.613471 -0.213966 -2.36024e-17)
(0.626649 -0.351112 4.53258e-18)
(0.613024 -0.506114 -4.48897e-18)
(0.569802 -0.668828 8.89629e-18)
(0.494151 -0.829289 8.97465e-18)
(0.383311 -0.97756 5.26189e-20)
(0.238431 -1.10467 -4.55472e-18)
(0.0610942 -1.20232 1.16303e-18)
(0.0657792 -0.0954164 1.98779e-16)
(0.290941 -0.0174322 0)
(0.438465 -0.0419484 6.06259e-18)
(0.518226 -0.119668 -4.81978e-17)
(0.556724 -0.230787 0)
(0.564991 -0.366181 -2.39856e-17)
(0.547558 -0.514288 2.58233e-17)
(0.503182 -0.665134 -2.09343e-17)
(0.429804 -0.809945 -6.93758e-18)
(0.325341 -0.940273 -2.08781e-17)
(0.190783 -1.04808 0)
(0.0279867 -1.12559 -2.34344e-18)
(0.00780787 -0.123387 5.11758e-17)
(0.229992 -0.026047 -4.64172e-17)
(0.381716 -0.0495434 0)
(0.461797 -0.127047 -1.32601e-20)
(0.498467 -0.238837 0)
(0.503882 -0.371096 5.09395e-18)
(0.484902 -0.511485 -2.49458e-17)
(0.44145 -0.650121 1.71441e-17)
(0.372029 -0.779259 1.21436e-17)
(0.275186 -0.891638 9.60693e-18)
(0.152105 -0.979886 -4.80312e-18)
(0.00498494 -1.03689 1.19342e-18)
(-0.0409547 -0.138854 0)
(0.16916 -0.0254294 1.21493e-16)
(0.321216 -0.0489031 6.55434e-17)
(0.401888 -0.125822 1.93066e-17)
(0.438322 -0.237754 0)
(0.443098 -0.366433 2.81389e-17)
(0.424844 -0.499126 -2.73928e-18)
(0.384408 -0.626085 -1.84735e-20)
(0.320636 -0.740484 -1.29417e-17)
(0.23267 -0.836013 0)
(0.122083 -0.905798 -1.74091e-20)
(-0.00858625 -0.943451 3.69931e-26)
(-0.0811804 -0.138717 -4.53717e-16)
(0.106912 -0.0125991 -1.94679e-16)
(0.255273 -0.0378292 -5.86081e-17)
(0.337333 -0.11497 -5.93807e-17)
(0.375527 -0.227443 0)
(0.38203 -0.35279 6.38664e-18)
(0.366776 -0.478419 -9.17978e-18)
(0.331412 -0.594926 1.93075e-20)
(0.274953 -0.696321 2.87017e-18)
(0.197086 -0.77706 0)
(0.0998822 -0.830539 5.43299e-18)
(-0.0139487 -0.851198 2.6724e-18)
(-0.114232 -0.120902 2.67286e-19)
(0.0424176 0.0143385 1.09854e-16)
(0.181996 -0.0144831 0)
(0.266369 -0.0936091 9.09389e-18)
(0.308729 -0.20777 -3.04141e-20)
(0.319691 -0.33042 -3.10452e-17)
(0.309688 -0.449948 2.56288e-17)
(0.281398 -0.557666 -3.1521e-17)
(0.233838 -0.648408 0)
(0.167257 -0.717148 -1.29331e-17)
(0.0841996 -0.757341 0)
(-0.0125539 -0.764273 -6.05424e-18)
(-0.134734 -0.077857 5.26493e-16)
(-0.0247454 0.0546709 -1.80592e-17)
(0.0999515 0.0239051 1.39592e-16)
(0.187269 -0.0595704 8.82214e-17)
(0.236828 -0.17737 -8.05118e-17)
(0.255243 -0.298278 4.24846e-17)
(0.252526 -0.412657 -9.99818e-18)
(0.233014 -0.513402 3.24661e-17)
(0.195793 -0.596264 4.35162e-18)
(0.141533 -0.656362 3.07073e-17)
(0.073236 -0.686909 -5.85733e-18)
(-0.00631175 -0.684058 3.76974e-18)
(-0.139686 -0.00858115 0)
(-0.0915897 0.106717 0)
(0.00721887 0.0835123 -1.92854e-16)
(0.097239 -0.00590057 0)
(0.159683 -0.129975 1.89727e-16)
(0.188494 -0.250992 -1.88166e-16)
(0.194343 -0.360634 -4.16373e-17)
(0.184512 -0.455035 5.27848e-17)
(0.158736 -0.532463 0)
(0.117296 -0.587439 1.37227e-20)
(0.0634777 -0.612993 3.67234e-17)
(0.00152907 -0.605153 0)
(-0.144068 0.0373506 -7.45818e-16)
(-0.15531 0.175675 -7.87072e-16)
(-0.0929889 0.163033 5.83169e-17)
(0.00277705 0.0748635 0)
(0.0720855 -0.0446212 -7.15345e-17)
(0.111175 -0.168472 5.16974e-16)
(0.123778 -0.268543 -4.00654e-17)
(0.122773 -0.350103 -1.54639e-16)
(0.109078 -0.42105 1.54566e-17)
(0.0829945 -0.472014 -5.70292e-17)
(0.0501181 -0.49813 -1.38549e-16)
(0.000725854 -0.495034 1.41278e-17)
(-0.0238519 -1.39436 1.11619e-18)
(-0.293302 -1.46981 -1.16042e-18)
(-0.583248 -1.50584 1.15099e-18)
(-0.876162 -1.4997 9.15622e-18)
(-1.15242 -1.45347 8.4675e-18)
(-1.38854 -1.36713 -8.43756e-18)
(-1.55329 -1.24512 -4.73521e-18)
(-1.61099 -1.09274 -1.55451e-17)
(-1.53499 -0.925419 4.59137e-17)
(-1.31551 -0.758747 0)
(-0.906783 -0.577778 3.91334e-17)
(-0.378379 -0.417324 0)
(-0.0736323 -1.38608 1.15471e-18)
(-0.33153 -1.44809 0)
(-0.604658 -1.46768 0)
(-0.875951 -1.44128 1.43135e-19)
(-1.12218 -1.36739 -9.25075e-18)
(-1.31514 -1.25052 -2.45419e-17)
(-1.42404 -1.09943 -1.57593e-17)
(-1.42011 -0.929291 0)
(-1.27249 -0.755144 -2.53829e-17)
(-0.962822 -0.5987 8.10835e-18)
(-0.389685 -0.423745 2.68599e-17)
(0.216868 -0.408285 1.72879e-16)
(-0.113109 -1.34058 -1.17343e-18)
(-0.35421 -1.38367 1.17094e-18)
(-0.604923 -1.38093 8.34037e-18)
(-0.845959 -1.32806 -1.68871e-17)
(-1.05436 -1.22834 -1.48424e-17)
(-1.20287 -1.08851 -2.71905e-18)
(-1.26119 -0.920739 3.26126e-17)
(-1.20109 -0.7442 1.79426e-17)
(-0.992155 -0.578839 -2.81294e-17)
(-0.617667 -0.453804 0)
(-0.0505752 -0.342323 -7.49267e-17)
(0.336444 -0.388134 -1.62045e-19)
(-0.140322 -1.26406 2.34465e-18)
(-0.360247 -1.2849 0)
(-0.583688 -1.25779 -9.55047e-18)
(-0.791591 -1.18086 2.33802e-18)
(-0.961516 -1.05927 9.94714e-18)
(-1.0664 -0.901558 4.46966e-17)
(-1.07837 -0.724713 -2.84297e-17)
(-0.972112 -0.551962 -3.18833e-17)
(-0.72277 -0.408956 6.97053e-17)
(-0.331582 -0.331675 -4.27395e-17)
(0.125731 -0.329425 0)
(0.3801 -0.414336 -9.33769e-17)
(-0.154971 -1.16588 -2.36396e-18)
(-0.35102 -1.16367 0)
(-0.545219 -1.11305 0)
(-0.719083 -1.0146 7.33972e-18)
(-0.850907 -0.874544 2.55226e-17)
(-0.915419 -0.704071 -2.43138e-17)
(-0.888209 -0.524437 2.34945e-17)
(-0.748987 -0.362997 -2.65467e-17)
(-0.483733 -0.249903 -6.42312e-17)
(-0.121202 -0.22261 7.29856e-20)
(0.226157 -0.297521 7.34098e-17)
(0.426792 -0.39962 0)
(-0.157938 -1.05586 1.19503e-18)
(-0.328836 -1.03136 -4.86282e-18)
(-0.493323 -0.959261 0)
(-0.633731 -0.842119 0)
(-0.729521 -0.6869 -2.30207e-17)
(-0.758624 -0.508077 -1.89392e-17)
(-0.700781 -0.330072 0)
(-0.542609 -0.184259 2.65875e-17)
(-0.282445 -0.103565 2.41057e-17)
(0.0313335 -0.121356 5.20311e-17)
(0.301833 -0.242062 -1.37717e-16)
(0.445251 -0.372387 1.69158e-16)
(-0.150718 -0.942623 -3.69521e-26)
(-0.296254 -0.897982 6.20265e-18)
(-0.43168 -0.807075 -1.25193e-18)
(-0.540271 -0.674002 -2.50023e-18)
(-0.603284 -0.506777 5.17592e-18)
(-0.602759 -0.322898 1.90334e-17)
(-0.523026 -0.148866 0)
(-0.358315 -0.0192905 0)
(-0.116631 0.0324032 3.22003e-17)
(0.146366 -0.0200365 0)
(0.357793 -0.168879 5.08354e-17)
(0.444959 -0.321274 -1.48908e-16)
(-0.135129 -0.833178 2.63687e-18)
(-0.255766 -0.771331 5.26051e-18)
(-0.363436 -0.664638 1.04812e-17)
(-0.442569 -0.518418 0)
(-0.476744 -0.342009 2.66817e-18)
(-0.452311 -0.155033 -8.40693e-18)
(-0.358411 0.0149373 1.21319e-17)
(-0.196309 0.131068 -4.11942e-17)
(0.0208452 0.161472 -2.48351e-17)
(0.236384 0.086856 0)
(0.394838 -0.0811006 1.43998e-16)
(0.424048 -0.258325 1.8175e-16)
(-0.112989 -0.732371 -5.93185e-18)
(-0.20955 -0.656866 -5.85454e-18)
(-0.291039 -0.537662 -1.15585e-17)
(-0.343313 -0.381023 2.85743e-18)
(-0.352572 -0.197655 -3.17549e-20)
(-0.309257 -0.008147 -3.07111e-18)
(-0.207102 0.159683 0)
(-0.053352 0.26771 -4.35461e-20)
(0.13798 0.2864 -9.0749e-18)
(0.30918 0.201484 1.10822e-16)
(0.415364 0.0192884 -1.59494e-16)
(0.38638 -0.180792 -2.05247e-16)
(-0.0864892 -0.64203 3.69586e-18)
(-0.160073 -0.556764 -7.37677e-18)
(-0.217157 -0.428381 1.44315e-17)
(-0.245224 -0.263775 0)
(-0.2329 -0.0747499 0)
(-0.17428 0.118037 -2.24575e-17)
(-0.0674343 0.287014 2.39067e-17)
(0.0755839 0.393579 1.08284e-16)
(0.241997 0.40989 8.50119e-17)
(0.370344 0.32347 1.45339e-17)
(0.42226 0.129461 -2.43063e-17)
(0.332689 -0.0917611 0)
(-0.0600448 -0.556577 0)
(-0.113016 -0.465641 1.157e-17)
(-0.148848 -0.33085 -2.34622e-17)
(-0.15659 -0.159625 5.83777e-18)
(-0.124735 0.0349523 -5.91959e-18)
(-0.0510228 0.232545 4.86949e-17)
(0.0606364 0.405683 -4.8217e-17)
(0.196229 0.515634 -9.97082e-17)
(0.338365 0.537604 -1.14365e-16)
(0.422296 0.450399 -1.47194e-16)
(0.411068 0.256037 2.65278e-16)
(0.260681 0.0204069 -3.75522e-17)
(-0.0404624 -0.441524 2.8379e-17)
(-0.0730498 -0.350471 -5.9191e-17)
(-0.0885986 -0.212761 0)
(-0.0791845 -0.0386563 -1.49438e-16)
(-0.0306955 0.157959 -1.31737e-16)
(0.0550697 0.360137 0)
(0.167495 0.536817 2.35031e-17)
(0.287705 0.664853 -4.48967e-17)
(0.40736 0.671457 2.78496e-19)
(0.413752 0.559763 2.64254e-17)
(0.36364 0.383597 -5.32018e-16)
(0.222251 0.102303 0)
(0.07851 -0.619728 -7.52567e-17)
(-0.0293484 -0.609282 -3.4283e-17)
(-0.0289772 -0.65675 2.55043e-17)
(-0.0578256 -0.719728 0)
(-0.129305 -0.774728 1.69927e-17)
(-0.249403 -0.813877 4.09584e-18)
(-0.408781 -0.824642 -1.22006e-17)
(-0.594478 -0.796505 -6.17281e-18)
(-0.791491 -0.722974 -1.03745e-17)
(-0.982157 -0.598123 0)
(-1.15215 -0.428008 4.32227e-18)
(-1.29006 -0.215086 -1.10769e-18)
(0.0349726 -0.329561 0)
(0.00403293 -0.51233 3.81768e-17)
(-0.0117067 -0.600784 -2.62493e-17)
(-0.068422 -0.672723 0)
(-0.159879 -0.72271 1.31133e-17)
(-0.291156 -0.751525 4.23943e-18)
(-0.453144 -0.752199 -1.67249e-17)
(-0.634468 -0.717323 -4.37317e-20)
(-0.822103 -0.641822 0)
(-1.00158 -0.521185 0)
(-1.16101 -0.358786 0)
(-1.29058 -0.1565 -1.14374e-18)
(-0.0146146 -0.21874 0)
(0.00660224 -0.425417 2.40152e-17)
(-0.0166846 -0.546461 2.72521e-17)
(-0.0868529 -0.623304 0)
(-0.189691 -0.668882 -1.35415e-17)
(-0.32596 -0.689057 8.75605e-18)
(-0.486001 -0.681601 2.36785e-17)
(-0.659271 -0.641671 -4.35729e-18)
(-0.834399 -0.565431 -6.56257e-18)
(-0.999512 -0.449298 0)
(-1.1444 -0.29511 -4.53375e-18)
(-1.26012 -0.104435 1.14515e-18)
(-0.0585946 -0.134041 0)
(-0.00458179 -0.354021 -3.32671e-17)
(-0.0295672 -0.492601 -4.56685e-17)
(-0.105466 -0.571744 0)
(-0.214073 -0.613454 -4.70726e-18)
(-0.351169 -0.626792 -1.36253e-17)
(-0.50617 -0.613314 1.79366e-17)
(-0.668919 -0.570239 8.91451e-18)
(-0.829461 -0.494684 -4.24199e-20)
(-0.977856 -0.383838 1.12756e-18)
(-1.10514 -0.238815 3.98574e-18)
(-1.20295 -0.0612231 -5.83068e-19)
(-0.0960761 -0.0649623 4.94836e-17)
(-0.0178109 -0.290269 -1.74334e-17)
(-0.0421473 -0.437966 2.42764e-17)
(-0.119699 -0.51792 5.35941e-18)
(-0.230703 -0.556592 2.501e-17)
(-0.366028 -0.565014 -4.81496e-18)
(-0.514123 -0.547722 -3.5235e-17)
(-0.665002 -0.503498 -1.90667e-20)
(-0.809895 -0.430217 9.24676e-18)
(-0.940371 -0.325759 -1.16559e-17)
(-1.04835 -0.191081 0)
(-1.12603 -0.0280412 2.35679e-18)
(-0.12394 -0.00702519 0)
(-0.0263123 -0.229288 -9.26916e-18)
(-0.0496008 -0.381145 6.5683e-18)
(-0.12691 -0.461399 0)
(-0.238565 -0.498234 -1.6178e-17)
(-0.370739 -0.503795 -2.0615e-17)
(-0.511108 -0.484949 1.49561e-17)
(-0.649775 -0.441647 -2.44724e-18)
(-0.779 -0.372326 2.4397e-18)
(-0.891521 -0.275498 9.63244e-18)
(-0.97994 -0.152306 0)
(-1.03711 -0.00497934 -2.39281e-18)
(-0.139283 0.0416727 4.27117e-16)
(-0.025575 -0.168446 7.08089e-17)
(-0.0488183 -0.320592 9.48279e-21)
(-0.125522 -0.401414 6.44221e-18)
(-0.237307 -0.438004 2.38312e-17)
(-0.365889 -0.442914 2.81632e-17)
(-0.498559 -0.424785 -5.4519e-18)
(-0.625549 -0.384496 0)
(-0.740034 -0.320823 0)
(-0.835708 -0.232878 0)
(-0.905641 -0.12221 4.41852e-18)
(-0.94343 0.00864148 6.2544e-19)
(-0.139014 0.0818106 -3.97232e-16)
(-0.0126261 -0.106215 -1.03043e-16)
(-0.0376096 -0.254617 0)
(-0.11452 -0.336803 0)
(-0.22684 -0.375141 -4.78084e-17)
(-0.352086 -0.38177 2.56146e-17)
(-0.477693 -0.366626 -2.75926e-17)
(-0.594234 -0.331403 -2.95671e-17)
(-0.695716 -0.27504 2.87714e-18)
(-0.776588 -0.197209 -1.3916e-18)
(-0.830198 -0.0999308 -4.07914e-18)
(-0.850961 0.0140317 -2.67895e-18)
(-0.121074 0.114761 0)
(0.0144199 -0.041766 -1.37204e-17)
(-0.0141429 -0.181342 1.01864e-17)
(-0.0930333 -0.265802 9.07677e-18)
(-0.20704 -0.3083 3.32911e-17)
(-0.329594 -0.319367 -3.10693e-17)
(-0.449101 -0.309468 2.19985e-17)
(-0.556862 -0.281303 5.61163e-17)
(-0.647687 -0.233843 0)
(-0.716558 -0.167298 1.61529e-18)
(-0.756854 -0.0842021 -1.56441e-18)
(-0.763857 0.0126557 3.02966e-18)
(-0.0778638 0.135119 0)
(0.0548228 0.0253187 -1.80447e-17)
(0.0243373 -0.0993413 9.48678e-21)
(-0.0589014 -0.186689 1.13304e-16)
(-0.176549 -0.236378 -1.03491e-16)
(-0.297379 -0.254873 6.38309e-17)
(-0.411738 -0.252258 -5.02783e-18)
(-0.512534 -0.232842 -4.64566e-17)
(-0.595474 -0.195728 4.36107e-18)
(-0.655693 -0.141508 1.64187e-17)
(-0.686322 -0.0731967 0)
(-0.683511 0.0064118 3.78413e-18)
(-0.00849434 0.13995 0)
(0.106901 0.0920403 0)
(0.0839712 -0.00670444 0)
(-0.00517865 -0.096679 -1.77153e-16)
(-0.129114 -0.15923 3.58329e-16)
(-0.250074 -0.188108 -9.43239e-17)
(-0.359707 -0.194043 8.31965e-18)
(-0.454157 -0.184285 -7.58075e-18)
(-0.531653 -0.158611 0)
(-0.586739 -0.117221 -5.50857e-17)
(-0.612359 -0.0634174 2.91348e-17)
(-0.604537 -0.00144441 -7.38557e-18)
(0.0374191 0.144076 8.51869e-16)
(0.17587 0.155602 0)
(0.163422 0.0933768 -5.81392e-17)
(0.0755719 -0.0022224 5.92371e-16)
(-0.0437975 -0.0716711 -5.02675e-16)
(-0.167646 -0.11084 -1.03567e-16)
(-0.267726 -0.123504 2.20424e-16)
(-0.349347 -0.122539 -3.44643e-17)
(-0.420317 -0.108927 1.54841e-17)
(-0.471365 -0.0828991 1.14257e-16)
(-0.497528 -0.0500542 -6.93673e-17)
(-0.494427 -0.000682793 -2.8293e-17)
(-1.39514 0.0238816 -1.118e-18)
(-1.47063 0.29365 -1.16146e-18)
(-1.50672 0.583883 1.15182e-18)
(-1.50064 0.877058 0)
(-1.45447 1.15348 -1.05687e-17)
(-1.36817 1.38965 -6.31142e-18)
(-1.24619 1.55428 2.37506e-17)
(-1.09369 1.61157 1.55492e-17)
(-0.926129 1.53491 0)
(-0.75915 1.31472 -1.18273e-19)
(-0.577874 0.905531 -3.9167e-17)
(-0.417015 0.377138 -6.90842e-17)
(-1.38696 0.0737164 -2.32791e-18)
(-1.44904 0.331954 -1.16705e-18)
(-1.46869 0.605389 -8.09231e-18)
(-1.44235 0.876943 2.2737e-18)
(-1.3685 1.12333 6.91935e-18)
(-1.2516 1.31625 -2.45498e-17)
(-1.10041 1.42485 -1.55987e-17)
(-0.930128 1.42035 0)
(-0.755775 1.27197 0)
(-0.599073 0.961647 -2.43486e-17)
(-0.423868 0.388439 -1.34594e-17)
(-0.408215 -0.217042 -1.38396e-16)
(-1.34147 0.113249 5.79004e-19)
(-1.38465 0.354689 5.31343e-18)
(-1.38196 0.605711 9.41476e-18)
(-1.32911 0.846991 0)
(-1.22933 1.05546 -7.45563e-18)
(-1.08943 1.20383 3.3332e-17)
(-0.921543 1.26173 -1.63795e-17)
(-0.744895 1.20099 0)
(-0.579423 0.991297 0)
(-0.454256 0.616365 0)
(-0.342646 0.04962 0)
(-0.38821 -0.336401 1.14281e-16)
(-1.26483 0.140518 0)
(-1.28576 0.360766 -3.52654e-18)
(-1.25868 0.584491 -1.20423e-18)
(-1.18171 0.792577 2.43212e-18)
(-1.06003 0.962501 4.96392e-18)
(-0.902213 1.06716 -2.36104e-17)
(-0.725272 1.07863 5.64599e-18)
(-0.552491 0.971714 0)
(-0.409496 0.721697 -3.09627e-17)
(-0.332205 0.330355 3.20711e-17)
(-0.329999 -0.126313 -6.08707e-17)
(-0.414507 -0.379993 -9.32812e-17)
(-1.16646 0.155204 1.78646e-18)
(-1.16431 0.351546 5.99119e-19)
(-1.11368 0.545979 0)
(-1.01515 0.719971 -2.45352e-18)
(-0.874967 0.851724 -1.53532e-17)
(-0.704384 0.915949 -2.71992e-18)
(-0.524702 0.888196 -3.06031e-20)
(-0.363326 0.748358 -2.65893e-17)
(-0.250371 0.482561 2.41819e-17)
(-0.223173 0.120141 -3.17982e-17)
(-0.298096 -0.226552 7.36802e-17)
(-0.399792 -0.426804 -2.58626e-20)
(-1.05618 0.1582 -2.99497e-18)
(-1.03171 0.329344 1.82181e-18)
(-0.959565 0.494014 -1.23304e-18)
(-0.842303 0.634485 2.47524e-18)
(-0.686933 0.730135 2.04778e-17)
(-0.508008 0.758917 2.65861e-18)
(-0.330007 0.700521 1.75707e-17)
(-0.184348 0.541819 4.66275e-17)
(-0.103923 0.281253 8.08237e-18)
(-0.121871 -0.0322591 0)
(-0.242573 -0.302209 0)
(-0.372627 -0.445289 8.44166e-17)
(-0.942678 0.150984 -1.85173e-26)
(-0.898031 0.296715 -3.74937e-18)
(-0.807028 0.432268 -1.12857e-17)
(-0.673801 0.540865 0)
(-0.506402 0.603688 0)
(-0.322434 0.602821 -5.41558e-18)
(-0.148448 0.522562 5.94971e-18)
(-0.0191077 0.357417 -5.35051e-17)
(0.0322115 0.115458 -4.02973e-17)
(-0.020416 -0.147221 2.10872e-17)
(-0.169283 -0.358185 1.1939e-16)
(-0.321496 -0.445065 1.70485e-16)
(-0.832977 0.135387 1.98407e-18)
(-0.771087 0.256167 7.22544e-18)
(-0.664252 0.363907 1.96539e-17)
(-0.517848 0.442994 -2.09694e-17)
(-0.341243 0.476934 -1.88548e-17)
(-0.154186 0.452171 -8.4178e-18)
(0.0156974 0.357774 6.12173e-18)
(0.131549 0.19536 2.74748e-17)
(0.16149 -0.0219964 9.97751e-17)
(0.0866725 -0.2372 8.86896e-17)
(-0.0813659 -0.395225 3.87209e-19)
(-0.258564 -0.424168 5.79682e-19)
(-0.731954 0.113219 -2.9678e-18)
(-0.656366 0.209866 -5.88129e-18)
(-0.536977 0.291376 -1.15777e-17)
(-0.380133 0.343553 4.31324e-17)
(-0.196539 0.352577 2.34599e-17)
(-0.00696986 0.308914 3.07466e-18)
(0.16077 0.206372 -2.6304e-17)
(0.268482 0.0523511 0)
(0.286655 -0.13907 1.30673e-19)
(0.201526 -0.309962 -1.9709e-16)
(0.0191547 -0.415748 -1.79863e-16)
(-0.180977 -0.386483 2.62532e-17)
(-0.641451 0.0866779 0)
(-0.556067 0.160291 9.20506e-18)
(-0.427467 0.217351 -1.62583e-17)
(-0.262634 0.245279 -2.83251e-17)
(-0.0733609 0.23275 -2.52038e-17)
(0.119485 0.173752 -1.11434e-17)
(0.288383 0.066677 3.6198e-20)
(0.394604 -0.0766248 -6.31911e-17)
(0.410396 -0.242999 -1.80608e-16)
(0.323703 -0.371064 1.28432e-16)
(0.129443 -0.42263 0)
(-0.0918708 -0.33276 -5.07765e-16)
(-0.555895 0.0601615 0)
(-0.464817 0.113119 -2.03395e-17)
(-0.329784 0.148891 2.05435e-17)
(-0.158314 0.156501 -5.84272e-18)
(0.03653 0.124422 1.00277e-16)
(0.234214 0.0503678 4.89494e-17)
(0.407236 -0.0614316 4.82118e-17)
(0.516904 -0.197269 9.97121e-17)
(0.53831 -0.339273 1.14413e-16)
(0.450786 -0.422888 0)
(0.256154 -0.411339 0)
(0.0203365 -0.260709 3.01497e-16)
(-0.440806 0.0404883 -1.42068e-17)
(-0.349592 0.0730313 1.25853e-16)
(-0.211615 0.0885093 5.647e-17)
(-0.0372699 0.0790036 1.49745e-16)
(0.159628 0.0302826 -1.31227e-16)
(0.361975 -0.0557907 -2.66487e-17)
(0.53843 -0.168197 2.38716e-17)
(0.666419 -0.288656 -2.22568e-17)
(0.672119 -0.407926 3.31001e-17)
(0.56017 -0.414082 0)
(0.383699 -0.363814 0)
(0.102311 -0.222197 6.39225e-16)
(-0.620016 -0.0796795 0)
(-0.609476 0.0284264 -3.41589e-17)
(-0.656779 0.0280361 5.11637e-18)
(-0.719651 0.0568721 0)
(-0.774596 0.128282 0)
(-0.813714 0.248247 4.09711e-18)
(-0.824457 0.407393 6.04053e-18)
(-0.796274 0.592771 -2.05422e-18)
(-0.722719 0.789403 8.25997e-18)
(-0.597939 0.979679 0)
(-0.428089 1.14937 4.3092e-18)
(-0.215376 1.28694 1.11945e-18)
(-0.330213 -0.0360433 0)
(-0.512702 -0.00482104 0)
(-0.600987 0.0109442 -2.10405e-17)
(-0.672815 0.0676648 0)
(-0.722755 0.159068 -4.34815e-18)
(-0.751566 0.290221 8.44538e-18)
(-0.752254 0.451993 -2.09023e-17)
(-0.717364 0.633031 -2.08244e-18)
(-0.641842 0.820328 2.13804e-18)
(-0.521242 0.999488 8.69956e-18)
(-0.359021 1.15868 0)
(-0.156757 1.28797 -1.12761e-18)
(-0.219578 0.0136746 0)
(-0.425954 -0.00727571 -7.9903e-18)
(-0.54682 0.0160922 3.27274e-17)
(-0.623556 0.0863006 -4.81426e-18)
(-0.6691 0.189116 0)
(-0.6893 0.325288 -1.31415e-17)
(-0.68189 0.485153 3.01213e-17)
(-0.641974 0.6582 0)
(-0.565712 0.833076 0)
(-0.449587 0.997938 -7.71172e-18)
(-0.295464 1.14269 3.38818e-18)
(-0.104653 1.2582 1.15355e-18)
(-0.134941 0.0577431 0)
(-0.354669 0.0040211 0)
(-0.493086 0.0291374 -2.28816e-17)
(-0.572132 0.105122 5.02949e-18)
(-0.613829 0.213745 -4.73816e-18)
(-0.627217 0.350786 4.09734e-17)
(-0.613817 0.505667 -4.4422e-18)
(-0.570772 0.668278 1.11526e-17)
(-0.495199 0.828661 -1.12251e-17)
(-0.384316 0.976921 9.05888e-18)
(-0.239272 1.10415 -4.55244e-18)
(-0.0613936 1.20183 -1.1535e-18)
(-0.065865 0.0953162 0)
(-0.290979 0.0173687 3.4883e-17)
(-0.438546 0.0418781 2.43051e-17)
(-0.51842 0.119562 0)
(-0.557099 0.230622 -1.5051e-17)
(-0.565592 0.365942 -2.87986e-17)
(-0.548403 0.513984 -3.05057e-17)
(-0.504219 0.664818 7.00265e-18)
(-0.430922 0.809662 9.24642e-18)
(-0.326389 0.940097 -9.25186e-18)
(-0.191601 1.04813 0)
(-0.0281674 1.12575 0)
(-0.00788464 0.123294 0)
(-0.230027 0.0259915 -3.71888e-17)
(-0.381789 0.0494898 6.56813e-18)
(-0.461983 0.126972 -5.81305e-18)
(-0.498841 0.238722 2.15838e-17)
(-0.504492 0.370943 5.12922e-18)
(-0.485764 0.511329 1.49508e-17)
(-0.442509 0.650045 -4.16984e-17)
(-0.373168 0.779324 2.43504e-18)
(-0.276229 0.891916 -1.1993e-18)
(-0.152871 0.980465 1.20258e-18)
(-0.0050646 1.03763 0)
(0.0408814 0.138761 0)
(-0.169185 0.0253785 -8.10589e-17)
(-0.321274 0.0488605 0)
(-0.402055 0.125772 -2.5799e-17)
(-0.43868 0.237683 1.79146e-17)
(-0.443692 0.366363 3.38607e-17)
(-0.425689 0.499118 -2.74306e-18)
(-0.385447 0.626249 1.84907e-17)
(-0.32175 0.740887 0)
(-0.233668 0.836716 -1.26955e-18)
(-0.122781 0.906854 1.26058e-18)
(0.00858665 0.944676 0)
(0.0811077 0.138627 0)
(-0.106929 0.0125541 -1.14069e-17)
(-0.255313 0.037795 8.38356e-18)
(-0.337473 0.11494 -2.97407e-17)
(-0.375854 0.227411 -5.47031e-17)
(-0.382587 0.352801 -1.92556e-17)
(-0.367573 0.478558 -6.142e-18)
(-0.33239 0.595325 -2.65841e-17)
(-0.276002 0.697045 2.8734e-18)
(-0.198009 0.778157 -1.25441e-17)
(-0.100509 0.83202 1.3647e-18)
(0.0139981 0.852847 0)
(0.114164 0.12082 -4.95997e-16)
(-0.0424357 -0.0143731 1.0998e-16)
(-0.182016 0.0144591 -7.14649e-17)
(-0.266481 0.0935964 -9.10217e-18)
(-0.30901 0.207777 3.33754e-17)
(-0.320194 0.330509 7.74511e-18)
(-0.310402 0.450233 -7.36542e-18)
(-0.282291 0.558294 -1.83213e-20)
(-0.234785 0.649438 0)
(-0.16809 0.718607 1.29252e-17)
(-0.0847555 0.759204 0)
(0.0126272 0.766284 0)
(0.134667 0.0778016 5.26933e-16)
(0.0247185 -0.0546841 -1.62755e-16)
(-0.0999592 -0.0239128 1.25874e-16)
(-0.187353 0.0595714 1.00997e-16)
(-0.237052 0.177413 1.15018e-17)
(-0.255681 0.298442 4.25486e-17)
(-0.253131 0.413091 -4.4935e-17)
(-0.233798 0.514252 2.78566e-17)
(-0.196608 0.597582 4.35652e-18)
(-0.142267 0.658149 1.63944e-17)
(-0.0737263 0.689113 -7.81454e-18)
(0.00638448 0.686392 0)
(0.139618 0.00856022 0)
(0.091542 -0.10669 2.35667e-16)
(-0.00722639 -0.0834954 -2.17098e-16)
(-0.0972883 0.00591731 4.43464e-17)
(-0.159847 0.130039 -4.22216e-17)
(-0.188852 0.251237 -7.53758e-17)
(-0.194835 0.361212 9.17906e-17)
(-0.185159 0.456081 -7.57594e-18)
(-0.159412 0.534029 0)
(-0.117922 0.589513 -2.58792e-17)
(-0.0639007 0.61551 3.67117e-17)
(-0.00147221 0.607791 0)
(0.143985 -0.0373266 -8.52384e-16)
(0.155227 -0.17558 6.3014e-16)
(0.0929539 -0.162953 4.66526e-16)
(-0.00281028 -0.0748126 0)
(-0.0721616 0.0446663 -5.74789e-16)
(-0.111427 0.168826 -3.62462e-16)
(-0.124115 0.269277 1.19982e-16)
(-0.123204 0.351348 -1.71668e-17)
(-0.10954 0.422797 1.54483e-17)
(-0.0834388 0.474278 0)
(-0.0504345 0.500874 2.30097e-20)
(-0.000631678 0.497952 1.40948e-17)
)
;

boundaryField
{
    rotor
    {
        type            noSlip;
    }
    stator
    {
        type            noSlip;
    }
    front
    {
        type            empty;
    }
    back
    {
        type            empty;
    }
}


// ************************************************************************* //
