/*--------------------------------*- C++ -*----------------------------------*\
| =========                 |                                                 |
| \\      /  F ield         | OpenFOAM: The Open Source CFD Toolbox           |
|  \\    /   O peration     | Version:  v1912                                 |
|   \\  /    A nd           | Website:  www.openfoam.com                      |
|    \\/     M anipulation  |                                                 |
\*---------------------------------------------------------------------------*/
FoamFile
{
    version     2.0;
    format      ascii;
    class       surfaceScalarField;
    location    "200";
    object      phi;
}
// * * * * * * * * * * * * * * * * * * * * * * * * * * * * * * * * * * * * * //

dimensions      [0 3 -1 0 0 0 0];
oriented        oriented;


internalField   nonuniform List<scalar> 
5952
(
6.12192e-06
-6.13221e-06
1.04736e-05
-4.35017e-06
1.34203e-05
-2.94649e-06
1.3311e-05
1.12475e-07
8.78986e-06
4.52029e-06
-1.39949e-07
8.93234e-06
-1.79159e-05
1.77745e-05
-3.68959e-05
1.89809e-05
-5.12564e-05
1.43594e-05
-6.28406e-05
1.15843e-05
-7.1454e-05
8.61251e-06
6.16386e-06
-7.76183e-05
2.70269e-06
-8.8342e-06
3.14515e-06
-4.79116e-06
-6.70401e-07
8.69662e-07
-9.87095e-06
9.31413e-06
-2.40924e-05
1.87419e-05
-3.9177e-05
2.40174e-05
-4.67533e-05
2.53506e-05
-5.07065e-05
2.29345e-05
-5.50098e-05
1.86624e-05
-5.87327e-05
1.53071e-05
-6.16549e-05
1.15342e-05
8.20226e-06
-6.36936e-05
-8.30513e-07
-8.00288e-06
-4.72004e-06
-9.00704e-07
-1.31764e-05
9.32636e-06
-2.40737e-05
2.0212e-05
-3.2664e-05
2.73322e-05
-3.78938e-05
2.92477e-05
-4.06235e-05
2.80803e-05
-4.2511e-05
2.48222e-05
-4.46036e-05
2.07549e-05
-4.62009e-05
1.69044e-05
-4.76411e-05
1.29741e-05
9.35201e-06
-4.87911e-05
-4.54992e-06
-3.45185e-06
-1.08898e-05
5.43999e-06
-1.79516e-05
1.63885e-05
-2.41273e-05
2.63883e-05
-2.80234e-05
3.12285e-05
-3.02984e-05
3.1523e-05
-3.1558e-05
2.934e-05
-3.23783e-05
2.56426e-05
-3.31667e-05
2.15433e-05
-3.38753e-05
1.76128e-05
-3.4664e-05
1.37626e-05
1.00631e-05
-3.53754e-05
-5.51932e-06
2.0693e-06
-1.09861e-05
1.09078e-05
-1.55898e-05
2.09927e-05
-1.86645e-05
2.94637e-05
-2.02911e-05
3.28553e-05
-2.08813e-05
3.21137e-05
-2.08019e-05
2.92605e-05
-2.07702e-05
2.56111e-05
-2.09638e-05
2.17367e-05
-2.12952e-05
1.79442e-05
-2.17405e-05
1.42076e-05
1.05296e-05
-2.22071e-05
-4.84893e-06
6.92015e-06
-8.76099e-06
1.48208e-05
-1.12416e-05
2.34743e-05
-1.20661e-05
3.02888e-05
-1.17679e-05
3.25579e-05
-1.08307e-05
3.11766e-05
-9.91568e-06
2.83459e-05
-9.27464e-06
2.49697e-05
-8.97104e-06
2.14332e-05
-8.9371e-06
1.79098e-05
-9.11143e-06
1.43818e-05
1.08259e-05
-9.40828e-06
-3.7202e-06
1.0642e-05
-6.25877e-06
1.7361e-05
-6.7901e-06
2.40064e-05
-5.54883e-06
2.9049e-05
-3.36764e-06
3.03772e-05
-1.17223e-06
2.89821e-05
6.47519e-07
2.6526e-05
1.96434e-06
2.36533e-05
2.78293e-06
2.06142e-05
3.18951e-06
1.75032e-05
3.27141e-06
1.42994e-05
1.09726e-05
3.12455e-06
-3.44426e-06
1.40883e-05
-4.70719e-06
1.86254e-05
-3.36578e-06
2.26667e-05
5.41433e-08
2.56303e-05
4.1073e-06
2.63252e-05
7.73682e-06
2.53532e-05
1.06355e-05
2.36278e-05
1.27584e-05
2.15304e-05
1.41707e-05
1.92019e-05
1.49941e-05
1.66796e-05
1.53545e-05
1.39387e-05
1.09553e-05
1.53714e-05
-3.38891e-06
1.74807e-05
-3.64577e-06
1.88843e-05
-2.6647e-07
1.92892e-05
5.13828e-06
2.0227e-05
1.09161e-05
2.05487e-05
1.60021e-05
2.02681e-05
2.00663e-05
1.95643e-05
2.30872e-05
1.85098e-05
2.51663e-05
1.7123e-05
2.64568e-05
1.53891e-05
2.71295e-05
1.32659e-05
1.07477e-05
2.73369e-05
-4.57386e-06
2.20547e-05
-1.66434e-06
1.5976e-05
4.76778e-06
1.28581e-05
1.20034e-05
1.29925e-05
1.90203e-05
1.35327e-05
2.5093e-05
1.41962e-05
2.9972e-05
1.46857e-05
3.36516e-05
1.48305e-05
3.62391e-05
1.45355e-05
3.78908e-05
1.37373e-05
3.88036e-05
1.23528e-05
1.03967e-05
3.91545e-05
3.80549e-07
2.16757e-05
8.47416e-06
7.88292e-06
1.71775e-05
4.15549e-06
2.51833e-05
4.98761e-06
3.21497e-05
6.56716e-06
3.79716e-05
8.37504e-06
4.26165e-05
1.00413e-05
4.61194e-05
1.1328e-05
4.85807e-05
1.20744e-05
5.01227e-05
1.21954e-05
5.09381e-05
1.15372e-05
1.0145e-05
5.11896e-05
2.606e-05
-4.38501e-06
3.6447e-05
-2.5045e-06
4.30307e-05
-2.42834e-06
4.8553e-05
-5.34717e-07
5.30594e-05
2.06087e-06
5.675e-05
4.68461e-06
5.96752e-05
7.11621e-06
6.1824e-05
9.17921e-06
6.32204e-05
1.0678e-05
6.39122e-05
1.15035e-05
6.40644e-05
1.13849e-05
6.37858e-05
1.04232e-05
-8.14717e-05
3.85276e-06
-8.32318e-05
1.75936e-06
-8.30124e-05
-2.20068e-07
-8.09936e-05
-2.01959e-06
-7.71894e-05
-3.80491e-06
-7.14683e-05
-5.72188e-06
-6.37195e-05
-7.74954e-06
-5.37569e-05
-9.96335e-06
-4.14034e-05
-1.23542e-05
-2.67313e-05
-1.4673e-05
-1.10995e-05
-1.56339e-05
-1.11003e-05
-6.49299e-05
5.0885e-06
-6.53965e-05
2.22542e-06
-6.51279e-05
-4.89294e-07
-6.4011e-05
-3.13723e-06
-6.18802e-05
-5.93654e-06
-5.86333e-05
-8.96955e-06
-5.40766e-05
-1.23071e-05
-4.80202e-05
-1.60207e-05
-4.02004e-05
-2.0175e-05
-3.02827e-05
-2.45917e-05
-1.77464e-05
-2.81716e-05
-2.88471e-05
-4.96406e-05
5.9376e-06
-5.00835e-05
2.66783e-06
-4.99884e-05
-5.84939e-07
-4.91899e-05
-3.93626e-06
-4.76235e-05
-7.50364e-06
-4.52066e-05
-1.13871e-05
-4.18355e-05
-1.56791e-05
-3.73869e-05
-2.04702e-05
-3.17274e-05
-2.58354e-05
-2.43852e-05
-3.19347e-05
-1.44561e-05
-3.81017e-05
-4.33035e-05
-3.59083e-05
6.47021e-06
-3.61518e-05
2.91099e-06
-3.6014e-05
-7.23072e-07
-3.54219e-05
-4.52881e-06
-3.43249e-05
-8.60108e-06
-3.26631e-05
-1.30495e-05
-3.03759e-05
-1.79669e-05
-2.74061e-05
-2.34409e-05
-2.3564e-05
-2.96782e-05
-1.85194e-05
-3.69799e-05
-1.13597e-05
-4.5262e-05
-5.46637e-05
-2.26056e-05
6.86841e-06
-2.28502e-05
3.15543e-06
-2.28756e-05
-6.98019e-07
-2.26341e-05
-4.77076e-06
-2.20898e-05
-9.14579e-06
-2.12033e-05
-1.39366e-05
-1.99401e-05
-1.92307e-05
-1.82343e-05
-2.51472e-05
-1.59533e-05
-3.196e-05
-1.29185e-05
-4.00156e-05
-8.05105e-06
-5.01309e-05
-6.27153e-05
-9.742e-06
7.20194e-06
-1.0041e-05
3.45391e-06
-1.02549e-05
-4.84511e-07
-1.03519e-05
-4.67444e-06
-1.03141e-05
-9.1842e-06
-1.01451e-05
-1.41065e-05
-9.83128e-06
-1.95453e-05
-9.33288e-06
-2.56467e-05
-8.61755e-06
-3.26768e-05
-7.54048e-06
-4.10939e-05
-5.40604e-06
-5.22667e-05
-6.81226e-05
2.83844e-06
7.48745e-06
2.48207e-06
3.80983e-06
2.0963e-06
-9.952e-08
1.69743e-06
-4.27636e-06
1.2778e-06
-8.76569e-06
8.14323e-07
-1.3644e-05
2.87346e-07
-1.90197e-05
-3.13071e-07
-2.50477e-05
-9.87393e-07
-3.20032e-05
-1.67955e-06
-4.0404e-05
-2.15292e-06
-5.17958e-05
-7.02762e-05
1.51524e-05
7.70615e-06
1.47727e-05
4.18896e-06
1.42717e-05
4.00787e-07
1.3654e-05
-3.6596e-06
1.28895e-05
-8.00212e-06
1.19236e-05
-1.26795e-05
1.06873e-05
-1.77844e-05
9.1016e-06
-2.34629e-05
7.07302e-06
-2.99766e-05
4.53223e-06
-3.7864e-05
1.63519e-06
-4.89002e-05
-6.86426e-05
2.72181e-05
7.82459e-06
2.68643e-05
4.54221e-06
2.63217e-05
9.42721e-07
2.55915e-05
-2.93031e-06
2.4628e-05
-7.03973e-06
2.3348e-05
-1.14004e-05
2.16294e-05
-1.60668e-05
1.93199e-05
-2.11545e-05
1.61963e-05
-2.68531e-05
1.19845e-05
-3.36539e-05
6.53671e-06
-4.34548e-05
-6.21062e-05
3.91226e-05
7.85603e-06
3.88149e-05
4.84944e-06
3.82868e-05
1.47012e-06
3.75437e-05
-2.18802e-06
3.65358e-05
-6.03275e-06
3.51624e-05
-1.00278e-05
3.32566e-05
-1.41617e-05
3.05963e-05
-1.84944e-05
2.67879e-05
-2.30458e-05
2.13165e-05
-2.81829e-05
1.32256e-05
-3.53643e-05
-4.88815e-05
5.10907e-05
7.95451e-06
5.07496e-05
5.18988e-06
5.02242e-05
1.9948e-06
4.95251e-05
-1.4899e-06
4.86079e-05
-5.11632e-06
4.7373e-05
-8.79357e-06
4.56383e-05
-1.24275e-05
4.31368e-05
-1.59933e-05
3.93072e-05
-1.9216e-05
3.33437e-05
-2.22199e-05
2.2557e-05
-2.45782e-05
-2.63236e-05
6.33243e-05
8.41571e-06
6.27634e-05
5.75026e-06
6.21535e-05
2.60416e-06
6.15095e-05
-8.4651e-07
6.07953e-05
-4.40251e-06
5.99257e-05
-7.9243e-06
5.87444e-05
-1.12464e-05
5.70107e-05
-1.42595e-05
5.41646e-05
-1.637e-05
4.90621e-05
-1.71171e-05
3.75648e-05
-1.30802e-05
1.12407e-05
6.13287e-06
-6.13095e-06
1.04659e-05
-4.33177e-06
1.34101e-05
-2.94413e-06
1.33316e-05
8.01387e-08
8.86348e-06
4.46718e-06
-2.13282e-09
8.86714e-06
-1.76951e-05
1.76921e-05
-3.67057e-05
1.90115e-05
-5.10952e-05
1.43889e-05
-6.27024e-05
1.16077e-05
-7.13353e-05
8.6324e-06
6.18093e-06
-7.75162e-05
2.70995e-06
-8.83938e-06
3.20607e-06
-4.82601e-06
-5.47493e-07
8.10152e-07
-9.65544e-06
9.1888e-06
-2.38443e-05
1.8656e-05
-3.89787e-05
2.4002e-05
-4.66501e-05
2.53634e-05
-5.06146e-05
2.29765e-05
-5.49231e-05
1.86973e-05
-5.86526e-05
1.53374e-05
-6.15818e-05
1.15615e-05
8.22452e-06
-6.36254e-05
-7.79615e-07
-8.05767e-06
-4.60025e-06
-1.0036e-06
-1.29918e-05
9.20249e-06
-2.39195e-05
2.01172e-05
-3.25709e-05
2.73077e-05
-3.78259e-05
2.92575e-05
-4.05714e-05
2.8109e-05
-4.24563e-05
2.48618e-05
-4.45492e-05
2.07902e-05
-4.61488e-05
1.69373e-05
-4.75897e-05
1.30023e-05
9.37507e-06
-4.87403e-05
-4.50991e-06
-3.54481e-06
-1.0814e-05
5.30242e-06
-1.7878e-05
1.62673e-05
-2.40812e-05
2.63214e-05
-2.7988e-05
3.12149e-05
-3.0269e-05
3.15392e-05
-3.15324e-05
2.93726e-05
-3.2351e-05
2.56809e-05
-3.31379e-05
2.15769e-05
-3.38425e-05
1.76421e-05
-3.46277e-05
1.37873e-05
1.00845e-05
-3.53371e-05
-5.48042e-06
1.93937e-06
-1.09483e-05
1.07717e-05
-1.55608e-05
2.08813e-05
-1.8657e-05
2.94183e-05
-2.02905e-05
3.28498e-05
-2.08852e-05
3.21341e-05
-2.08008e-05
2.92893e-05
-2.07609e-05
2.56406e-05
-2.09474e-05
2.17642e-05
-2.1274e-05
1.7968e-05
-2.17151e-05
1.42288e-05
1.05484e-05
-2.21796e-05
-4.85171e-06
6.79291e-06
-8.77038e-06
1.46922e-05
-1.12625e-05
2.33742e-05
-1.20897e-05
3.02477e-05
-1.17936e-05
3.25539e-05
-1.08492e-05
3.11918e-05
-9.92686e-06
2.83665e-05
-9.27655e-06
2.49917e-05
-8.96662e-06
2.14534e-05
-8.92659e-06
1.79288e-05
-9.09763e-06
1.43988e-05
1.08424e-05
-9.39134e-06
-3.74194e-06
1.05375e-05
-6.29925e-06
1.72512e-05
-6.84243e-06
2.39192e-05
-5.59632e-06
2.90029e-05
-3.40919e-06
3.03688e-05
-1.20405e-06
2.89874e-05
6.26002e-07
2.65377e-05
1.951e-06
2.36667e-05
2.77696e-06
2.0628e-05
3.18846e-06
1.75169e-05
3.27433e-06
1.4313e-05
1.09863e-05
3.12983e-06
-3.47914e-06
1.40204e-05
-4.76665e-06
1.85411e-05
-3.43818e-06
2.25935e-05
-1.44455e-08
2.55812e-05
4.05181e-06
2.63042e-05
7.69368e-06
2.53469e-05
1.0603e-05
2.36293e-05
1.27346e-05
2.15357e-05
1.41536e-05
1.92091e-05
1.4982e-05
1.66885e-05
1.5346e-05
1.39487e-05
1.09666e-05
1.53654e-05
-3.4286e-06
1.74505e-05
-3.71051e-06
1.88257e-05
-3.43187e-07
1.92269e-05
5.06255e-06
2.01777e-05
1.08506e-05
2.05179e-05
1.59482e-05
2.02508e-05
2.00228e-05
1.95558e-05
2.30522e-05
1.85071e-05
2.51378e-05
1.7124e-05
2.64334e-05
1.5393e-05
2.71098e-05
1.32724e-05
1.07566e-05
2.73196e-05
-4.59688e-06
2.20506e-05
-1.70652e-06
1.5936e-05
4.70886e-06
1.28151e-05
1.19367e-05
1.29509e-05
1.89556e-05
1.35005e-05
2.50344e-05
1.4173e-05
2.99209e-05
1.46703e-05
3.36073e-05
1.48214e-05
3.62007e-05
1.4531e-05
3.78571e-05
1.37366e-05
3.87736e-05
1.23558e-05
1.0403e-05
3.9127e-05
3.78245e-07
2.16731e-05
8.45253e-06
7.86393e-06
1.71373e-05
4.12904e-06
2.51326e-05
4.95713e-06
3.20951e-05
6.53919e-06
3.79177e-05
8.35151e-06
4.25656e-05
1.00232e-05
4.60724e-05
1.13152e-05
4.85376e-05
1.20663e-05
5.00829e-05
1.21915e-05
5.09012e-05
1.15375e-05
1.01491e-05
5.11547e-05
2.60625e-05
-4.38888e-06
3.64376e-05
-2.51241e-06
4.3009e-05
-2.44006e-06
4.85206e-05
-5.54435e-07
5.30203e-05
2.03963e-06
5.67078e-05
4.66436e-06
5.96323e-05
7.09889e-06
6.17817e-05
9.16602e-06
6.31792e-05
1.06689e-05
6.38721e-05
1.14986e-05
6.40254e-05
1.13839e-05
6.37479e-05
1.04264e-05
-8.1383e-05
3.86636e-06
-8.31539e-05
1.77076e-06
-8.29426e-05
-2.11756e-07
-8.09306e-05
-2.01236e-06
-7.71329e-05
-3.79815e-06
-7.14181e-05
-5.7152e-06
-6.36764e-05
-7.74211e-06
-5.37219e-05
-9.95495e-06
-4.13778e-05
-1.23444e-05
-2.67167e-05
-1.46615e-05
-1.10979e-05
-1.56197e-05
-1.10983e-05
-6.4866e-05
5.10676e-06
-6.53357e-05
2.24027e-06
-6.50712e-05
-4.76608e-07
-6.39588e-05
-3.12508e-06
-6.18332e-05
-5.92421e-06
-5.8592e-05
-8.9567e-06
-5.40414e-05
-1.22932e-05
-4.79911e-05
-1.60056e-05
-4.01772e-05
-2.01588e-05
-3.02649e-05
-2.45743e-05
-1.77312e-05
-2.8154e-05
-2.88297e-05
-4.95907e-05
5.95699e-06
-5.00352e-05
2.68471e-06
-4.9943e-05
-5.69044e-07
-4.9148e-05
-3.92033e-06
-4.75856e-05
-7.48697e-06
-4.51733e-05
-1.13693e-05
-4.18069e-05
-1.566e-05
-3.73632e-05
-2.04497e-05
-3.17091e-05
-2.58134e-05
-2.43724e-05
-3.19114e-05
-1.44492e-05
-3.80776e-05
-4.32792e-05
-3.58695e-05
6.48915e-06
-3.61136e-05
2.92871e-06
-3.59774e-05
-7.05514e-07
-3.53875e-05
-4.5104e-06
-3.42935e-05
-8.5813e-06
-3.26352e-05
-1.30279e-05
-3.03519e-05
-1.79436e-05
-2.73865e-05
-2.34155e-05
-2.35492e-05
-2.96511e-05
-1.85094e-05
-3.69517e-05
-1.13536e-05
-4.52338e-05
-5.46332e-05
-2.25766e-05
6.88629e-06
-2.28213e-05
3.17287e-06
-2.28473e-05
-6.79619e-07
-2.26074e-05
-4.75088e-06
-2.20652e-05
-9.12376e-06
-2.11814e-05
-1.39122e-05
-1.99214e-05
-1.92039e-05
-1.82193e-05
-2.51182e-05
-1.59421e-05
-3.19288e-05
-1.29111e-05
-3.99833e-05
-8.0482e-06
-5.00982e-05
-6.26818e-05
-9.72389e-06
7.21796e-06
-1.0022e-05
3.47081e-06
-1.02363e-05
-4.66136e-07
-1.0334e-05
-4.65367e-06
-1.02979e-05
-9.1608e-06
-1.01307e-05
-1.40801e-05
-9.81943e-06
-1.95162e-05
-9.32364e-06
-2.56147e-05
-8.6112e-06
-3.26424e-05
-7.53739e-06
-4.10589e-05
-5.40492e-06
-5.22313e-05
-6.80882e-05
2.8455e-06
7.50195e-06
2.48988e-06
3.82564e-06
2.10439e-06
-8.13948e-08
1.70511e-06
-4.25545e-06
1.28475e-06
-8.74149e-06
8.19953e-07
-1.36166e-05
2.9159e-07
-1.89889e-05
-3.10664e-07
-2.50138e-05
-9.8735e-07
-3.19671e-05
-1.6805e-06
-4.03663e-05
-2.15502e-06
-5.17602e-05
-7.02434e-05
1.51479e-05
7.71892e-06
1.47692e-05
4.20378e-06
1.42686e-05
4.18245e-07
1.36511e-05
-3.63882e-06
1.28863e-05
-7.97782e-06
1.19201e-05
-1.26514e-05
1.0683e-05
-1.7753e-05
9.09667e-06
-2.34283e-05
7.06813e-06
-2.99393e-05
4.52658e-06
-3.78271e-05
1.63163e-06
-4.8865e-05
-6.86131e-05
2.72024e-05
7.8357e-06
2.68497e-05
4.55587e-06
2.63077e-05
9.59442e-07
2.5578e-05
-2.91004e-06
2.46149e-05
-7.01562e-06
2.3335e-05
-1.13724e-05
2.16167e-05
-1.60355e-05
1.93077e-05
-2.112e-05
1.61845e-05
-2.68169e-05
1.19748e-05
-3.36168e-05
6.5296e-06
-4.34221e-05
-6.20831e-05
3.90969e-05
7.86541e-06
3.87903e-05
4.8618e-06
3.82631e-05
1.48602e-06
3.75207e-05
-2.16852e-06
3.65136e-05
-6.0091e-06
3.51409e-05
-1.00004e-05
3.32361e-05
-1.41312e-05
3.05769e-05
-1.84611e-05
2.67709e-05
-2.30107e-05
2.13021e-05
-2.81488e-05
1.32161e-05
-3.53348e-05
-4.88665e-05
5.10573e-05
7.96233e-06
5.07174e-05
5.20112e-06
5.01928e-05
2.00989e-06
4.94948e-05
-1.47109e-06
4.85784e-05
-5.09336e-06
4.73446e-05
-8.76705e-06
4.56115e-05
-1.23983e-05
4.31121e-05
-1.59617e-05
3.92855e-05
-1.91841e-05
3.33268e-05
-2.21892e-05
2.25465e-05
-2.45536e-05
-2.63197e-05
6.32871e-05
8.42261e-06
6.2727e-05
5.76082e-06
6.21176e-05
2.61874e-06
6.14744e-05
-8.28173e-07
6.07611e-05
-4.38034e-06
5.98929e-05
-7.89891e-06
5.87136e-05
-1.1219e-05
5.69824e-05
-1.42304e-05
5.41401e-05
-1.63412e-05
4.9043e-05
-1.70914e-05
3.75529e-05
-1.30631e-05
1.12352e-05
6.13297e-06
-6.13148e-06
1.04691e-05
-4.33457e-06
1.34131e-05
-2.94317e-06
1.33229e-05
9.30539e-08
8.83085e-06
4.4923e-06
-6.61543e-08
8.90017e-06
-1.78015e-05
1.77349e-05
-3.68038e-05
1.90039e-05
-5.11847e-05
1.43804e-05
-6.27853e-05
1.16011e-05
-7.14123e-05
8.62635e-06
6.1751e-06
-7.75875e-05
2.70465e-06
-8.83482e-06
3.18124e-06
-4.80958e-06
-5.96577e-07
8.35723e-07
-9.74534e-06
9.24312e-06
-2.39509e-05
1.86982e-05
-3.90674e-05
2.40174e-05
-4.66995e-05
2.53672e-05
-5.06614e-05
2.29666e-05
-5.49702e-05
1.86891e-05
-5.86986e-05
1.53298e-05
-6.16265e-05
1.15539e-05
8.21766e-06
-6.36691e-05
-7.96682e-07
-8.03699e-06
-4.6434e-06
-9.61664e-07
-1.30621e-05
9.25504e-06
-2.39805e-05
2.01623e-05
-3.26099e-05
2.73279e-05
-3.78568e-05
2.9265e-05
-4.05974e-05
2.81081e-05
-4.24857e-05
2.48553e-05
-4.45803e-05
2.07838e-05
-4.61802e-05
1.693e-05
-4.76221e-05
1.29956e-05
9.369e-06
-4.87735e-05
-4.5226e-06
-3.51261e-06
-1.08399e-05
5.35687e-06
-1.79038e-05
1.63196e-05
-2.40965e-05
2.63557e-05
-2.80013e-05
3.12332e-05
-3.02817e-05
3.1546e-05
-3.15446e-05
2.93714e-05
-3.23648e-05
2.5676e-05
-3.31532e-05
2.15724e-05
-3.38609e-05
1.76379e-05
-3.46491e-05
1.37836e-05
1.00804e-05
-3.53606e-05
-5.49499e-06
1.98486e-06
-1.09627e-05
1.0826e-05
-1.5573e-05
2.09308e-05
-1.86571e-05
2.94409e-05
-2.02889e-05
3.28656e-05
-2.08819e-05
3.214e-05
-2.08002e-05
2.92902e-05
-2.07639e-05
2.56403e-05
-2.09544e-05
2.17631e-05
-2.12837e-05
1.79675e-05
-2.17278e-05
1.42277e-05
1.05467e-05
-2.2194e-05
-4.84993e-06
6.83782e-06
-8.76495e-06
1.47424e-05
-1.12505e-05
2.3418e-05
-1.20803e-05
3.02718e-05
-1.17809e-05
3.25677e-05
-1.08387e-05
3.11988e-05
-9.91828e-06
2.8371e-05
-9.27216e-06
2.49947e-05
-8.96473e-06
2.14563e-05
-8.92802e-06
1.79309e-05
-9.10067e-06
1.44007e-05
1.08426e-05
-9.39673e-06
-3.73349e-06
1.05742e-05
-6.28268e-06
1.72936e-05
-6.81976e-06
2.39566e-05
-5.57562e-06
2.90296e-05
-3.38938e-06
3.03829e-05
-1.18613e-06
2.89973e-05
6.40706e-07
2.65451e-05
1.96324e-06
2.36733e-05
2.7862e-06
2.06338e-05
3.19588e-06
1.75218e-05
3.27976e-06
1.43168e-05
1.09887e-05
3.13394e-06
-3.46739e-06
1.40431e-05
-4.74478e-06
1.85732e-05
-3.4102e-06
2.26239e-05
1.45219e-08
2.56069e-05
4.07798e-06
2.63211e-05
7.71718e-06
2.53596e-05
1.06238e-05
2.36397e-05
1.27531e-05
2.15449e-05
1.41702e-05
1.92175e-05
1.49969e-05
1.66955e-05
1.53596e-05
1.39544e-05
1.09707e-05
1.53777e-05
-3.41613e-06
1.74633e-05
-3.68804e-06
1.88474e-05
-3.13964e-07
1.92518e-05
5.09413e-06
2.02006e-05
1.08808e-05
2.05361e-05
1.59762e-05
2.02657e-05
2.00486e-05
1.95685e-05
2.30763e-05
1.85183e-05
2.51605e-05
1.7134e-05
2.64548e-05
1.54017e-05
2.713e-05
1.32796e-05
1.07621e-05
2.73388e-05
-4.58797e-06
2.20522e-05
-1.68916e-06
1.59495e-05
4.73281e-06
1.28311e-05
1.19651e-05
1.29692e-05
1.8985e-05
1.35174e-05
2.50633e-05
1.41882e-05
2.99488e-05
1.46839e-05
3.36342e-05
1.48335e-05
3.62268e-05
1.4542e-05
3.78824e-05
1.37464e-05
3.87982e-05
1.23641e-05
1.04096e-05
3.91508e-05
3.82522e-07
2.16708e-05
8.46379e-06
7.86876e-06
1.71548e-05
4.14058e-06
2.51537e-05
4.97105e-06
3.21181e-05
6.55362e-06
3.79414e-05
8.36562e-06
4.25895e-05
1.00364e-05
4.60964e-05
1.13272e-05
4.85617e-05
1.20772e-05
5.01072e-05
1.22013e-05
5.09255e-05
1.1546e-05
1.01563e-05
5.1179e-05
2.60607e-05
-4.39065e-06
3.64388e-05
-2.50983e-06
4.30122e-05
-2.43328e-06
4.85267e-05
-5.43638e-07
5.3029e-05
2.05108e-06
5.67186e-05
4.67595e-06
5.96449e-05
7.11014e-06
6.17959e-05
9.17622e-06
6.31951e-05
1.06782e-05
6.38896e-05
1.15068e-05
6.40443e-05
1.13913e-05
6.37679e-05
1.04326e-05
-8.14491e-05
3.861e-06
-8.32149e-05
1.76541e-06
-8.29989e-05
-2.16624e-07
-8.0982e-05
-2.01747e-06
-7.7179e-05
-3.80365e-06
-7.14585e-05
-5.72107e-06
-6.37104e-05
-7.74874e-06
-5.37488e-05
-9.96222e-06
-4.13968e-05
-1.23525e-05
-2.67278e-05
-1.46697e-05
-1.11103e-05
-1.5619e-05
-1.11109e-05
-6.49088e-05
5.10028e-06
-6.53778e-05
2.23403e-06
-6.51119e-05
-4.83076e-07
-6.39974e-05
-3.13246e-06
-6.18691e-05
-5.93262e-06
-5.86247e-05
-8.96607e-06
-5.40706e-05
-1.23036e-05
-4.80165e-05
-1.6017e-05
-4.01988e-05
-2.0171e-05
-3.02818e-05
-2.45874e-05
-1.77339e-05
-2.8168e-05
-2.88452e-05
-4.96244e-05
5.95087e-06
-5.00689e-05
2.67817e-06
-4.99757e-05
-5.76608e-07
-4.91793e-05
-3.92927e-06
-4.76149e-05
-7.49754e-06
-4.52e-05
-1.13815e-05
-4.18306e-05
-1.56737e-05
-3.73833e-05
-2.0465e-05
-3.17249e-05
-2.58301e-05
-2.43836e-05
-3.19294e-05
-1.44558e-05
-3.80967e-05
-4.33011e-05
-3.58942e-05
6.48437e-06
-3.61389e-05
2.92268e-06
-3.60026e-05
-7.13172e-07
-3.5412e-05
-4.52016e-06
-3.43166e-05
-8.59332e-06
-3.26563e-05
-1.30423e-05
-3.03704e-05
-1.796e-05
-2.74019e-05
-2.34341e-05
-2.3561e-05
-2.96715e-05
-1.85176e-05
-3.69733e-05
-1.13587e-05
-4.52562e-05
-5.46602e-05
-2.25927e-05
6.88299e-06
-2.28381e-05
3.16801e-06
-2.28646e-05
-6.86931e-07
-2.26242e-05
-4.76074e-06
-2.20814e-05
-9.13658e-06
-2.11961e-05
-1.3928e-05
-1.99343e-05
-1.92224e-05
-1.82299e-05
-2.5139e-05
-1.59502e-05
-3.19518e-05
-1.29165e-05
-4.00078e-05
-8.04992e-06
-5.01239e-05
-6.27105e-05
-9.73035e-06
7.21672e-06
-1.00298e-05
3.46716e-06
-1.02446e-05
-4.72382e-07
-1.03426e-05
-4.66316e-06
-1.03062e-05
-9.17356e-06
-1.01385e-05
-1.40964e-05
-9.82597e-06
-1.95355e-05
-9.3289e-06
-2.56371e-05
-8.61479e-06
-3.26672e-05
-7.53879e-06
-4.10848e-05
-5.40517e-06
-5.22587e-05
-6.81169e-05
2.84807e-06
7.50234e-06
2.49141e-06
3.8237e-06
2.10489e-06
-8.64228e-08
1.70501e-06
-4.26383e-06
1.28416e-06
-8.75368e-06
8.19414e-07
-1.36325e-05
2.91173e-07
-1.90086e-05
-3.10458e-07
-2.50366e-05
-9.85966e-07
-3.19924e-05
-1.67911e-06
-4.03937e-05
-2.15294e-06
-5.1787e-05
-7.02704e-05
1.5159e-05
7.72102e-06
1.47791e-05
4.20334e-06
1.42775e-05
4.14793e-07
1.36588e-05
-3.64592e-06
1.28931e-05
-7.98878e-06
1.1926e-05
-1.26666e-05
1.06886e-05
-1.7772e-05
9.10206e-06
-2.34509e-05
7.07281e-06
-2.99649e-05
4.53166e-06
-3.78532e-05
1.63467e-06
-4.88913e-05
-6.86372e-05
2.72206e-05
7.83925e-06
2.68667e-05
4.557e-06
2.63235e-05
9.57542e-07
2.55924e-05
-2.91556e-06
2.46279e-05
-7.02515e-06
2.33467e-05
-1.13863e-05
2.16272e-05
-1.60535e-05
1.93172e-05
-2.11419e-05
1.61935e-05
-2.68412e-05
1.19819e-05
-3.36432e-05
6.53466e-06
-4.34463e-05
-6.21027e-05
3.91198e-05
7.87016e-06
3.88122e-05
4.86441e-06
3.82836e-05
1.48555e-06
3.75398e-05
-2.17242e-06
3.6531e-05
-6.01714e-06
3.51568e-05
-1.00127e-05
3.32504e-05
-1.41477e-05
3.05899e-05
-1.84816e-05
2.67821e-05
-2.30344e-05
2.13119e-05
-2.81732e-05
1.32223e-05
-3.5357e-05
-4.88812e-05
5.10812e-05
7.9678e-06
5.07406e-05
5.2047e-06
5.02151e-05
2.0105e-06
4.95158e-05
-1.47381e-06
4.8598e-05
-5.10008e-06
4.73627e-05
-8.77794e-06
4.56279e-05
-1.24134e-05
4.31267e-05
-1.59807e-05
3.92984e-05
-1.92059e-05
3.33371e-05
-2.22123e-05
2.25529e-05
-2.45733e-05
-2.63274e-05
6.33077e-05
8.42782e-06
6.27476e-05
5.76449e-06
6.21382e-05
2.61959e-06
6.14944e-05
-8.30543e-07
6.07804e-05
-4.38631e-06
5.9911e-05
-7.90883e-06
5.87302e-05
-1.12327e-05
5.69973e-05
-1.42477e-05
5.41529e-05
-1.63615e-05
4.90533e-05
-1.71124e-05
3.75598e-05
-1.3079e-05
1.1232e-05
6.13438e-06
-6.13224e-06
1.0469e-05
-4.33321e-06
1.34141e-05
-2.94484e-06
1.33353e-05
8.05439e-08
8.86578e-06
4.4688e-06
-2.52548e-09
8.86996e-06
-1.77015e-05
1.76981e-05
-3.67168e-05
1.90163e-05
-5.11096e-05
1.43922e-05
-6.27198e-05
1.16106e-05
-7.13546e-05
8.6344e-06
6.18243e-06
-7.75369e-05
2.71129e-06
-8.8418e-06
3.20724e-06
-4.82709e-06
-5.47851e-07
8.11144e-07
-9.65981e-06
9.19333e-06
-2.38537e-05
1.86628e-05
-3.89926e-05
2.40093e-05
-4.66655e-05
2.5371e-05
-5.06317e-05
2.2983e-05
-5.4942e-05
1.87024e-05
-5.86728e-05
1.53418e-05
-6.16031e-05
1.15645e-05
8.22669e-06
-6.36473e-05
-7.79762e-07
-8.05977e-06
-4.6009e-06
-1.00403e-06
-1.29945e-05
9.20562e-06
-2.3925e-05
2.01246e-05
-3.258e-05
2.7318e-05
-3.78377e-05
2.92677e-05
-4.05847e-05
2.81181e-05
-4.24708e-05
2.48695e-05
-4.45647e-05
2.07964e-05
-4.6165e-05
1.69423e-05
-4.76063e-05
1.30058e-05
9.37751e-06
-4.87571e-05
-4.50984e-06
-3.54678e-06
-1.08147e-05
5.30281e-06
-1.78804e-05
1.62723e-05
-2.40868e-05
2.6332e-05
-2.79965e-05
3.12282e-05
-3.02794e-05
3.15513e-05
-3.15438e-05
2.93828e-05
-3.23631e-05
2.56893e-05
-3.31504e-05
2.15836e-05
-3.38552e-05
1.76474e-05
-3.46409e-05
1.37912e-05
1.00873e-05
-3.53506e-05
-5.4805e-06
1.93776e-06
-1.09498e-05
1.07736e-05
-1.55647e-05
2.08888e-05
-1.86623e-05
2.94303e-05
-2.02973e-05
3.28646e-05
-2.0893e-05
3.21471e-05
-2.08089e-05
2.93001e-05
-2.07694e-05
2.56493e-05
-2.09562e-05
2.17713e-05
-2.12832e-05
1.79737e-05
-2.17248e-05
1.42331e-05
1.05515e-05
-2.21896e-05
-4.85124e-06
6.791e-06
-8.77048e-06
1.46948e-05
-1.12638e-05
2.33829e-05
-1.20929e-05
3.02618e-05
-1.17975e-05
3.25693e-05
-1.08533e-05
3.12051e-05
-9.93115e-06
2.83774e-05
-9.28108e-06
2.50007e-05
-8.9715e-06
2.14608e-05
-8.93186e-06
1.79349e-05
-9.10335e-06
1.44037e-05
1.08459e-05
-9.39747e-06
-3.74127e-06
1.05351e-05
-6.29864e-06
1.7254e-05
-6.84209e-06
2.39283e-05
-5.5966e-06
2.90176e-05
-3.40925e-06
3.03841e-05
-1.2039e-06
2.90005e-05
6.26193e-07
2.65487e-05
1.95102e-06
2.36759e-05
2.77668e-06
2.06357e-05
3.1878e-06
1.75234e-05
3.27323e-06
1.43183e-05
1.09903e-05
3.12826e-06
-3.47927e-06
1.40182e-05
-4.76701e-06
1.85441e-05
-3.43787e-06
2.2602e-05
-1.24658e-08
2.55944e-05
4.05547e-06
2.63179e-05
7.69828e-06
2.53592e-05
1.06079e-05
2.364e-05
1.27395e-05
2.1545e-05
1.41583e-05
1.92172e-05
1.49863e-05
1.66954e-05
1.53499e-05
1.39545e-05
1.09712e-05
1.53687e-05
-3.43066e-06
1.74505e-05
-3.71292e-06
1.88292e-05
-3.43607e-07
1.92335e-05
5.06571e-06
2.01874e-05
1.08568e-05
2.05286e-05
1.59563e-05
2.02613e-05
2.00318e-05
1.95656e-05
2.30615e-05
1.85161e-05
2.5147e-05
1.71321e-05
2.64424e-05
1.54002e-05
2.71182e-05
1.32787e-05
1.07618e-05
2.73274e-05
-4.60065e-06
2.20544e-05
-1.70873e-06
1.5938e-05
4.70975e-06
1.28186e-05
1.19415e-05
1.29567e-05
1.89637e-05
1.35079e-05
2.50448e-05
1.41814e-05
2.99326e-05
1.46789e-05
3.36196e-05
1.48298e-05
3.62131e-05
1.4539e-05
3.78694e-05
1.3744e-05
3.87856e-05
1.23625e-05
1.04087e-05
3.91384e-05
3.78465e-07
2.16768e-05
8.45525e-06
7.86347e-06
1.71427e-05
4.12998e-06
2.51406e-05
4.96035e-06
3.21053e-05
6.54438e-06
3.79296e-05
8.35823e-06
4.25785e-05
1.00308e-05
4.60859e-05
1.1323e-05
4.85513e-05
1.20741e-05
5.00967e-05
1.21988e-05
5.09149e-05
1.15443e-05
1.01552e-05
5.11681e-05
2.60683e-05
-4.39097e-06
3.64452e-05
-2.51464e-06
4.30171e-05
-2.43956e-06
4.8529e-05
-5.51472e-07
5.30296e-05
2.044e-06
5.67179e-05
4.67025e-06
5.9643e-05
7.10597e-06
6.1793e-05
9.17337e-06
6.31909e-05
1.06763e-05
6.38842e-05
1.15055e-05
6.40379e-05
1.13904e-05
6.37605e-05
1.04323e-05
-8.14047e-05
3.86734e-06
-8.31762e-05
1.77137e-06
-8.29652e-05
-2.11429e-07
-8.09533e-05
-2.0123e-06
-7.71553e-05
-3.7984e-06
-7.14398e-05
-5.71587e-06
-6.3697e-05
-7.74324e-06
-5.37406e-05
-9.95666e-06
-4.13941e-05
-1.23468e-05
-2.67286e-05
-1.46658e-05
-1.10941e-05
-1.56353e-05
-1.10944e-05
-6.48883e-05
5.10808e-06
-6.53579e-05
2.24092e-06
-6.50931e-05
-4.76605e-07
-6.39799e-05
-3.12571e-06
-6.18531e-05
-5.92566e-06
-5.86101e-05
-8.95912e-06
-5.40571e-05
-1.22967e-05
-4.80037e-05
-1.60104e-05
-4.0186e-05
-2.0165e-05
-3.027e-05
-2.45822e-05
-1.77428e-05
-2.81632e-05
-2.88374e-05
-4.96077e-05
5.95848e-06
-5.00521e-05
2.6853e-06
-4.99595e-05
-5.69457e-07
-4.91636e-05
-3.92185e-06
-4.75998e-05
-7.48969e-06
-4.51859e-05
-1.13734e-05
-4.18177e-05
-1.56653e-05
-3.7372e-05
-2.04564e-05
-3.17159e-05
-2.58216e-05
-2.43773e-05
-3.19212e-05
-1.44526e-05
-3.80884e-05
-4.32901e-05
-3.58831e-05
6.49075e-06
-3.6127e-05
2.92918e-06
-3.59904e-05
-7.06335e-07
-3.53998e-05
-4.51262e-06
-3.43048e-05
-8.58495e-06
-3.26453e-05
-1.30331e-05
-3.03607e-05
-1.79502e-05
-2.73938e-05
-2.34237e-05
-2.35549e-05
-2.96609e-05
-1.85135e-05
-3.6963e-05
-1.13562e-05
-4.52461e-05
-5.46467e-05
-2.25868e-05
6.88812e-06
-2.28316e-05
3.17339e-06
-2.28574e-05
-6.8061e-07
-2.2617e-05
-4.75349e-06
-2.20743e-05
-9.12802e-06
-2.11896e-05
-1.39182e-05
-1.99286e-05
-1.92116e-05
-1.82253e-05
-2.51275e-05
-1.59466e-05
-3.19399e-05
-1.29143e-05
-3.99958e-05
-8.04965e-06
-5.01121e-05
-6.26967e-05
-9.73034e-06
7.22013e-06
-1.00286e-05
3.47156e-06
-1.0243e-05
-4.67069e-07
-1.03406e-05
-4.65643e-06
-1.03041e-05
-9.1654e-06
-1.01364e-05
-1.40866e-05
-9.82438e-06
-1.95245e-05
-9.32772e-06
-2.56248e-05
-8.61426e-06
-3.26543e-05
-7.53949e-06
-4.10723e-05
-5.40614e-06
-5.2246e-05
-6.81043e-05
2.8435e-06
7.50459e-06
2.48751e-06
3.82678e-06
2.10176e-06
-8.20292e-08
1.70235e-06
-4.25805e-06
1.28202e-06
-8.74608e-06
8.17403e-07
-1.36232e-05
2.89344e-07
-1.89974e-05
-3.12427e-07
-2.50243e-05
-9.88438e-07
-3.19797e-05
-1.68087e-06
-4.03804e-05
-2.15504e-06
-5.1775e-05
-7.02595e-05
1.51506e-05
7.72215e-06
1.47714e-05
4.20546e-06
1.42704e-05
4.18089e-07
1.36525e-05
-3.64101e-06
1.28875e-05
-7.98211e-06
1.19211e-05
-1.26578e-05
1.06839e-05
-1.77613e-05
9.09739e-06
-2.34387e-05
7.06883e-06
-2.99517e-05
4.52737e-06
-3.78411e-05
1.63218e-06
-4.88794e-05
-6.86283e-05
2.72096e-05
7.83956e-06
2.68563e-05
4.55817e-06
2.63138e-05
9.5986e-07
2.55836e-05
-2.91168e-06
2.46201e-05
-7.01942e-06
2.33397e-05
-1.13783e-05
2.16208e-05
-1.60431e-05
1.93112e-05
-2.11297e-05
1.61873e-05
-2.68285e-05
1.19769e-05
-3.36301e-05
6.53119e-06
-4.34355e-05
-6.20967e-05
3.91077e-05
7.86986e-06
3.88006e-05
4.8647e-06
3.82728e-05
1.48699e-06
3.753e-05
-2.16959e-06
3.65223e-05
-6.01233e-06
3.5149e-05
-1.00056e-05
3.32433e-05
-1.41379e-05
3.05831e-05
-1.84697e-05
2.67759e-05
-2.3021e-05
2.13058e-05
-2.81605e-05
1.32186e-05
-3.5347e-05
-4.88773e-05
5.10703e-05
7.96723e-06
5.07299e-05
5.20456e-06
5.02049e-05
2.01128e-06
4.95064e-05
-1.47173e-06
4.85896e-05
-5.09608e-06
4.73553e-05
-8.77159e-06
4.56213e-05
-1.24042e-05
4.31208e-05
-1.59692e-05
3.92926e-05
-1.91927e-05
3.33319e-05
-2.21989e-05
2.25499e-05
-2.45636e-05
-2.63265e-05
6.32997e-05
8.42755e-06
6.27394e-05
5.76448e-06
6.21301e-05
2.62012e-06
6.14868e-05
-8.28785e-07
6.07734e-05
-4.38287e-06
5.99048e-05
-7.90306e-06
5.87249e-05
-1.12242e-05
5.69931e-05
-1.42372e-05
5.41498e-05
-1.63488e-05
4.90508e-05
-1.7099e-05
3.75582e-05
-1.30704e-05
1.12331e-05
7.58935e-05
-2.35979e-06
-7.79182e-05
7.6898e-05
-3.50935e-06
7.70299e-05
-2.56079e-06
7.74615e-05
-9.66706e-07
7.81903e-05
1.33188e-06
7.89515e-05
3.92328e-06
7.95222e-05
6.54542e-06
7.97329e-05
8.9685e-06
7.95107e-05
1.09002e-05
7.8835e-05
1.21791e-05
7.78687e-05
1.23511e-05
1.162e-05
7.66717e-05
9.68366e-05
-4.77167e-06
-9.44256e-05
9.78829e-05
-4.55653e-06
9.8462e-05
-3.14084e-06
9.8687e-05
-1.19253e-06
9.8689e-05
1.32928e-06
9.84112e-05
4.20072e-06
9.77611e-05
7.1952e-06
9.66672e-05
1.00622e-05
9.51222e-05
1.24451e-05
9.31621e-05
1.41391e-05
9.10345e-05
1.44785e-05
1.38287e-05
8.88255e-05
0.000111815
-6.72222e-06
-0.000109865
0.000113001
-5.74381e-06
0.000113733
-3.87446e-06
0.00011399
-1.44971e-06
0.000113797
1.52082e-06
0.00011312
4.87727e-06
0.000111891
8.4234e-06
0.000110059
1.18942e-05
0.000107626
1.48777e-05
0.000104735
1.70298e-05
0.000101743
1.74704e-05
1.6679e-05
9.88933e-05
0.000124771
-0.000123797
-7.69726e-06
0.000125307
-6.28149e-06
0.000125426
-3.99457e-06
0.000125103
-1.1274e-06
0.000124298
2.32425e-06
0.000122937
6.23769e-06
0.000120948
1.04124e-05
0.000118317
1.45247e-05
0.000115118
1.80767e-05
0.000111711
2.04362e-05
0.000108554
2.06271e-05
0.00010648
1.87527e-05
7.55826e-05
9.50452e-06
7.46516e-05
6.68076e-06
7.39165e-05
3.3388e-06
7.33904e-05
-3.20891e-07
7.30365e-05
-4.04886e-06
7.27752e-05
-7.66321e-06
7.24814e-05
-1.09526e-05
7.19657e-05
-1.37439e-05
7.09808e-05
-1.53849e-05
6.9135e-05
-1.52712e-05
6.7913e-05
-1.18582e-05
1.22161e-06
7.79326e-05
8.71207e-05
1.12091e-05
8.59376e-05
7.86357e-06
8.52937e-05
3.98252e-06
8.51625e-05
-1.8987e-07
8.54722e-05
-4.35855e-06
8.61233e-05
-8.31412e-06
8.69643e-05
-1.17934e-05
8.77166e-05
-1.44959e-05
8.81707e-05
-1.58388e-05
8.80127e-05
-1.51129e-05
8.86717e-05
-1.25168e-05
-4.53726e-06
9.44302e-05
9.71922e-05
1.29098e-05
9.64599e-05
8.59543e-06
9.66187e-05
3.82351e-06
9.74032e-05
-9.74474e-07
9.87816e-05
-5.73697e-06
0.000100612
-1.01449e-05
0.000102638
-1.38187e-05
0.000104396
-1.6254e-05
0.000105633
-1.70762e-05
0.000106159
-1.56387e-05
0.00010678
-1.31377e-05
-7.61789e-06
0.00010986
0.000106459
1.29307e-05
0.000107291
7.76371e-06
0.000109103
2.01133e-06
0.000111616
-3.48807e-06
0.000114509
-8.6291e-06
0.000117353
-1.29886e-05
0.00011983
-1.62955e-05
0.000121591
-1.8015e-05
0.000122526
-1.80116e-05
0.000122758
-1.58695e-05
0.00012261
-1.29906e-05
0.000123784
-8.79192e-06
7.59016e-05
-2.35838e-06
7.68972e-05
-3.50761e-06
7.70206e-05
-2.56525e-06
7.74448e-05
-9.78772e-07
7.81676e-05
1.31675e-06
7.89246e-05
3.90719e-06
7.94926e-05
6.53094e-06
7.97014e-05
8.95725e-06
7.94778e-05
1.08925e-05
7.88008e-05
1.21755e-05
7.78335e-05
1.23511e-05
1.16238e-05
7.66358e-05
9.68371e-05
-4.76588e-06
9.78782e-05
-4.55004e-06
9.84554e-05
-3.14223e-06
9.86776e-05
-1.20182e-06
9.86771e-05
1.31662e-06
9.8397e-05
4.18678e-06
9.77449e-05
7.18268e-06
9.66486e-05
1.00532e-05
9.51008e-05
1.24402e-05
9.31377e-05
1.41384e-05
9.10072e-05
1.44813e-05
1.38348e-05
8.87957e-05
0.000111807
-6.71295e-06
0.000112992
-5.73529e-06
0.000113725
-3.87686e-06
0.000113982
-1.45968e-06
0.00011379
1.50757e-06
0.000113113
4.8633e-06
0.000111884
8.41148e-06
0.00011005
1.18869e-05
0.000107614
1.48756e-05
0.000104719
1.70327e-05
0.000101723
1.74771e-05
1.66888e-05
9.88695e-05
0.000124757
-7.68623e-06
0.000125295
-6.27544e-06
0.000125417
-3.99963e-06
0.000125096
-1.13943e-06
0.000124293
2.30959e-06
0.000122932
6.22331e-06
0.000120941
1.04014e-05
0.000118308
1.45195e-05
0.000115106
1.80776e-05
0.000111695
2.04428e-05
0.000108535
2.06373e-05
0.000106458
1.87651e-05
7.55461e-05
9.51197e-06
7.46149e-05
6.69163e-06
7.38795e-05
3.35379e-06
7.33537e-05
-3.02561e-07
7.30005e-05
-4.0273e-06
7.27408e-05
-7.6392e-06
7.24492e-05
-1.09274e-05
7.19365e-05
-1.37175e-05
7.09551e-05
-1.53595e-05
6.91134e-05
-1.52493e-05
6.78948e-05
-1.18431e-05
1.22074e-06
7.79084e-05
8.70885e-05
1.12189e-05
8.59039e-05
7.87594e-06
8.52588e-05
3.99873e-06
8.51274e-05
-1.7116e-07
8.54378e-05
-4.33758e-06
8.60904e-05
-8.29164e-06
8.69335e-05
-1.17702e-05
8.76882e-05
-1.4472e-05
8.81449e-05
-1.58159e-05
8.79901e-05
-1.50938e-05
8.86505e-05
-1.25037e-05
-4.535e-06
9.44064e-05
9.71647e-05
1.29232e-05
9.64304e-05
8.60986e-06
9.65884e-05
3.84061e-06
9.73729e-05
-9.55675e-07
9.87519e-05
-5.71649e-06
0.000100584
-1.01233e-05
0.00010261
-1.37964e-05
0.000104369
-1.6231e-05
0.000105607
-1.7054e-05
0.000106134
-1.56208e-05
0.000106756
-1.31258e-05
-7.61535e-06
0.000109836
0.000106435
1.29454e-05
0.000107266
7.77939e-06
0.000109078
2.02867e-06
0.000111592
-3.46951e-06
0.000114484
-8.60885e-06
0.000117327
-1.29664e-05
0.000119803
-1.6272e-05
0.000121564
-1.79915e-05
0.000122499
-1.79896e-05
0.000122731
-1.58528e-05
0.000122586
-1.29807e-05
0.00012376
-8.79055e-06
7.58782e-05
-2.36079e-06
7.68746e-05
-3.507e-06
7.70016e-05
-2.56104e-06
7.74297e-05
-9.72405e-07
7.81563e-05
1.32401e-06
7.89169e-05
3.9149e-06
7.94882e-05
6.53855e-06
7.97003e-05
8.964e-06
7.948e-05
1.08985e-05
7.88064e-05
1.21803e-05
7.78423e-05
1.23555e-05
1.16275e-05
7.66473e-05
9.68113e-05
-4.7665e-06
9.78521e-05
-4.54899e-06
9.84295e-05
-3.13953e-06
9.86529e-05
-1.19687e-06
9.86538e-05
1.32215e-06
9.83755e-05
4.19243e-06
9.77257e-05
7.18784e-06
9.66325e-05
1.00568e-05
9.50886e-05
1.24421e-05
9.31301e-05
1.41386e-05
9.10042e-05
1.4481e-05
1.38342e-05
8.87973e-05
0.000111781
-6.71306e-06
0.000112965
-5.73408e-06
0.000113698
-3.87341e-06
0.000113954
-1.45445e-06
0.000113762
1.51316e-06
0.000113085
4.86857e-06
0.000111856
8.41549e-06
0.000110025
1.18881e-05
0.000107593
1.48737e-05
0.000104703
1.70277e-05
0.000101713
1.74712e-05
1.66824e-05
9.8865e-05
0.000124732
-7.68603e-06
0.00012527
-6.27338e-06
0.000125391
-3.99553e-06
0.000125069
-1.13373e-06
0.000124265
2.3155e-06
0.000122904
6.22823e-06
0.000120915
1.04039e-05
0.000118285
1.45177e-05
0.000115087
1.80711e-05
0.000111682
2.0432e-05
0.000108528
2.06254e-05
0.000106457
1.87531e-05
7.55597e-05
9.51535e-06
7.46298e-05
6.69411e-06
7.38956e-05
3.35346e-06
7.33704e-05
-3.05657e-07
7.30172e-05
-4.03343e-06
7.2757e-05
-7.64869e-06
7.24645e-05
-1.09401e-05
7.19504e-05
-1.37336e-05
7.09671e-05
-1.53779e-05
6.91232e-05
-1.52685e-05
6.79033e-05
-1.1859e-05
1.21462e-06
7.79212e-05
8.70938e-05
1.12187e-05
8.5912e-05
7.87589e-06
8.52693e-05
3.99602e-06
8.51394e-05
-1.75789e-07
8.54505e-05
-4.3445e-06
8.61032e-05
-8.30122e-06
8.6946e-05
-1.17827e-05
8.77e-05
-1.44874e-05
8.81555e-05
-1.58333e-05
8.79991e-05
-1.51116e-05
8.86591e-05
-1.25187e-05
-4.54411e-06
9.44175e-05
9.71652e-05
1.29181e-05
9.64345e-05
8.60633e-06
9.6594e-05
3.83621e-06
9.73797e-05
-9.61487e-07
9.87597e-05
-5.72452e-06
0.000100592
-1.01338e-05
0.000102619
-1.38097e-05
0.000104379
-1.62468e-05
0.000105617
-1.70715e-05
0.000106143
-1.56381e-05
0.000106765
-1.31405e-05
-7.62499e-06
0.000109846
0.000106436
1.29383e-05
0.000107268
7.77421e-06
0.000109081
2.02345e-06
0.000111596
-3.47589e-06
0.000114489
-8.61763e-06
0.000117334
-1.29784e-05
0.000119811
-1.62871e-05
0.000121573
-1.80086e-05
0.00012251
-1.80077e-05
0.000122741
-1.58694e-05
0.000122595
-1.29944e-05
0.000123769
-8.79943e-06
7.58935e-05
-2.3637e-06
7.68906e-05
-3.51136e-06
7.70164e-05
-2.56714e-06
7.74428e-05
-9.77989e-07
7.81673e-05
1.31934e-06
7.89259e-05
3.91161e-06
7.94952e-05
6.5367e-06
7.97052e-05
8.96343e-06
7.94827e-05
1.08987e-05
7.88071e-05
1.21811e-05
7.78411e-05
1.23563e-05
1.16287e-05
7.66444e-05
9.68251e-05
-4.77195e-06
9.7867e-05
-4.55461e-06
9.8445e-05
-3.1449e-06
9.86681e-05
-1.20188e-06
9.86683e-05
1.31848e-06
9.83888e-05
4.19057e-06
9.77374e-05
7.18776e-06
9.66423e-05
1.00583e-05
9.50962e-05
1.24447e-05
9.31355e-05
1.41417e-05
9.10075e-05
1.4484e-05
1.38375e-05
8.87983e-05
0.000111793
-6.71958e-06
0.000112978
-5.74011e-06
0.000113711
-3.8794e-06
0.000113968
-1.45949e-06
0.000113776
1.50985e-06
0.000113098
4.86748e-06
0.000111869
8.41662e-06
0.000110035
1.18913e-05
0.000107602
1.48781e-05
0.00010471
1.70328e-05
0.000101718
1.74762e-05
1.66879e-05
9.88676e-05
0.000124742
-7.69289e-06
0.00012528
-6.27998e-06
0.000125402
-4.00166e-06
0.00012508
-1.13858e-06
0.000124276
2.31267e-06
0.000122914
6.22801e-06
0.000120924
1.04063e-05
0.000118292
1.45223e-05
0.000115093
1.80769e-05
0.000111687
2.04386e-05
0.000108531
2.06321e-05
0.000106458
1.87604e-05
7.55556e-05
9.51608e-06
7.46249e-05
6.69478e-06
7.38903e-05
3.35433e-06
7.33652e-05
-3.0384e-07
7.30124e-05
-4.0302e-06
7.27529e-05
-7.64352e-06
7.24614e-05
-1.09326e-05
7.19489e-05
-1.37244e-05
7.09678e-05
-1.53673e-05
6.91262e-05
-1.5257e-05
6.79073e-05
-1.18502e-05
1.22212e-06
8.70932e-05
1.12209e-05
8.591e-05
7.87765e-06
8.52669e-05
3.99739e-06
8.51369e-05
-1.73865e-07
8.54485e-05
-4.34168e-06
8.61024e-05
-8.2972e-06
8.69472e-05
-1.17771e-05
8.77038e-05
-1.44807e-05
8.81624e-05
-1.58257e-05
8.8009e-05
-1.5103e-05
8.86698e-05
-1.2511e-05
-4.53357e-06
9.71662e-05
1.29218e-05
9.64348e-05
8.60876e-06
9.65943e-05
3.8377e-06
9.73807e-05
-9.60266e-07
9.87623e-05
-5.72317e-06
0.000100598
-1.01323e-05
0.000102628
-1.38075e-05
0.000104391
-1.6244e-05
0.000105633
-1.70673e-05
0.000106162
-1.56323e-05
0.000106784
-1.31328e-05
-7.61461e-06
0.000106438
1.29418e-05
0.000107271
7.77554e-06
0.000109086
2.02286e-06
0.000111603
-3.47778e-06
0.000114501
-8.62037e-06
0.00011735
-1.29814e-05
0.000119832
-1.62893e-05
0.000121597
-1.80095e-05
0.000122536
-1.80061e-05
0.000122769
-1.58651e-05
0.000122621
-1.29854e-05
-8.79044e-06
-2.49039e-05
-7.62359e-06
2.48281e-05
-2.55352e-05
-5.65211e-06
-2.66383e-05
-2.89354e-06
-2.82581e-05
4.90574e-07
-3.04157e-05
4.48017e-06
-3.3116e-05
8.93667e-06
-3.63125e-05
1.36078e-05
-3.98198e-05
1.80313e-05
-4.32624e-05
2.15187e-05
-4.57721e-05
2.29455e-05
-4.68117e-05
2.16665e-05
1.74582e-05
-4.5516e-05
-2.29044e-05
-6.73539e-06
2.20153e-05
-2.43428e-05
-4.21507e-06
-2.62796e-05
-9.58085e-07
-2.87511e-05
2.9609e-06
-3.17477e-05
7.4756e-06
-3.51902e-05
1.23783e-05
-3.88642e-05
1.72811e-05
-4.23491e-05
2.15157e-05
-4.48998e-05
2.40692e-05
-4.58559e-05
2.39016e-05
-4.49207e-05
2.07321e-05
1.38449e-05
-4.13087e-05
-2.19777e-05
-5.32048e-06
2.05605e-05
-2.39172e-05
-2.27727e-06
-2.63508e-05
1.47387e-06
-2.92885e-05
5.89682e-06
-3.26603e-05
1.08458e-05
-3.62818e-05
1.59982e-05
-3.97806e-05
2.07787e-05
-4.25596e-05
2.42939e-05
-4.39386e-05
2.54476e-05
-4.35346e-05
2.34974e-05
-4.08914e-05
1.80887e-05
9.17149e-06
-3.62164e-05
-2.14662e-05
1.97573e-05
-3.61185e-06
-2.36463e-05
-9.76462e-08
-2.62786e-05
4.10546e-06
-2.93373e-05
8.95484e-06
-3.26905e-05
1.41983e-05
-3.60709e-05
1.9378e-05
-3.90333e-05
2.37406e-05
-4.08084e-05
2.60687e-05
-4.08409e-05
2.54799e-05
-3.86908e-05
2.13472e-05
-3.411e-05
1.35086e-05
-3.04155e-05
5.47511e-06
-4.12171e-05
8.6306e-06
-3.73084e-05
3.85437e-06
-3.34944e-05
-1.80297e-06
-3.0071e-05
-6.91145e-06
-2.72533e-05
-1.14466e-05
-2.52111e-05
-1.50306e-05
-2.40384e-05
-1.7468e-05
-2.36913e-05
-1.83622e-05
-2.4032e-05
-1.76709e-05
-2.45925e-05
-1.53098e-05
-2.51459e-05
-1.24372e-05
-9.09207e-06
-2.48459e-05
-3.44537e-05
1.77568e-06
-2.95775e-05
-1.02216e-06
-2.56647e-05
-5.71566e-06
-2.26144e-05
-9.96154e-06
-2.05114e-05
-1.35492e-05
-1.93177e-05
-1.62239e-05
-1.89605e-05
-1.78249e-05
-1.92811e-05
-1.80413e-05
-2.00491e-05
-1.6903e-05
-2.08752e-05
-1.44831e-05
-2.16258e-05
-1.16869e-05
-8.68212e-06
-2.20363e-05
-2.79794e-05
-6.46315e-06
-2.32824e-05
-5.71968e-06
-2.00882e-05
-8.91003e-06
-1.78163e-05
-1.22332e-05
-1.64652e-05
-1.49002e-05
-1.59122e-05
-1.67767e-05
-1.60519e-05
-1.76851e-05
-1.67154e-05
-1.73778e-05
-1.76863e-05
-1.5932e-05
-1.86856e-05
-1.34847e-05
-1.96627e-05
-1.07097e-05
-7.7599e-06
-2.0585e-05
-2.114e-05
-1.57379e-05
-1.78943e-05
-8.9653e-06
-1.58727e-05
-1.09314e-05
-1.45383e-05
-1.35674e-05
-1.38598e-05
-1.55783e-05
-1.37823e-05
-1.68538e-05
-1.42583e-05
-1.72088e-05
-1.51313e-05
-1.65046e-05
-1.62278e-05
-1.48355e-05
-1.73607e-05
-1.2351e-05
-1.85295e-05
-9.54115e-06
-1.97836e-05
-6.50629e-06
-2.49199e-05
-7.61291e-06
-2.55467e-05
-5.6494e-06
-2.66474e-05
-2.89976e-06
-2.8267e-05
4.78202e-07
-3.04254e-05
4.46627e-06
-3.31278e-05
8.924e-06
-3.63272e-05
1.35996e-05
-3.98378e-05
1.80291e-05
-4.32829e-05
2.1522e-05
-4.57941e-05
2.29535e-05
-4.68339e-05
2.1677e-05
1.74697e-05
-4.55374e-05
-2.29223e-05
-6.72771e-06
-2.43569e-05
-4.2158e-06
-2.62928e-05
-9.66081e-07
-2.87651e-05
2.94931e-06
-3.17636e-05
7.46349e-06
-3.52091e-05
1.23684e-05
-3.88864e-05
1.72759e-05
-4.23733e-05
2.15152e-05
-4.49241e-05
2.40723e-05
-4.58788e-05
2.39079e-05
-4.49417e-05
2.07406e-05
1.38549e-05
-4.13284e-05
-2.19982e-05
-5.31472e-06
-2.39349e-05
-2.27983e-06
-2.6368e-05
1.46695e-06
-2.93071e-05
5.88664e-06
-3.26812e-05
1.08359e-05
-3.63056e-05
1.59911e-05
-3.98065e-05
2.07755e-05
-4.25857e-05
2.42935e-05
-4.39633e-05
2.54493e-05
-4.3557e-05
2.35013e-05
-4.09114e-05
1.80947e-05
9.17956e-06
-3.62343e-05
-2.14886e-05
-3.61031e-06
-2.36663e-05
-1.02825e-07
-2.62987e-05
4.09716e-06
-2.93587e-05
8.94589e-06
-3.27141e-05
1.41905e-05
-3.60967e-05
1.9373e-05
-3.90599e-05
2.37381e-05
-4.08342e-05
2.60673e-05
-4.08644e-05
2.5479e-05
-3.87112e-05
2.13479e-05
-3.41281e-05
1.35122e-05
-3.0431e-05
5.48065e-06
-4.1238e-05
8.64474e-06
-3.73303e-05
3.87108e-06
-3.35173e-05
-1.78453e-06
-3.0095e-05
-6.89168e-06
-2.72784e-05
-1.14253e-05
-2.52365e-05
-1.50081e-05
-2.40636e-05
-1.7445e-05
-2.37157e-05
-1.83395e-05
-2.40547e-05
-1.76508e-05
-2.46129e-05
-1.52949e-05
-2.51648e-05
-1.24299e-05
-9.09065e-06
-2.48653e-05
-3.44731e-05
1.78958e-06
-2.95981e-05
-1.00419e-06
-2.56864e-05
-5.69623e-06
-2.26365e-05
-9.94131e-06
-2.05332e-05
-1.35284e-05
-1.93384e-05
-1.62027e-05
-1.89797e-05
-1.78036e-05
-1.92983e-05
-1.80209e-05
-2.0064e-05
-1.68853e-05
-2.08884e-05
-1.44708e-05
-2.16381e-05
-1.16799e-05
-8.68099e-06
-2.20497e-05
-2.7997e-05
-6.44946e-06
-2.33008e-05
-5.70094e-06
-2.01066e-05
-8.89057e-06
-1.78341e-05
-1.22138e-05
-1.64814e-05
-1.48809e-05
-1.59265e-05
-1.67576e-05
-1.60639e-05
-1.76662e-05
-1.6725e-05
-1.73601e-05
-1.76938e-05
-1.59169e-05
-1.86914e-05
-1.34735e-05
-1.96684e-05
-1.07045e-05
-7.75811e-06
-2.05912e-05
-2.11551e-05
-1.57247e-05
-1.79094e-05
-8.94668e-06
-1.5887e-05
-1.09128e-05
-1.45509e-05
-1.35497e-05
-1.38703e-05
-1.55613e-05
-1.37905e-05
-1.68372e-05
-1.4264e-05
-1.71928e-05
-1.51345e-05
-1.64896e-05
-1.62289e-05
-1.48227e-05
-1.73606e-05
-1.23421e-05
-1.85288e-05
-9.53555e-06
-1.97835e-05
-6.50546e-06
-2.49404e-05
-7.61277e-06
-2.55682e-05
-5.64794e-06
-2.66693e-05
-2.89671e-06
-2.82882e-05
4.82923e-07
-3.04455e-05
4.47062e-06
-3.31455e-05
8.9263e-06
-3.63409e-05
1.35978e-05
-3.98463e-05
1.80218e-05
-4.32854e-05
2.15093e-05
-4.57917e-05
2.29378e-05
-4.68287e-05
2.16622e-05
1.74577e-05
-4.55315e-05
-2.29366e-05
-6.72722e-06
-2.43716e-05
-4.21458e-06
-2.63068e-05
-9.63331e-07
-2.87777e-05
2.95211e-06
-3.17736e-05
7.46496e-06
-3.5215e-05
1.23664e-05
-3.88869e-05
1.72686e-05
-4.23682e-05
2.15022e-05
-4.4915e-05
2.40555e-05
-4.58682e-05
2.38906e-05
-4.49298e-05
2.07249e-05
1.3844e-05
-4.13179e-05
-2.20052e-05
-5.31505e-06
-2.39417e-05
-2.28006e-06
-2.63739e-05
1.46667e-06
-2.93106e-05
5.88673e-06
-3.26813e-05
1.08336e-05
-3.6301e-05
1.59842e-05
-3.9797e-05
2.0763e-05
-4.25727e-05
2.42769e-05
-4.39487e-05
2.54307e-05
-4.35411e-05
2.34828e-05
-4.08955e-05
1.80788e-05
9.17221e-06
-3.62212e-05
-2.14886e-05
-3.61073e-06
-2.36658e-05
-1.03892e-07
-2.62965e-05
4.0962e-06
-2.93539e-05
8.943e-06
-3.27055e-05
1.41842e-05
-3.60838e-05
1.93615e-05
-3.90435e-05
2.37221e-05
-4.08159e-05
2.60487e-05
-4.08456e-05
2.54598e-05
-3.86936e-05
2.13304e-05
-3.4113e-05
1.3499e-05
-3.04178e-05
5.47447e-06
-4.12347e-05
8.63993e-06
-3.73278e-05
3.86654e-06
-3.35142e-05
-1.79038e-06
-3.00903e-05
-6.89973e-06
-2.72715e-05
-1.14362e-05
-2.52279e-05
-1.50218e-05
-2.4054e-05
-1.74609e-05
-2.37058e-05
-1.83568e-05
-2.40457e-05
-1.76679e-05
-2.46056e-05
-1.53102e-05
-2.51587e-05
-1.24413e-05
-9.09886e-06
-2.48594e-05
-3.44673e-05
1.78961e-06
-2.95937e-05
-1.00742e-06
-2.56815e-05
-5.70262e-06
-2.26302e-05
-9.95065e-06
-2.05256e-05
-1.35405e-05
-1.93302e-05
-1.62169e-05
-1.89716e-05
-1.78192e-05
-1.92911e-05
-1.8037e-05
-2.00585e-05
-1.69006e-05
-2.08845e-05
-1.44836e-05
-2.16357e-05
-1.16905e-05
-8.6877e-06
-2.20475e-05
-2.79897e-05
-6.44443e-06
-2.32952e-05
-5.70254e-06
-2.0101e-05
-8.89702e-06
-1.78278e-05
-1.22237e-05
-1.64748e-05
-1.48933e-05
-1.59201e-05
-1.67714e-05
-1.60585e-05
-1.76808e-05
-1.67211e-05
-1.73744e-05
-1.76917e-05
-1.593e-05
-1.86913e-05
-1.34848e-05
-1.96694e-05
-1.07123e-05
-7.76407e-06
-2.05931e-05
-2.11477e-05
-1.57133e-05
-1.79037e-05
-8.9465e-06
-1.58817e-05
-1.09187e-05
-1.45457e-05
-1.35593e-05
-1.38654e-05
-1.55732e-05
-1.37863e-05
-1.68501e-05
-1.42611e-05
-1.72057e-05
-1.51334e-05
-1.65019e-05
-1.62298e-05
-1.48335e-05
-1.73633e-05
-1.23506e-05
-1.85332e-05
-9.54266e-06
-1.97887e-05
-6.50911e-06
-2.49341e-05
-7.61888e-06
-2.55616e-05
-5.65339e-06
-2.66628e-05
-2.90125e-06
-2.82826e-05
4.79307e-07
-3.04409e-05
4.46918e-06
-3.31421e-05
8.92759e-06
-3.6339e-05
1.36018e-05
-3.98456e-05
1.80279e-05
-4.32854e-05
2.15161e-05
-4.5792e-05
2.29447e-05
-4.68289e-05
2.16688e-05
1.74624e-05
-4.55297e-05
-2.29345e-05
-6.73269e-06
-2.43698e-05
-4.21915e-06
-2.63059e-05
-9.67284e-07
-2.8778e-05
2.95014e-06
-3.17753e-05
7.46521e-06
-3.52182e-05
1.23693e-05
-3.88913e-05
1.72739e-05
-4.2373e-05
2.15089e-05
-4.49188e-05
2.40614e-05
-4.58702e-05
2.38959e-05
-4.49295e-05
2.07288e-05
1.38445e-05
-4.13131e-05
-2.20075e-05
-5.3186e-06
-2.39449e-05
-2.28252e-06
-2.63781e-05
1.46587e-06
-2.93164e-05
5.88668e-06
-3.26885e-05
1.08356e-05
-3.63091e-05
1.59883e-05
-3.98052e-05
2.07686e-05
-4.25796e-05
2.42823e-05
-4.39532e-05
2.54343e-05
-4.35425e-05
2.34848e-05
-4.08928e-05
1.80787e-05
9.16711e-06
-3.62136e-05
-2.14948e-05
-3.61316e-06
-2.36731e-05
-1.04941e-07
-2.63054e-05
4.09594e-06
-2.93642e-05
8.94469e-06
-3.27169e-05
1.41875e-05
-3.60954e-05
1.9366e-05
-3.9054e-05
2.37266e-05
-4.08237e-05
2.60516e-05
-4.08493e-05
2.54595e-05
-3.8692e-05
2.13273e-05
-3.41069e-05
1.34942e-05
-3.04072e-05
5.46559e-06
-4.12276e-05
8.63857e-06
-3.73151e-05
3.86241e-06
-3.34965e-05
-1.79592e-06
-3.00682e-05
-6.90602e-06
-2.72456e-05
-1.14427e-05
-2.51992e-05
-1.50277e-05
-2.40232e-05
-1.74653e-05
-2.36738e-05
-1.83589e-05
-2.40134e-05
-1.76667e-05
-2.45742e-05
-1.53047e-05
-2.5129e-05
-1.24316e-05
-9.09166e-06
-3.44555e-05
1.78106e-06
-2.95756e-05
-1.01783e-06
-2.56585e-05
-5.71293e-06
-2.26037e-05
-9.96059e-06
-2.04964e-05
-1.35498e-05
-1.92989e-05
-1.6225e-05
-1.89388e-05
-1.78253e-05
-1.92576e-05
-1.80403e-05
-2.00248e-05
-1.68996e-05
-2.08518e-05
-1.44781e-05
-2.16036e-05
-1.16796e-05
-8.68114e-06
-2.79756e-05
-6.45873e-06
-2.32757e-05
-5.71829e-06
-2.00777e-05
-8.91102e-06
-1.7802e-05
-1.22361e-05
-1.64471e-05
-1.49046e-05
-1.58907e-05
-1.67813e-05
-1.60274e-05
-1.76886e-05
-1.66889e-05
-1.7379e-05
-1.76589e-05
-1.593e-05
-1.86582e-05
-1.34791e-05
-1.96367e-05
-1.07026e-05
-7.75729e-06
-2.11333e-05
-1.57319e-05
-1.78855e-05
-8.96609e-06
-1.58611e-05
-1.09353e-05
-1.45234e-05
-1.35736e-05
-1.38415e-05
-1.55862e-05
-1.37608e-05
-1.6862e-05
-1.42337e-05
-1.72157e-05
-1.51043e-05
-1.65085e-05
-1.61993e-05
-1.48351e-05
-1.73319e-05
-1.23468e-05
-1.85011e-05
-9.53277e-06
-6.50226e-06
-2.09688e-05
-1.81053e-06
1.91658e-05
-2.31617e-05
2.09421e-06
-2.57251e-05
6.6677e-06
-2.85979e-05
1.18263e-05
-3.15979e-05
1.71971e-05
-3.44202e-05
2.2199e-05
-3.64529e-05
2.57723e-05
-3.69177e-05
2.65327e-05
-3.51973e-05
2.37589e-05
-3.02841e-05
1.64337e-05
-2.05168e-05
3.74051e-06
-1.50416e-05
-2.02639e-05
-8.23059e-08
1.85364e-05
-2.22713e-05
4.1017e-06
-2.45295e-05
8.92595e-06
-2.69462e-05
1.42428e-05
-2.92998e-05
1.95504e-05
-3.12303e-05
2.41292e-05
-3.20904e-05
2.66322e-05
-3.12575e-05
2.56996e-05
-2.7668e-05
2.01692e-05
-1.99121e-05
8.6775e-06
-8.61525e-06
-7.55701e-06
-2.36594e-05
-1.92613e-05
1.43216e-06
1.77458e-05
-2.09224e-05
5.76224e-06
-2.2686e-05
1.06888e-05
-2.4438e-05
1.59938e-05
-2.59434e-05
2.10547e-05
-2.68371e-05
2.50218e-05
-2.65698e-05
2.63641e-05
-2.45552e-05
2.36842e-05
-1.99107e-05
1.55242e-05
-1.24077e-05
1.17387e-06
-4.45473e-06
-1.55114e-05
-2.81146e-05
-1.79611e-05
2.63566e-06
1.67587e-05
-1.91621e-05
6.96383e-06
-2.03036e-05
1.18307e-05
-2.12664e-05
1.69568e-05
-2.18345e-05
2.16227e-05
-2.16762e-05
2.48637e-05
-2.04403e-05
2.51281e-05
-1.76751e-05
2.09192e-05
-1.31283e-05
1.09772e-05
-7.79894e-06
-4.15597e-06
-3.31656e-06
-1.99947e-05
-3.14328e-05
-1.64214e-05
3.46384e-06
1.55928e-05
-1.70992e-05
7.64135e-06
-1.75584e-05
1.22893e-05
-1.76909e-05
1.70886e-05
-1.7327e-05
2.1258e-05
-1.62402e-05
2.37759e-05
-1.42608e-05
2.31482e-05
-1.12519e-05
1.79096e-05
-7.47054e-06
7.19556e-06
-4.08811e-06
-7.53894e-06
-1.61664e-06
-2.24673e-05
-3.30503e-05
-1.47275e-05
3.89597e-06
1.42966e-05
-1.48665e-05
7.78093e-06
-1.46428e-05
1.20659e-05
-1.39719e-05
1.64178e-05
-1.27523e-05
2.00387e-05
-1.08869e-05
2.19106e-05
-8.41074e-06
2.06723e-05
-5.49547e-06
1.49945e-05
-2.64291e-06
4.34305e-06
-7.62639e-07
-9.41953e-06
9.69689e-08
-2.33277e-05
-3.29544e-05
-1.29695e-05
3.9378e-06
1.29276e-05
-1.25921e-05
7.40354e-06
-1.17271e-05
1.12003e-05
-1.03203e-05
1.50108e-05
-8.35034e-06
1.8068e-05
-5.85251e-06
1.94126e-05
-3.05613e-06
1.78754e-05
-3.59342e-07
1.22976e-05
1.67002e-06
2.31322e-06
2.37472e-06
-1.01246e-05
1.91331e-06
-2.28673e-05
-3.10421e-05
-1.12263e-05
3.6254e-06
1.15399e-05
-1.03822e-05
6.55941e-06
-8.94425e-06
9.76237e-06
-6.88892e-06
1.29552e-05
-4.27383e-06
1.54532e-05
-1.25554e-06
1.63941e-05
1.7756e-06
1.48447e-05
4.27209e-06
9.80082e-06
5.66595e-06
9.19601e-07
5.3796e-06
-9.83865e-06
3.55518e-06
-2.10435e-05
-2.74878e-05
-9.555e-06
3.00782e-06
1.01716e-05
-8.31178e-06
5.31739e-06
-6.38293e-06
7.83189e-06
-3.76961e-06
1.03434e-05
-5.99253e-07
1.22807e-05
2.87307e-06
1.29239e-05
6.12707e-06
1.15883e-05
8.51235e-06
7.41744e-06
9.45476e-06
-2.4773e-08
8.28587e-06
-8.66927e-06
5.09641e-06
-1.78557e-05
-2.23918e-05
-7.97511e-06
2.15282e-06
8.83115e-06
-6.41127e-06
3.75367e-06
-4.07629e-06
5.49663e-06
-9.89257e-07
7.25674e-06
2.67269e-06
8.61878e-06
6.57419e-06
9.02294e-06
1.00913e-05
8.07118e-06
1.24684e-05
5.04052e-06
1.3116e-05
-6.72845e-07
1.11091e-05
-6.66283e-06
6.42689e-06
-1.31745e-05
-1.59658e-05
-6.41021e-06
1.12756e-06
7.43853e-06
-4.60603e-06
1.95043e-06
-1.9505e-06
2.84063e-06
1.5369e-06
3.7706e-06
5.65495e-06
4.50078e-06
9.98959e-06
4.68969e-06
1.38423e-05
4.21824e-06
1.63073e-05
2.57595e-06
1.67012e-05
-1.06759e-06
1.38023e-05
-3.76444e-06
7.70174e-06
-7.07523e-06
-8.26596e-06
-4.37298e-06
5.502e-06
-2.42269e-06
4.18264e-07
4.18884e-06
8.68995e-06
1.33796e-05
1.75979e-05
2.01737e-05
1.91061e-05
1.53415e-05
8.26596e-06
-1.22129e-05
-3.52616e-06
-1.30331e-05
-8.1451e-06
-1.25502e-05
-1.14141e-05
-1.21298e-05
-1.39876e-05
-1.20203e-05
-1.56876e-05
-1.23335e-05
-1.65404e-05
-1.30561e-05
-1.64861e-05
-1.40748e-05
-1.54859e-05
-1.52581e-05
-1.36521e-05
-1.64835e-05
-1.11264e-05
-1.77714e-05
-8.25294e-06
-5.08524e-06
-1.91924e-05
-7.24533e-06
3.72111e-06
-9.51732e-06
-5.87275e-06
-1.00265e-05
-1.09045e-05
-1.02802e-05
-1.37335e-05
-1.06268e-05
-1.53405e-05
-1.12446e-05
-1.59222e-05
-1.21557e-05
-1.55747e-05
-1.32809e-05
-1.43604e-05
-1.45207e-05
-1.24122e-05
-1.57911e-05
-9.85527e-06
-1.71164e-05
-6.9278e-06
-3.64134e-06
-1.85606e-05
-4.79425e-06
8.51619e-06
-7.03084e-06
-3.63577e-06
-8.08778e-06
-9.84725e-06
-8.79247e-06
-1.30286e-05
-9.47795e-06
-1.46548e-05
-1.03318e-05
-1.50682e-05
-1.13897e-05
-1.45167e-05
-1.25929e-05
-1.31571e-05
-1.38612e-05
-1.11438e-05
-1.51304e-05
-8.58665e-06
-1.64165e-05
-5.64134e-06
-2.29142e-06
-1.77661e-05
-3.21839e-06
1.17369e-05
-5.22073e-06
-1.63291e-06
-6.51795e-06
-8.54957e-06
-7.50845e-06
-1.20377e-05
-8.4452e-06
-1.37177e-05
-9.4846e-06
-1.40284e-05
-1.06599e-05
-1.3341e-05
-1.19203e-05
-1.18964e-05
-1.31938e-05
-9.86994e-06
-1.44218e-05
-7.35784e-06
-1.56066e-05
-4.4566e-06
-1.12512e-06
-1.67731e-05
-2.08393e-06
1.38226e-05
-3.75751e-06
4.12484e-08
-5.1372e-06
-7.16945e-06
-6.31187e-06
-1.08626e-05
-7.44255e-06
-1.25868e-05
-8.635e-06
-1.28357e-05
-9.90982e-06
-1.20661e-05
-1.12143e-05
-1.05917e-05
-1.24767e-05
-8.60749e-06
-1.36351e-05
-6.19971e-06
-1.46751e-05
-3.41617e-06
-1.99071e-07
-1.56007e-05
-1.09017e-06
1.49146e-05
-2.42674e-06
1.3784e-06
-3.8118e-06
-5.78396e-06
-5.11715e-06
-9.55686e-06
-6.41111e-06
-1.12924e-05
-7.74099e-06
-1.15054e-05
-9.10819e-06
-1.06985e-05
-1.04518e-05
-9.24766e-06
-1.1695e-05
-7.36393e-06
-1.27682e-05
-5.12571e-06
-1.36404e-05
-2.54384e-06
4.58037e-07
-1.42975e-05
-1.01725e-07
1.50185e-05
-1.09528e-06
2.37261e-06
-2.44708e-06
-4.43161e-06
-3.86176e-06
-8.14183e-06
-5.31012e-06
-9.84362e-06
-6.77651e-06
-1.00388e-05
-8.23853e-06
-9.23611e-06
-9.62352e-06
-7.86249e-06
-1.08484e-05
-6.13857e-06
-1.18342e-05
-4.14006e-06
-1.25346e-05
-1.84288e-06
8.45709e-07
-1.29218e-05
9.37759e-07
1.40824e-05
3.10203e-07
3.00089e-06
-9.79079e-07
-3.14186e-06
-2.50006e-06
-6.62032e-06
-4.11002e-06
-8.23331e-06
-5.72413e-06
-8.42411e-06
-7.29153e-06
-7.66842e-06
-8.72618e-06
-6.42725e-06
-9.94089e-06
-4.9236e-06
-1.08484e-05
-3.23174e-06
-1.139e-05
-1.30086e-06
9.84047e-07
-1.1528e-05
2.03099e-06
1.2054e-05
1.81918e-06
3.21314e-06
6.34035e-07
-1.95567e-06
-9.95973e-07
-4.99038e-06
-2.78412e-06
-6.4439e-06
-4.56737e-06
-6.64117e-06
-6.25729e-06
-5.97707e-06
-7.75423e-06
-4.93099e-06
-8.97139e-06
-3.70467e-06
-9.81909e-06
-2.38497e-06
-1.02282e-05
-8.91168e-07
9.11089e-07
-1.01548e-05
3.17452e-06
8.88239e-06
3.42498e-06
2.96397e-06
2.41866e-06
-9.48265e-07
6.94069e-07
-3.26483e-06
-1.28881e-06
-4.45993e-06
-3.27263e-06
-4.65634e-06
-5.11048e-06
-4.13816e-06
-6.68311e-06
-3.3574e-06
-7.9174e-06
-2.46919e-06
-8.72975e-06
-1.57251e-06
-9.04422e-06
-5.76544e-07
6.77547e-07
-8.81018e-06
4.25369e-06
4.63291e-06
5.09207e-06
2.12796e-06
4.41334e-06
-2.66932e-07
2.67647e-06
-1.52597e-06
5.07098e-07
-2.2878e-06
-1.73094e-06
-2.41555e-06
-3.7585e-06
-2.10704e-06
-5.41607e-06
-1.69724e-06
-6.67268e-06
-1.2097e-06
-7.47642e-06
-7.68465e-07
-7.74707e-06
-3.05486e-07
3.44825e-07
-7.41343e-06
4.63347e-06
6.76196e-06
6.49545e-06
4.97001e-06
2.68275e-06
2.67998e-07
-1.83846e-06
-3.53498e-06
-4.74461e-06
-5.513e-06
-5.81829e-06
-5.47338e-06
-2.09913e-05
-1.81143e-06
-2.31823e-05
2.08783e-06
-2.57455e-05
6.66083e-06
-2.86196e-05
1.18186e-05
-3.16215e-05
1.71912e-05
-3.44453e-05
2.21955e-05
-3.64777e-05
2.57695e-05
-3.69407e-05
2.65293e-05
-3.52165e-05
2.37542e-05
-3.02995e-05
1.64304e-05
-2.05285e-05
3.7407e-06
-1.5047e-05
-2.02845e-05
-8.8015e-08
-2.22902e-05
4.09301e-06
-2.45484e-05
8.9173e-06
-2.69658e-05
1.42358e-05
-2.93205e-05
1.95456e-05
-3.12514e-05
2.41261e-05
-3.21103e-05
2.6628e-05
-3.12746e-05
2.56934e-05
-2.76806e-05
2.01599e-05
-1.99191e-05
8.66861e-06
-8.61686e-06
-7.56194e-06
-2.36662e-05
-1.9278e-05
1.42399e-06
-2.09378e-05
5.75276e-06
-2.2701e-05
1.06813e-05
-2.44535e-05
1.59874e-05
-2.59592e-05
2.10504e-05
-2.68524e-05
2.50184e-05
-2.65835e-05
2.63584e-05
-2.45657e-05
2.36747e-05
-1.99169e-05
1.55105e-05
-1.24098e-05
1.16101e-06
-4.45412e-06
-1.55185e-05
-2.81199e-05
-1.79726e-05
2.62319e-06
-1.91728e-05
6.95255e-06
-2.03141e-05
1.18212e-05
-2.12768e-05
1.69501e-05
-2.18445e-05
2.16182e-05
-2.16854e-05
2.48592e-05
-2.04478e-05
2.51206e-05
-1.768e-05
2.09069e-05
-1.31305e-05
1.09607e-05
-7.79961e-06
-4.17027e-06
-3.31608e-06
-2.00027e-05
-3.14376e-05
-1.64269e-05
3.44958e-06
-1.71045e-05
7.63016e-06
-1.75634e-05
1.22808e-05
-1.76959e-05
1.7082e-05
-1.73315e-05
2.12531e-05
-1.62437e-05
2.37707e-05
-1.42631e-05
2.31396e-05
-1.12528e-05
1.78958e-05
-7.4707e-06
7.17826e-06
-4.08829e-06
-7.55311e-06
-1.61637e-06
-2.24753e-05
-3.30542e-05
-1.47268e-05
3.87868e-06
-1.48663e-05
7.76935e-06
-1.46427e-05
1.20562e-05
-1.39717e-05
1.64111e-05
-1.27519e-05
2.00334e-05
-1.08858e-05
2.19047e-05
-8.40916e-06
2.0663e-05
-5.49376e-06
1.49804e-05
-2.64187e-06
4.32633e-06
-7.6236e-07
-9.43288e-06
9.7372e-08
-2.33356e-05
-3.29579e-05
-1.29629e-05
3.91997e-06
-1.25867e-05
7.39314e-06
-1.17221e-05
1.11919e-05
-1.03156e-05
1.50045e-05
-8.34561e-06
1.80628e-05
-5.84766e-06
1.94067e-05
-3.05161e-06
1.78664e-05
-3.55723e-07
1.22844e-05
1.6721e-06
2.29801e-06
2.37554e-06
-1.01366e-05
1.91382e-06
-2.28747e-05
-3.10446e-05
-1.12146e-05
3.60663e-06
-1.03725e-05
6.55092e-06
-8.9352e-06
9.75441e-06
-6.88041e-06
1.29496e-05
-4.26564e-06
1.54483e-05
-1.24774e-06
1.63886e-05
1.78238e-06
1.48368e-05
4.27725e-06
9.78924e-06
5.669e-06
9.06589e-07
5.38096e-06
-9.84886e-06
3.55587e-06
-2.10501e-05
-2.74896e-05
-9.53925e-06
2.99129e-06
-8.29883e-06
5.31051e-06
-6.37066e-06
7.82614e-06
-3.75814e-06
1.03386e-05
-5.88371e-07
1.22768e-05
2.88319e-06
1.29195e-05
6.1356e-06
1.15819e-05
8.51881e-06
7.40833e-06
9.45865e-06
-3.53858e-08
8.28768e-06
-8.67728e-06
5.09716e-06
-1.78611e-05
-2.23927e-05
-7.95713e-06
2.13844e-06
-6.39623e-06
3.74948e-06
-4.06196e-06
5.49292e-06
-9.75701e-07
7.25344e-06
2.68548e-06
8.61609e-06
6.58597e-06
9.01989e-06
1.01012e-05
8.06685e-06
1.24758e-05
5.03408e-06
1.31206e-05
-6.80457e-07
1.11111e-05
-6.66825e-06
6.42769e-06
-1.31785e-05
-1.59659e-05
-6.39147e-06
1.11683e-06
-4.59034e-06
1.94875e-06
-1.9351e-06
2.84024e-06
1.55164e-06
3.76986e-06
5.66894e-06
4.5e-06
1.00025e-05
4.68858e-06
1.38532e-05
4.21636e-06
1.63156e-05
2.57262e-06
1.67061e-05
-1.07164e-06
1.38043e-05
-3.76691e-06
7.70236e-06
-7.07761e-06
-8.26541e-06
-4.3565e-06
-2.40723e-06
4.33783e-07
4.20387e-06
8.70439e-06
1.3393e-05
1.76095e-05
2.01821e-05
1.91104e-05
1.53433e-05
8.26541e-06
-1.22237e-05
-3.50231e-06
-1.30442e-05
-8.1262e-06
-1.25601e-05
-1.13969e-05
-1.21378e-05
-1.39718e-05
-1.20261e-05
-1.5673e-05
-1.23369e-05
-1.65264e-05
-1.30569e-05
-1.64729e-05
-1.40731e-05
-1.54736e-05
-1.52545e-05
-1.36416e-05
-1.64783e-05
-1.11184e-05
-1.7766e-05
-8.24946e-06
-5.08423e-06
-1.91866e-05
-7.25183e-06
3.75153e-06
-9.5247e-06
-5.85302e-06
-1.00326e-05
-1.08886e-05
-1.02845e-05
-1.37197e-05
-1.06291e-05
-1.53282e-05
-1.12445e-05
-1.5911e-05
-1.2153e-05
-1.55643e-05
-1.32758e-05
-1.43508e-05
-1.45136e-05
-1.24038e-05
-1.57828e-05
-9.84949e-06
-1.71071e-05
-6.92411e-06
-3.64194e-06
-1.8551e-05
-4.79793e-06
8.55017e-06
-7.03506e-06
-3.61556e-06
-8.09096e-06
-9.8325e-06
-8.79408e-06
-1.30164e-05
-9.47764e-06
-1.46446e-05
-1.03292e-05
-1.50594e-05
-1.13846e-05
-1.4509e-05
-1.25855e-05
-1.31501e-05
-1.3852e-05
-1.11376e-05
-1.51196e-05
-8.58191e-06
-1.6405e-05
-5.64007e-06
-2.29231e-06
-1.77536e-05
-3.22028e-06
1.17727e-05
-5.22241e-06
-1.61295e-06
-6.51879e-06
-8.53576e-06
-7.50801e-06
-1.20269e-05
-8.44307e-06
-1.37093e-05
-9.48036e-06
-1.4022e-05
-1.06534e-05
-1.33359e-05
-1.19116e-05
-1.18918e-05
-1.31833e-05
-9.86582e-06
-1.441e-05
-7.35519e-06
-1.55936e-05
-4.4554e-06
-1.12784e-06
-1.67593e-05
-2.08391e-06
1.38583e-05
-3.75708e-06
6.07227e-08
-5.13608e-06
-7.1564e-06
-6.30975e-06
-1.0853e-05
-7.43901e-06
-1.258e-05
-8.62961e-06
-1.28314e-05
-9.90237e-06
-1.20633e-05
-1.1205e-05
-1.05892e-05
-1.24656e-05
-8.60529e-06
-1.36226e-05
-6.19806e-06
-1.46618e-05
-3.41723e-06
-2.02216e-07
-1.55863e-05
-1.08859e-06
1.49487e-05
-2.42444e-06
1.3971e-06
-3.80887e-06
-5.77164e-06
-5.11345e-06
-9.54818e-06
-6.40629e-06
-1.1287e-05
-7.73463e-06
-1.15029e-05
-9.10003e-06
-1.06979e-05
-1.0442e-05
-9.24715e-06
-1.16838e-05
-7.36331e-06
-1.27559e-05
-5.12571e-06
-1.3627e-05
-2.54499e-06
4.53426e-07
-1.42834e-05
-9.8695e-08
1.50495e-05
-1.09116e-06
2.39015e-06
-2.44227e-06
-4.42e-06
-3.85636e-06
-8.1339e-06
-5.30389e-06
-9.83919e-06
-6.76909e-06
-1.00377e-05
-8.22964e-06
-9.2371e-06
-9.61331e-06
-7.86357e-06
-1.0837e-05
-6.13924e-06
-1.18219e-05
-4.14067e-06
-1.25218e-05
-1.84558e-06
8.40935e-07
-1.29083e-05
9.42159e-07
1.4109e-05
3.16209e-07
3.0168e-06
-9.72189e-07
-3.13124e-06
-2.49264e-06
-6.61301e-06
-4.10204e-06
-8.22971e-06
-5.71535e-06
-8.42407e-06
-7.28172e-06
-7.67077e-06
-8.71544e-06
-6.42941e-06
-9.92929e-06
-4.92515e-06
-1.08363e-05
-3.23311e-06
-1.13776e-05
-1.30358e-06
9.78723e-07
-1.15153e-05
2.03667e-06
1.20752e-05
1.82713e-06
3.22657e-06
6.43319e-07
-1.94617e-06
-9.86139e-07
-4.98407e-06
-2.77384e-06
-6.44043e-06
-4.55683e-06
-6.642e-06
-6.24613e-06
-5.97972e-06
-7.74272e-06
-4.93411e-06
-8.95934e-06
-3.70639e-06
-9.8069e-06
-2.38669e-06
-1.02161e-05
-8.94115e-07
9.0575e-07
-1.01426e-05
3.18138e-06
8.89667e-06
3.43491e-06
2.97432e-06
2.43052e-06
-9.40727e-07
7.06908e-07
-3.25965e-06
-1.27563e-06
-4.45701e-06
-3.25961e-06
-4.65734e-06
-5.09759e-06
-4.14089e-06
-6.67043e-06
-3.36062e-06
-7.9046e-06
-2.47087e-06
-8.71713e-06
-1.57398e-06
-9.0321e-06
-5.79121e-07
6.73289e-07
-8.79809e-06
4.26117e-06
4.63977e-06
5.10377e-06
2.13403e-06
4.42788e-06
-2.62274e-07
2.69275e-06
-1.52293e-06
5.24121e-07
-2.28608e-06
-1.71459e-06
-2.41686e-06
-3.74323e-06
-2.10927e-06
-5.40194e-06
-1.7e-06
-6.65882e-06
-1.21066e-06
-7.46303e-06
-7.69258e-07
-7.73453e-06
-3.06805e-07
3.43396e-07
-7.40108e-06
4.64031e-06
6.77488e-06
6.51293e-06
4.99046e-06
2.7047e-06
2.88528e-07
-1.82035e-06
-3.51952e-06
-4.73006e-06
-5.4992e-06
-5.80526e-06
-5.4609e-06
-2.09853e-05
-1.81337e-06
-2.31754e-05
2.08468e-06
-2.57369e-05
6.6561e-06
-2.8608e-05
1.18124e-05
-3.16061e-05
1.71808e-05
-3.44259e-05
2.218e-05
-3.64561e-05
2.5751e-05
-3.6919e-05
2.65105e-05
-3.51976e-05
2.37375e-05
-3.02855e-05
1.64176e-05
-2.05205e-05
3.73287e-06
-1.50455e-05
-2.02741e-05
-9.05303e-08
-2.22786e-05
4.08884e-06
-2.45347e-05
8.91172e-06
-2.69494e-05
1.42267e-05
-2.93008e-05
1.95317e-05
-3.12292e-05
2.4108e-05
-3.20875e-05
2.6609e-05
-3.12537e-05
2.56763e-05
-2.76647e-05
2.0148e-05
-1.99113e-05
8.6633e-06
-8.6161e-06
-7.56334e-06
-2.36653e-05
-1.92646e-05
1.4196e-06
-2.09231e-05
5.74638e-06
-2.26845e-05
1.06721e-05
-2.44346e-05
1.59758e-05
-2.59381e-05
2.10341e-05
-2.68301e-05
2.49991e-05
-2.65619e-05
2.63398e-05
-2.45474e-05
2.3661e-05
-1.99049e-05
1.55046e-05
-1.24056e-05
1.16287e-06
-4.45475e-06
-1.55164e-05
-2.81206e-05
-1.79576e-05
2.61822e-06
-1.91566e-05
6.94537e-06
-2.02961e-05
1.18118e-05
-2.12575e-05
1.69371e-05
-2.1824e-05
2.16007e-05
-2.1665e-05
2.48401e-05
-2.04289e-05
2.51037e-05
-1.76653e-05
2.08971e-05
-1.31215e-05
1.09603e-05
-7.79572e-06
-4.16394e-06
-3.31515e-06
-1.99986e-05
-3.14381e-05
-1.64115e-05
3.44294e-06
-1.7088e-05
7.62135e-06
-1.75459e-05
1.22691e-05
-1.76777e-05
1.70682e-05
-1.7313e-05
2.12354e-05
-1.62264e-05
2.37529e-05
-1.4248e-05
2.31244e-05
-1.12416e-05
1.78903e-05
-7.46359e-06
7.18144e-06
-4.08416e-06
-7.54441e-06
-1.61437e-06
-2.247e-05
-3.30538e-05
-1.47118e-05
3.87168e-06
-1.48506e-05
7.76056e-06
-1.46264e-05
1.20452e-05
-1.39556e-05
1.63977e-05
-1.27363e-05
2.00163e-05
-1.08722e-05
2.1889e-05
-8.39779e-06
2.065e-05
-5.48568e-06
1.49782e-05
-2.63615e-06
4.33159e-06
-7.58421e-07
-9.42272e-06
9.95696e-08
-2.33293e-05
-3.29558e-05
-1.29487e-05
3.91227e-06
-1.25723e-05
7.38391e-06
-1.17077e-05
1.11807e-05
-1.03022e-05
1.49918e-05
-8.33329e-06
1.80474e-05
-5.83794e-06
1.9393e-05
-3.04373e-06
1.78558e-05
-3.50492e-07
1.22843e-05
1.6764e-06
2.30438e-06
2.37875e-06
-1.01263e-05
1.91582e-06
-2.28677e-05
-3.10417e-05
-1.12015e-05
3.59884e-06
-1.03595e-05
6.54246e-06
-8.92286e-06
9.74417e-06
-6.86969e-06
1.29391e-05
-4.25656e-06
1.54342e-05
-1.2415e-06
1.63786e-05
1.78701e-06
1.48269e-05
4.27992e-06
9.79183e-06
5.67163e-06
9.12039e-07
5.38322e-06
-9.83818e-06
3.55746e-06
-2.10432e-05
-2.74858e-05
-9.52679e-06
2.98462e-06
-8.28726e-06
5.302e-06
-6.35993e-06
7.81864e-06
-3.75024e-06
1.03278e-05
-5.81654e-07
1.22683e-05
2.88574e-06
1.29082e-05
6.13799e-06
1.15781e-05
8.51857e-06
7.40763e-06
9.46002e-06
-2.75185e-08
8.28863e-06
-8.67e-06
5.09839e-06
-1.78539e-05
-2.23895e-05
-7.94515e-06
2.1333e-06
-6.38529e-06
3.74317e-06
-4.05281e-06
5.48731e-06
-9.69429e-07
7.24533e-06
2.68952e-06
8.61044e-06
6.58637e-06
9.01164e-06
1.01007e-05
8.0644e-06
1.24738e-05
5.03381e-06
1.312e-05
-6.74298e-07
1.11114e-05
-6.66307e-06
6.42841e-06
-1.31732e-05
-1.5964e-05
-6.37941e-06
1.11589e-06
-4.5797e-06
1.9464e-06
-1.92673e-06
2.83824e-06
1.55644e-06
3.76449e-06
5.6713e-06
4.49859e-06
1.00007e-05
4.6828e-06
1.38505e-05
4.21615e-06
1.63116e-05
2.57163e-06
1.67042e-05
-1.0676e-06
1.38039e-05
-3.76515e-06
7.70288e-06
-7.07505e-06
-8.26675e-06
-4.34441e-06
-2.39714e-06
4.41596e-07
4.20684e-06
8.70549e-06
1.33887e-05
1.76046e-05
2.01762e-05
1.91081e-05
1.53426e-05
8.26675e-06
-1.22191e-05
-3.49579e-06
-1.30393e-05
-8.12627e-06
-1.25556e-05
-1.14023e-05
-1.21338e-05
-1.39809e-05
-1.20227e-05
-1.56841e-05
-1.23344e-05
-1.65382e-05
-1.3056e-05
-1.64841e-05
-1.40741e-05
-1.54837e-05
-1.52574e-05
-1.36501e-05
-1.64834e-05
-1.11255e-05
-1.77724e-05
-8.2534e-06
-5.08686e-06
-1.91945e-05
-7.24812e-06
3.75539e-06
-9.5205e-06
-5.85336e-06
-1.00288e-05
-1.08936e-05
-1.02813e-05
-1.3728e-05
-1.06266e-05
-1.53383e-05
-1.12432e-05
-1.59213e-05
-1.21533e-05
-1.55736e-05
-1.3278e-05
-1.43587e-05
-1.45178e-05
-1.24102e-05
-1.57887e-05
-9.85376e-06
-1.71149e-05
-6.92741e-06
-3.64201e-06
-1.85601e-05
-4.79484e-06
8.55112e-06
-7.03138e-06
-3.61636e-06
-8.08761e-06
-9.83696e-06
-8.79131e-06
-1.3024e-05
-9.47571e-06
-1.46537e-05
-1.03285e-05
-1.50683e-05
-1.13855e-05
-1.45164e-05
-1.25883e-05
-1.31558e-05
-1.38565e-05
-1.11418e-05
-1.51261e-05
-8.58482e-06
-1.64127e-05
-5.64032e-06
-2.29139e-06
-1.7763e-05
-3.21766e-06
1.17725e-05
-5.21905e-06
-1.61421e-06
-6.51566e-06
-8.53975e-06
-7.50541e-06
-1.20337e-05
-8.44129e-06
-1.37173e-05
-9.47979e-06
-1.40294e-05
-1.06543e-05
-1.33414e-05
-1.19143e-05
-1.18956e-05
-1.31876e-05
-9.86811e-06
-1.44158e-05
-7.35581e-06
-1.56009e-05
-4.45522e-06
-1.12471e-06
-1.67677e-05
-2.08144e-06
1.38562e-05
-3.75387e-06
5.89388e-08
-5.13301e-06
-7.16008e-06
-6.30713e-06
-1.08592e-05
-7.43717e-06
-1.2587e-05
-8.62889e-06
-1.28373e-05
-9.90307e-06
-1.20671e-05
-1.12071e-05
-1.05913e-05
-1.24691e-05
-8.60591e-06
-1.36275e-05
-6.19774e-06
-1.46675e-05
-3.41466e-06
-1.98477e-07
-1.55933e-05
-1.08618e-06
1.49454e-05
-2.42132e-06
1.39496e-06
-3.80581e-06
-5.77498e-06
-5.11076e-06
-9.55369e-06
-6.40431e-06
-1.1293e-05
-7.73365e-06
-1.15075e-05
-9.10027e-06
-1.07001e-05
-1.04433e-05
-9.24775e-06
-1.16862e-05
-7.36271e-06
-1.27591e-05
-5.12388e-06
-1.36311e-05
-2.54243e-06
4.58589e-07
-1.42881e-05
-9.63654e-08
1.50447e-05
-1.08816e-06
2.38768e-06
-2.43928e-06
-4.42313e-06
-3.85367e-06
-8.13881e-06
-5.30185e-06
-9.84426e-06
-6.76786e-06
-1.00412e-05
-8.22938e-06
-9.23806e-06
-9.61383e-06
-7.86306e-06
-1.08382e-05
-6.13776e-06
-1.18236e-05
-4.13858e-06
-1.25237e-05
-1.84166e-06
8.46138e-07
-1.29107e-05
9.44297e-07
1.41035e-05
3.18938e-07
3.0142e-06
-9.69407e-07
-3.13401e-06
-2.49014e-06
-6.61735e-06
-4.1001e-06
-8.23379e-06
-5.71402e-06
-8.42659e-06
-7.28102e-06
-7.67068e-06
-8.71514e-06
-6.42823e-06
-9.92927e-06
-4.92328e-06
-1.08363e-05
-3.23056e-06
-1.13775e-05
-1.29991e-06
9.84288e-07
-1.15153e-05
2.03828e-06
1.2069e-05
1.82941e-06
3.22408e-06
6.45616e-07
-1.94902e-06
-9.84039e-07
-4.98743e-06
-2.77233e-06
-6.44409e-06
-4.55557e-06
-6.6435e-06
-6.24519e-06
-5.97939e-06
-7.74166e-06
-4.93244e-06
-8.95819e-06
-3.70464e-06
-9.80545e-06
-2.38434e-06
-1.02141e-05
-8.90516e-07
9.11154e-07
-1.01404e-05
3.18232e-06
8.89177e-06
3.4364e-06
2.97214e-06
2.4321e-06
-9.43013e-07
7.08174e-07
-3.26199e-06
-1.27483e-06
-4.45961e-06
-3.2588e-06
-4.65811e-06
-5.09653e-06
-4.14026e-06
-6.66878e-06
-3.35894e-06
-7.90247e-06
-2.46943e-06
-8.71439e-06
-1.57223e-06
-9.02846e-06
-5.76178e-07
6.77523e-07
-8.79416e-06
4.26117e-06
4.63807e-06
5.10419e-06
2.13318e-06
4.42824e-06
-2.62992e-07
2.69276e-06
-1.52335e-06
5.2372e-07
-2.28679e-06
-1.71457e-06
-2.41593e-06
-3.74233e-06
-2.10786e-06
-5.39981e-06
-1.69803e-06
-6.65591e-06
-1.20968e-06
-7.45927e-06
-7.68329e-07
-7.72957e-06
-3.0518e-07
3.44998e-07
-7.39575e-06
4.63905e-06
6.77306e-06
6.51074e-06
4.98812e-06
2.7021e-06
2.87211e-07
-1.81987e-06
-3.51699e-06
-4.72655e-06
-5.49475e-06
-5.79964e-06
-5.4545e-06
-2.09944e-05
-1.81335e-06
-2.31858e-05
2.08615e-06
-2.57487e-05
6.65928e-06
-2.86212e-05
1.18158e-05
-3.16201e-05
1.71851e-05
-3.44396e-05
2.21842e-05
-3.64674e-05
2.57534e-05
-3.69264e-05
2.65098e-05
-3.51989e-05
2.37313e-05
-3.02806e-05
1.64087e-05
-2.05126e-05
3.72564e-06
-1.50462e-05
-2.02847e-05
-8.92608e-08
-2.22905e-05
4.09155e-06
-2.45483e-05
8.91517e-06
-2.69639e-05
1.42313e-05
-2.93157e-05
1.95365e-05
-3.12428e-05
2.41111e-05
-3.20979e-05
2.66082e-05
-3.12592e-05
2.56708e-05
-2.76642e-05
2.01358e-05
-1.99063e-05
8.65041e-06
-8.61188e-06
-7.56916e-06
-2.36604e-05
-1.92754e-05
1.42322e-06
-2.09352e-05
5.75133e-06
-2.26978e-05
1.06785e-05
-2.44487e-05
1.59813e-05
-2.59519e-05
2.10389e-05
-2.68422e-05
2.50004e-05
-2.65708e-05
2.6336e-05
-2.45513e-05
2.36504e-05
-1.99039e-05
1.54879e-05
-1.24021e-05
1.14806e-06
-4.45207e-06
-1.55201e-05
-2.81121e-05
-1.79675e-05
2.62263e-06
-1.91675e-05
6.951e-06
-2.03082e-05
1.18178e-05
-2.12697e-05
1.69428e-05
-2.18357e-05
2.16049e-05
-2.16748e-05
2.48396e-05
-2.04358e-05
2.5097e-05
-1.7668e-05
2.08826e-05
-1.31211e-05
1.09407e-05
-7.79418e-06
-4.17925e-06
-3.31376e-06
-2.00011e-05
-3.14274e-05
-1.64194e-05
3.44907e-06
-1.70968e-05
7.62843e-06
-1.75553e-05
1.22769e-05
-1.7687e-05
1.70739e-05
-1.73217e-05
2.1239e-05
-1.62333e-05
2.37504e-05
-1.42527e-05
2.31159e-05
-1.12436e-05
1.78727e-05
-7.46423e-06
7.16099e-06
-4.08443e-06
-7.55949e-06
-1.61443e-06
-2.24719e-05
-3.30421e-05
-1.47173e-05
3.87809e-06
-1.48565e-05
7.76742e-06
-1.46327e-05
1.20521e-05
-1.39615e-05
1.64027e-05
-1.27416e-05
2.00193e-05
-1.0876e-05
2.18849e-05
-8.40055e-06
2.06405e-05
-5.48706e-06
1.49591e-05
-2.6377e-06
4.31159e-06
-7.60012e-07
-9.43744e-06
9.84057e-08
-2.33309e-05
-3.29448e-05
-1.29515e-05
3.91927e-06
-1.25752e-05
7.3911e-06
-1.17106e-05
1.11878e-05
-1.03044e-05
1.49964e-05
-8.33516e-06
1.80495e-05
-5.83866e-06
1.93883e-05
-3.04467e-06
1.78459e-05
-3.51185e-07
1.22656e-05
1.6743e-06
2.28558e-06
2.37635e-06
-1.01398e-05
1.91381e-06
-2.28692e-05
-3.10316e-05
-1.12017e-05
3.60582e-06
-1.03594e-05
6.54888e-06
-8.92241e-06
9.75053e-06
-6.86834e-06
1.29423e-05
-4.25509e-06
1.54366e-05
-1.23945e-06
1.63725e-05
1.78786e-06
1.48192e-05
4.27992e-06
9.77317e-06
5.66941e-06
8.96448e-07
5.38024e-06
-9.85091e-06
3.55488e-06
-2.10443e-05
-2.74775e-05
-9.52473e-06
2.99045e-06
-8.28441e-06
5.30864e-06
-6.35673e-06
7.82277e-06
-3.74532e-06
1.03326e-05
-5.77737e-07
1.22671e-05
2.89091e-06
1.29066e-05
6.13982e-06
1.15675e-05
8.51987e-06
7.39562e-06
9.45734e-06
-4.33172e-08
8.28547e-06
-8.6783e-06
5.09525e-06
-1.78557e-05
-2.23825e-05
-7.9411e-06
2.1377e-06
-6.3805e-06
3.74796e-06
-4.04693e-06
5.49043e-06
-9.62161e-07
7.24912e-06
2.69633e-06
8.6091e-06
6.59324e-06
9.01062e-06
1.01044e-05
8.05662e-06
1.24754e-05
5.02501e-06
1.31176e-05
-6.8586e-07
1.11074e-05
-6.66851e-06
6.42496e-06
-1.31742e-05
-1.59585e-05
-6.37394e-06
1.11651e-06
-4.57332e-06
1.94796e-06
-1.91895e-06
2.8391e-06
1.56599e-06
3.76783e-06
5.68011e-06
4.49629e-06
1.00094e-05
4.68371e-06
1.38554e-05
4.21091e-06
1.63137e-05
2.5677e-06
1.67014e-05
-1.07424e-06
1.37991e-05
-3.76663e-06
7.69897e-06
-7.0752e-06
-8.2615e-06
-4.33789e-06
-2.38931e-06
4.50676e-07
4.21876e-06
8.71561e-06
1.33993e-05
1.76105e-05
2.01781e-05
1.91038e-05
1.5337e-05
8.2615e-06
-1.22075e-05
-3.52566e-06
-1.30247e-05
-8.14894e-06
-1.25394e-05
-1.14205e-05
-1.21163e-05
-1.39965e-05
-1.20039e-05
-1.56986e-05
-1.23139e-05
-1.65519e-05
-1.30334e-05
-1.64963e-05
-1.40495e-05
-1.54926e-05
-1.5231e-05
-1.3654e-05
-1.6455e-05
-1.11229e-05
-1.77431e-05
-8.24615e-06
-5.07913e-06
-7.24089e-06
3.71724e-06
-9.51054e-06
-5.87897e-06
-1.00178e-05
-1.0913e-05
-1.02694e-05
-1.37447e-05
-1.06135e-05
-1.53542e-05
-1.12285e-05
-1.59369e-05
-1.21366e-05
-1.55881e-05
-1.32592e-05
-1.43701e-05
-1.44967e-05
-1.24164e-05
-1.57656e-05
-9.85417e-06
-1.70901e-05
-6.92067e-06
-3.6337e-06
-4.79132e-06
8.50932e-06
-7.02633e-06
-3.64363e-06
-8.08197e-06
-9.85708e-06
-8.78512e-06
-1.30414e-05
-9.46861e-06
-1.46707e-05
-1.032e-05
-1.50855e-05
-1.13753e-05
-1.4533e-05
-1.2576e-05
-1.31695e-05
-1.38421e-05
-1.11505e-05
-1.51093e-05
-8.58698e-06
-1.63945e-05
-5.63642e-06
-2.28158e-06
-3.21675e-06
1.17283e-05
-5.21853e-06
-1.64136e-06
-6.51515e-06
-8.56011e-06
-7.50479e-06
-1.20515e-05
-8.44023e-06
-1.37351e-05
-9.47783e-06
-1.40478e-05
-1.06511e-05
-1.33597e-05
-1.19094e-05
-1.19112e-05
-1.31808e-05
-9.87903e-06
-1.44069e-05
-7.3607e-06
-1.55903e-05
-4.45175e-06
-1.11384e-06
-2.08365e-06
1.38137e-05
-3.75743e-06
3.29315e-08
-5.13722e-06
-7.17996e-06
-6.31181e-06
-1.08767e-05
-7.44197e-06
-1.26049e-05
-8.63345e-06
-1.28563e-05
-9.90695e-06
-1.20863e-05
-1.121e-05
-1.06081e-05
-1.24705e-05
-8.61858e-06
-1.3627e-05
-6.2039e-06
-1.46658e-05
-3.41363e-06
-1.85914e-07
-1.09099e-06
1.49065e-05
-2.4284e-06
1.37087e-06
-3.81421e-06
-5.79383e-06
-5.12029e-06
-9.57033e-06
-6.41463e-06
-1.13104e-05
-7.7445e-06
-1.15263e-05
-9.11126e-06
-1.07196e-05
-1.04542e-05
-9.26513e-06
-1.16961e-05
-7.37638e-06
-1.27678e-05
-5.13182e-06
-1.36383e-05
-2.54176e-06
4.72179e-07
-1.03341e-07
1.50119e-05
-1.09819e-06
2.3663e-06
-2.45129e-06
-4.4402e-06
-3.86748e-06
-8.15397e-06
-5.31715e-06
-9.86041e-06
-6.78459e-06
-1.00589e-05
-8.24719e-06
-9.25673e-06
-9.63243e-06
-7.88e-06
-1.08567e-05
-6.15163e-06
-1.18411e-05
-4.14697e-06
-1.25399e-05
-1.84316e-06
8.6063e-07
9.35729e-07
1.40778e-05
3.06639e-07
2.99609e-06
-9.84373e-07
-3.14886e-06
-2.50753e-06
-6.63037e-06
-4.11973e-06
-8.24818e-06
-5.73599e-06
-8.4423e-06
-7.30512e-06
-7.68767e-06
-8.74106e-06
-6.44356e-06
-9.95585e-06
-4.93644e-06
-1.08625e-05
-3.23938e-06
-1.14022e-05
-1.30269e-06
9.98916e-07
2.02904e-06
1.20517e-05
1.81553e-06
3.20975e-06
6.28491e-07
-1.96045e-06
-1.00429e-06
-4.99825e-06
-2.79537e-06
-6.45534e-06
-4.58207e-06
-6.65672e-06
-6.27479e-06
-5.99291e-06
-7.77431e-06
-4.94553e-06
-8.99232e-06
-3.71574e-06
-9.83989e-06
-2.39303e-06
-1.02467e-05
-8.95459e-07
9.25119e-07
3.17292e-06
8.88167e-06
3.42187e-06
2.9621e-06
2.41361e-06
-9.51136e-07
6.86071e-07
-3.26992e-06
-1.30049e-06
-4.46787e-06
-3.2888e-06
-4.66776e-06
-5.13087e-06
-4.14988e-06
-6.70722e-06
-3.36844e-06
-7.94349e-06
-2.47761e-06
-8.75655e-06
-1.57966e-06
-9.06867e-06
-5.82816e-07
6.90351e-07
4.25292e-06
4.63301e-06
5.08997e-06
2.12735e-06
4.40963e-06
-2.6822e-07
2.66989e-06
-1.52865e-06
4.964e-07
-2.29202e-06
-1.74727e-06
-2.42236e-06
-3.78046e-06
-2.11341e-06
-5.443e-06
-1.7036e-06
-6.70276e-06
-1.21344e-06
-7.50865e-06
-7.72712e-07
-7.77795e-06
-3.10911e-07
3.56485e-07
4.63354e-06
6.76144e-06
6.49353e-06
4.96535e-06
2.67365e-06
2.52048e-07
-1.86089e-06
-3.56341e-06
-4.77661e-06
-5.54887e-06
-5.85849e-06
)
;

boundaryField
{
    rotor
    {
        type            calculated;
        value           uniform 0;
    }
    stator
    {
        type            calculated;
        value           uniform 0;
    }
    front
    {
        type            empty;
        value           nonuniform 0();
    }
    back
    {
        type            empty;
        value           nonuniform 0();
    }
}


// ************************************************************************* //
