/*--------------------------------*- C++ -*----------------------------------*\
| =========                 |                                                 |
| \\      /  F ield         | OpenFOAM: The Open Source CFD Toolbox           |
|  \\    /   O peration     | Version:  v1912                                 |
|   \\  /    A nd           | Website:  www.openfoam.com                      |
|    \\/     M anipulation  |                                                 |
\*---------------------------------------------------------------------------*/
FoamFile
{
    version     2.0;
    format      ascii;
    class       volVectorField;
    location    "200";
    object      U;
}
// * * * * * * * * * * * * * * * * * * * * * * * * * * * * * * * * * * * * * //

dimensions      [0 1 -1 0 0 0 0];


internalField   nonuniform List<vector> 
3072
(
(0.105396 2.22318 0)
(0.128904 1.91087 0)
(0.220372 1.72281 1.31141e-19)
(0.35311 1.59975 1.51274e-18)
(0.450997 1.67698 -1.76441e-18)
(0.895352 1.87539 9.96256e-19)
(2.07832 1.65515 1.35981e-19)
(3.01005 2.27516 4.05307e-19)
(3.21588 2.73385 -1.12437e-18)
(3.60748 3.02725 1.21142e-18)
(3.94093 3.13637 9.46554e-20)
(4.27725 3.17381 3.76707e-19)
(-0.520629 2.7735 -2.14012e-19)
(-0.271905 2.34114 -3.2014e-19)
(0.088519 2.44063 4.10939e-19)
(0.74774 2.51883 0)
(1.7059 2.71561 4.40054e-19)
(2.60956 3.14965 -5.83624e-19)
(3.06778 3.22581 0)
(3.22237 3.33005 0)
(3.23634 3.40948 0)
(3.36284 3.45763 7.02209e-19)
(3.45996 3.5035 -1.54935e-18)
(3.59089 3.49223 6.13439e-19)
(-0.409227 3.08997 1.40726e-19)
(0.135191 2.78566 0)
(0.901793 2.95036 0)
(1.79631 3.164 -2.03488e-18)
(2.55234 3.30611 7.51015e-19)
(3.01259 3.36368 -1.82497e-18)
(3.24029 3.2738 1.9287e-18)
(3.33898 3.22117 0)
(3.38973 3.17786 0)
(3.46939 3.13587 -9.3449e-19)
(3.53388 3.08543 -7.28512e-19)
(3.61762 3.02393 2.52791e-18)
(-0.191992 3.36105 -1.38773e-18)
(0.485062 3.24138 -2.34618e-18)
(1.31952 3.3963 1.20578e-18)
(2.14206 3.47209 -1.23752e-18)
(2.70963 3.43753 3.3659e-18)
(3.00204 3.34693 -2.98685e-18)
(3.164 3.23491 -1.72555e-18)
(3.22302 3.14318 -4.72219e-18)
(3.24857 3.06761 -9.09501e-20)
(3.28345 2.99712 2.53493e-18)
(3.32874 2.93472 2.69713e-18)
(3.38948 2.87019 -2.15226e-18)
(0.0983765 3.51671 0)
(0.775621 3.52088 9.72459e-19)
(1.55085 3.59959 -1.78775e-18)
(2.26166 3.55308 2.68529e-18)
(2.69083 3.42848 3.76996e-19)
(2.92135 3.29108 1.69743e-18)
(3.00393 3.14503 1.91601e-18)
(3.03993 3.02543 1.64104e-18)
(3.0672 2.92559 -3.252e-18)
(3.1049 2.83753 2.83571e-18)
(3.15099 2.75859 -3.77913e-18)
(3.20606 2.68418 5.09969e-18)
(0.326238 3.65189 -2.99077e-18)
(0.968223 3.72265 1.27338e-18)
(1.65439 3.72502 3.60938e-18)
(2.24253 3.59897 0)
(2.60497 3.41093 -4.73139e-18)
(2.75493 3.22527 5.75623e-18)
(2.82171 3.05401 0)
(2.85853 2.91004 -4.12512e-18)
(2.88956 2.78983 3.53973e-18)
(2.92704 2.68693 0)
(2.97113 2.5973 2.09503e-19)
(3.0216 2.51753 3.17242e-18)
(0.494686 3.8033 0)
(1.07816 3.92345 -3.15546e-18)
(1.66706 3.8528 2.79941e-18)
(2.15869 3.6583 0)
(2.43795 3.41976 -3.58571e-18)
(2.56427 3.18621 5.76422e-19)
(2.62894 2.98263 5.22229e-18)
(2.67071 2.81112 4.57204e-18)
(2.70758 2.66836 -3.97958e-18)
(2.74791 2.54853 3.82095e-18)
(2.79267 2.44711 -3.2957e-18)
(2.84182 2.36061 -9.15517e-18)
(0.628917 4.00851 0)
(1.13071 4.16509 2.97321e-18)
(1.61178 4.0298 -4.83612e-18)
(2.00264 3.7787 5.09227e-18)
(2.23612 3.4767 0)
(2.35683 3.19035 -6.31921e-18)
(2.4284 2.94335 5.82538e-18)
(2.47998 2.73644 3.47076e-20)
(2.52542 2.56576 -8.97035e-18)
(2.57101 2.42518 -4.04499e-18)
(2.61841 2.30944 -1.9413e-19)
(2.66802 2.21416 7.07718e-18)
(0.725807 4.19678 0)
(1.15785 4.43916 -3.95224e-18)
(1.50887 4.22916 -5.82248e-18)
(1.80144 3.92577 -4.26843e-18)
(2.00019 3.57098 8.3074e-18)
(2.12765 3.23171 0)
(2.21625 2.93588 0)
(2.28417 2.68762 0)
(2.34229 2.48371 0)
(2.39615 2.31829 4.35996e-18)
(2.44814 2.18527 -4.238e-18)
(2.4997 2.07881 4.01035e-18)
(0.834101 4.54725 0)
(1.08438 4.70405 2.75249e-18)
(1.3104 4.37366 -6.14412e-19)
(1.54212 4.00348 4.63673e-18)
(1.72423 3.61251 4.43058e-18)
(1.86696 3.24094 -7.13638e-18)
(1.97918 2.91232 0)
(2.07044 2.63345 -1.94164e-19)
(2.14731 2.4025 -1.66102e-17)
(2.21503 2.21526 0)
(2.27593 2.06642 9.7907e-18)
(2.33261 1.94961 -4.51312e-18)
(1.07973 4.5841 0)
(0.940195 4.6431 3.10569e-18)
(1.00453 4.22918 9.3219e-18)
(1.19383 3.81106 -7.98543e-18)
(1.38207 3.43685 -1.09865e-17)
(1.54971 3.0846 1.72524e-17)
(1.69424 2.76937 -1.68299e-19)
(1.81727 2.49753 -6.33701e-18)
(1.92158 2.26789 5.21074e-18)
(2.01162 2.07921 -1.08213e-17)
(2.08887 1.92872 -1.50625e-17)
(2.15708 1.81097 1.51688e-17)
(0.31346 3.97317 -1.56322e-18)
(0.434564 3.84239 -1.18442e-17)
(0.568411 3.4849 2.06039e-18)
(0.7723 3.16318 0)
(0.989016 2.90585 0)
(1.18996 2.65574 2.1084e-19)
(1.36939 2.42207 1.61356e-17)
(1.52701 2.21066 1.00431e-17)
(1.66375 2.02531 0)
(1.78296 1.86862 9.47011e-18)
(1.88351 1.742 0)
(1.97024 1.64196 3.80605e-19)
(4.52886 3.09397 2.05636e-18)
(4.74192 2.96463 -1.15778e-18)
(4.85952 2.77066 3.6112e-19)
(4.919 2.55643 -3.51477e-19)
(4.89776 2.3034 -9.84124e-20)
(4.80332 2.04943 0)
(4.61383 1.78401 0)
(4.34023 1.53499 6.63923e-19)
(3.96609 1.29562 -7.79615e-19)
(3.45182 1.03687 0)
(2.91254 0.669759 0)
(2.68432 -0.0516666 -1.66304e-20)
(3.72194 3.43729 7.71157e-19)
(3.85868 3.34028 0)
(3.98712 3.20028 -8.99751e-19)
(4.1035 3.02173 7.77471e-20)
(4.17691 2.82664 1.06688e-19)
(4.20051 2.6255 2.04207e-18)
(4.16334 2.43139 -3.37122e-18)
(4.06711 2.25923 5.59358e-19)
(3.90793 2.12407 0)
(3.56568 2.00913 0)
(3.24717 1.90459 0)
(3.29347 1.58147 5.88603e-19)
(3.70853 2.94598 9.59136e-19)
(3.80039 2.85304 -2.66681e-18)
(3.88089 2.7486 7.19532e-19)
(3.94065 2.63772 1.84331e-18)
(3.97043 2.52584 -1.94026e-18)
(3.96634 2.42325 0)
(3.92418 2.33876 0)
(3.84496 2.28407 -1.61957e-19)
(3.73241 2.27145 9.58016e-19)
(3.53969 2.29433 0)
(3.25827 2.31803 0)
(3.41747 2.26515 -3.77081e-19)
(3.45871 2.79904 2.61181e-19)
(3.52982 2.72048 2.83787e-18)
(3.59414 2.63667 2.02037e-18)
(3.64506 2.55221 -2.04077e-18)
(3.67768 2.47377 0)
(3.68922 2.40863 1.26834e-18)
(3.67747 2.36466 0)
(3.64367 2.35093 2.24876e-18)
(3.595 2.37813 -7.86124e-19)
(3.50369 2.46451 0)
(3.2913 2.59505 -4.1681e-19)
(3.58559 2.78338 4.60837e-19)
(3.26638 2.61101 -2.08068e-18)
(3.32733 2.53862 0)
(3.38363 2.46881 0)
(3.43175 2.40492 0)
(3.4696 2.35154 0)
(3.49582 2.31606 -2.14991e-18)
(3.50965 2.3036 -1.07889e-19)
(3.51419 2.32081 -1.17903e-18)
(3.50992 2.38357 0)
(3.49527 2.5074 -8.53619e-19)
(3.34512 2.69957 4.32938e-19)
(3.76645 3.01112 -1.18177e-19)
(3.07611 2.44474 -1.83937e-19)
(3.13181 2.37814 -5.25908e-18)
(3.18575 2.31873 2.48824e-18)
(3.23639 2.2687 -5.81375e-21)
(3.28306 2.2314 1.67427e-19)
(3.32654 2.21175 3.69567e-18)
(3.36839 2.21487 -1.21642e-19)
(3.41003 2.24753 -4.25739e-18)
(3.45442 2.32176 -1.74078e-18)
(3.50808 2.45837 8.57594e-19)
(3.44888 2.70767 -1.06752e-18)
(3.93257 3.12819 -3.96905e-19)
(2.89405 2.28602 8.72749e-18)
(2.94794 2.22185 2.84504e-18)
(3.00235 2.16809 0)
(3.05734 2.12578 0)
(3.11398 2.09694 1.65172e-19)
(3.17423 2.08514 -2.78926e-18)
(3.24087 2.09462 4.43178e-18)
(3.3168 2.13109 -1.08006e-19)
(3.40553 2.20461 1.5324e-18)
(3.51631 2.33433 0)
(3.54543 2.57008 -2.09005e-19)
(4.0724 3.07461 -7.13779e-20)
(2.71948 2.13567 -3.37238e-18)
(2.77264 2.07124 -3.08375e-18)
(2.82789 2.01956 3.30447e-18)
(2.88664 1.98028 -3.11293e-18)
(2.95145 1.95407 2.80571e-21)
(3.02552 1.94309 6.34284e-18)
(3.11312 1.95069 -2.95713e-18)
(3.21933 1.9815 1.70341e-18)
(3.34944 2.04387 0)
(3.51687 2.15641 1.04721e-18)
(3.63703 2.37494 4.92875e-19)
(4.17429 2.91424 -7.58286e-19)
(2.55132 1.99423 3.82067e-18)
(2.60394 1.92707 -3.68943e-18)
(2.65927 1.87456 -3.43964e-18)
(2.71983 1.83479 -7.18555e-18)
(2.78938 1.80675 6.98585e-18)
(2.87215 1.79109 -6.79001e-18)
(2.97395 1.78983 0)
(3.10186 1.80614 -1.67876e-18)
(3.26409 1.8456 0)
(3.47946 1.9242 0)
(3.69098 2.09999 0)
(4.21843 2.59958 3.6169e-19)
(2.38608 1.85923 4.33452e-18)
(2.43866 1.78884 -8.62292e-18)
(2.49329 1.73433 8.40967e-18)
(2.55341 1.69223 8.11756e-18)
(2.62361 1.65987 3.95403e-18)
(2.70867 1.63624 0)
(2.81552 1.62137 0)
(2.95295 1.61678 4.05316e-18)
(3.13292 1.62377 0)
(3.38439 1.65416 -1.16888e-18)
(3.6666 1.75297 7.47221e-19)
(4.18991 2.14059 -1.08614e-18)
(2.21685 1.7215 -9.98831e-18)
(2.27199 1.65193 9.21675e-18)
(2.32665 1.59763 -8.9951e-18)
(2.38493 1.55419 -2.27215e-17)
(2.45181 1.51764 -2.27203e-19)
(2.53219 1.48551 1.2887e-19)
(2.63304 1.45546 -4.49585e-18)
(2.76339 1.42679 -4.20169e-18)
(2.94028 1.39402 0)
(3.2021 1.36262 3.6546e-18)
(3.5294 1.33006 8.93068e-19)
(4.03463 1.35812 -1.50991e-18)
(2.04171 1.56769 -4.0782e-19)
(2.10304 1.50855 0)
(2.15933 1.46103 0)
(2.21481 1.42066 4.35995e-18)
(2.27434 1.383 1.35532e-17)
(2.34218 1.3449 -4.48237e-18)
(2.42473 1.30264 -2.08849e-19)
(2.52807 1.25301 -2.39929e-18)
(2.67341 1.18208 -2.32609e-18)
(2.88879 1.08284 -2.3497e-18)
(3.23015 0.882835 0)
(3.58254 0.154343 1.96134e-18)
(2.22291 -0.108527 1.98099e-22)
(1.90928 -0.132128 0)
(1.72339 -0.223634 -1.30399e-19)
(1.59912 -0.355455 0)
(1.67388 -0.453239 -8.7022e-19)
(1.87492 -0.889034 9.88727e-19)
(1.6532 -2.06469 0)
(2.26486 -3.00632 3.76013e-19)
(2.72889 -3.21396 -9.90849e-19)
(3.02128 -3.6041 9.36765e-19)
(3.1326 -3.93851 -4.3299e-19)
(3.16991 -4.27428 -3.77656e-19)
(2.77324 0.51988 -1.93897e-19)
(2.34013 0.271829 -3.99394e-20)
(2.43629 -0.085295 3.09887e-19)
(2.51673 -0.735564 0)
(2.70656 -1.69359 -4.45754e-19)
(3.14244 -2.60374 2.5069e-19)
(3.22071 -3.06626 0)
(3.32502 -3.2231 1.06861e-18)
(3.40542 -3.23699 -2.74824e-18)
(3.45332 -3.36255 1.51971e-18)
(3.50005 -3.45971 6.8797e-19)
(3.48897 -3.59011 -2.86154e-18)
(3.0895 0.411701 -1.40586e-19)
(2.78324 -0.129468 0)
(2.94472 -0.893774 -1.33207e-18)
(3.15822 -1.78943 0)
(3.30158 -2.54925 0)
(3.36097 -3.01204 -8.10706e-19)
(3.27118 -3.24067 4.17961e-18)
(3.21825 -3.33991 -2.54729e-18)
(3.17502 -3.39019 8.75735e-19)
(3.13304 -3.46952 0)
(3.08289 -3.53383 2.04293e-18)
(3.02156 -3.61713 -1.10375e-18)
(3.36137 0.195825 8.75212e-19)
(3.23958 -0.478621 1.30594e-18)
(3.39382 -1.31294 8.85204e-19)
(3.47061 -2.13739 1.84963e-18)
(3.43646 -2.70865 -1.56692e-18)
(3.34539 -3.00223 -1.09164e-18)
(3.23329 -3.16507 0)
(3.14123 -3.22445 0)
(3.06565 -3.24968 1.5647e-18)
(2.99512 -3.28418 0)
(2.93269 -3.32898 3.5345e-19)
(2.86823 -3.38935 8.98269e-19)
(3.51834 -0.0924038 1.83394e-18)
(3.52004 -0.768437 -7.86164e-19)
(3.59886 -1.54489 -1.79348e-18)
(3.55291 -2.25906 0)
(3.42862 -2.69031 0)
(3.29077 -2.9225 2.21756e-18)
(3.14444 -3.00551 0)
(3.02441 -3.04132 -3.80083e-18)
(2.92436 -3.06822 -1.49737e-18)
(2.83616 -3.10552 2.84138e-18)
(2.75713 -3.15126 -3.78565e-18)
(2.68272 -3.20604 2.43307e-18)
(3.65401 -0.320778 -1.66133e-18)
(3.72326 -0.962235 -1.12655e-18)
(3.72638 -1.64976 1.58454e-18)
(3.60024 -2.24104 2.47986e-19)
(3.41182 -2.60511 2.3719e-18)
(3.22586 -2.75605 -5.55242e-18)
(3.0541 -2.82298 4.89285e-18)
(2.90971 -2.85967 3.98151e-19)
(2.7892 -2.89045 0)
(2.68611 -2.92766 0)
(2.59636 -2.97149 6.11361e-18)
(2.51652 -3.02176 7.77177e-21)
(3.80577 -0.489551 -5.53405e-20)
(3.92499 -1.07325 -1.75308e-18)
(3.85533 -1.66354 0)
(3.66062 -2.15738 -3.18935e-18)
(3.42142 -2.43845 3.79061e-18)
(3.18744 -2.56527 9.73738e-18)
(2.98331 -2.63001 5.68274e-18)
(2.81137 -2.67169 6.29725e-19)
(2.66829 -2.70838 -8.27926e-18)
(2.54822 -2.74855 3.60498e-18)
(2.44666 -2.79314 3.73807e-18)
(2.36005 -2.84217 1.75494e-19)
(4.01088 -0.625559 1.97189e-19)
(4.16724 -1.12718 2.98097e-18)
(4.03294 -1.60923 0)
(3.78188 -2.00157 -5.10511e-18)
(3.47922 -2.23629 -3.73271e-18)
(3.19222 -2.35753 5.19282e-19)
(2.94462 -2.42927 -1.12014e-17)
(2.73724 -2.48083 3.08608e-19)
(2.56621 -2.52619 -2.42621e-19)
(2.42538 -2.5717 4.26965e-18)
(2.30946 -2.61902 -3.4025e-18)
(2.21403 -2.66858 1.84102e-19)
(4.19887 -0.724132 -3.62857e-18)
(4.4415 -1.15558 1.62553e-18)
(4.23234 -1.50693 -8.47333e-18)
(3.92922 -1.80036 4.26986e-18)
(3.57402 -2.00003 0)
(3.23414 -2.12805 0)
(2.93771 -2.21692 6.4032e-18)
(2.68898 -2.28494 1.12099e-17)
(2.4847 -2.34307 -4.97713e-18)
(2.31899 -2.39693 -4.36653e-18)
(2.18573 -2.44891 -4.07076e-18)
(2.07909 -2.50047 0)
(4.54871 -0.8338 5.55683e-20)
(4.70535 -1.08289 4.17088e-18)
(4.37598 -1.30887 9.99683e-18)
(4.00639 -1.54108 0)
(3.61543 -1.72389 7.87899e-18)
(3.24356 -1.86712 0)
(2.91452 -1.97967 2.47761e-19)
(2.63524 -2.07115 -5.65549e-18)
(2.40394 -2.14812 5.73443e-18)
(2.2164 -2.21591 0)
(2.06729 -2.27686 0)
(1.95027 -2.33359 -9.3059e-18)
(4.58432 -1.07962 -6.31156e-18)
(4.6437 -0.939274 3.10672e-18)
(4.23054 -1.00366 4.93281e-19)
(3.81318 -1.19313 -8.68659e-18)
(3.43921 -1.38173 -3.46031e-18)
(3.08696 -1.54975 -3.4668e-18)
(2.77154 -1.69458 -6.45834e-18)
(2.49944 -1.81786 -1.78466e-17)
(2.26954 -1.92236 -5.21514e-18)
(2.08061 -2.01252 -1.08319e-17)
(1.92988 -2.08988 1.04671e-17)
(1.8119 -2.15818 9.69151e-18)
(3.97326 -0.31347 2.98517e-18)
(3.84246 -0.434205 -1.38456e-18)
(3.48555 -0.567964 2.63651e-19)
(3.16446 -0.771808 6.58793e-18)
(2.90748 -0.988704 0)
(2.65753 -1.18989 -5.79853e-18)
(2.42389 -1.36958 5.26178e-18)
(2.21238 -1.52744 4.77693e-18)
(2.02689 -1.66439 -1.50158e-17)
(1.87004 -1.78378 9.47771e-18)
(1.74325 -1.8845 -9.31814e-18)
(1.64302 -1.97137 0)
(3.09141 -4.52656 -1.19827e-18)
(2.96208 -4.73935 3.01563e-18)
(2.76888 -4.85746 -1.44458e-18)
(2.55477 -4.91668 -1.20668e-18)
(2.30223 -4.89586 8.43794e-19)
(2.04834 -4.80134 -7.13408e-20)
(1.78313 -4.61225 -6.85553e-20)
(1.53412 -4.33874 -1.13155e-19)
(1.29475 -3.96511 -7.7949e-19)
(1.03588 -3.45121 0)
(0.668509 -2.91232 0)
(-0.0515685 -2.68458 -1.67347e-20)
(3.43453 -3.721 1.76553e-20)
(3.33785 -3.85741 1.41116e-18)
(3.19825 -3.98569 -8.99662e-19)
(3.01992 -4.10203 0)
(2.82504 -4.17551 1.12294e-18)
(2.62409 -4.19919 0)
(2.43011 -4.16218 9.66405e-19)
(2.25808 -4.0661 1.89637e-18)
(2.12302 -3.9071 -1.64409e-18)
(2.00814 -3.56503 0)
(1.90363 -3.24669 0)
(1.5805 -3.2931 4.93634e-21)
(2.94383 -3.70777 6.2531e-19)
(2.8511 -3.79942 -5.99202e-19)
(2.74683 -3.87984 7.20286e-19)
(2.63611 -3.93959 0)
(2.52434 -3.96941 -8.58255e-19)
(2.42184 -3.9654 2.32514e-18)
(2.33742 -3.92336 -3.36587e-18)
(2.28276 -3.84427 -4.17071e-18)
(2.27015 -3.73185 2.71011e-18)
(2.29302 -3.53925 0)
(2.31674 -3.25797 4.7759e-19)
(2.26382 -3.41739 1.28715e-19)
(2.7972 -3.4583 8.53531e-19)
(2.71875 -3.52923 -1.96895e-18)
(2.63504 -3.59345 2.02171e-18)
(2.55065 -3.64435 -2.04173e-18)
(2.47226 -3.67698 0)
(2.40715 -3.68858 1.26844e-18)
(2.36321 -3.6769 1.00217e-18)
(2.34948 -3.6432 6.34982e-19)
(2.37666 -3.59464 -1.58669e-18)
(2.46304 -3.50342 0)
(2.59362 -3.29115 -2.79114e-19)
(2.78193 -3.58542 4.41611e-19)
(2.60957 -3.26616 2.33423e-18)
(2.5372 -3.32698 -1.24317e-18)
(2.46742 -3.38321 0)
(2.40354 -3.43131 0)
(2.35014 -3.46918 1.21177e-18)
(2.31463 -3.49544 -9.82172e-19)
(2.30215 -3.50932 -1.93615e-19)
(2.31934 -3.51393 0)
(2.38206 -3.50973 -7.55731e-19)
(2.50588 -3.49513 8.53697e-19)
(2.69807 -3.34512 -9.39882e-19)
(3.00953 -3.76641 -1.9209e-19)
(2.44368 -3.07612 -5.26085e-18)
(2.37706 -3.13173 2.54285e-18)
(2.3176 -3.18562 5.15301e-18)
(2.26752 -3.23626 -5.81248e-21)
(2.23016 -3.28295 -6.29771e-18)
(2.21044 -3.32646 -2.71251e-18)
(2.21349 -3.36835 -1.91724e-19)
(2.24607 -3.41003 0)
(2.32023 -3.45446 0)
(2.45681 -3.50813 -8.57813e-19)
(2.70608 -3.44898 -6.23695e-19)
(3.12658 -3.9326 1.70829e-19)
(2.28537 -2.89431 2.97363e-18)
(2.22113 -2.94815 -5.89945e-18)
(2.16728 -3.00254 -2.62887e-18)
(2.12485 -3.05754 -1.56743e-19)
(2.09591 -3.1142 2.58048e-18)
(2.08399 -3.17448 2.59373e-18)
(2.09336 -3.24113 1.49463e-18)
(2.12971 -3.31708 1.47727e-18)
(2.20314 -3.40583 -1.66623e-18)
(2.33282 -3.51657 0)
(2.56861 -3.54567 1.00888e-18)
(3.07323 -4.07253 -2.82847e-19)
(2.13542 -2.72001 0)
(2.07087 -2.77315 3.08655e-18)
(2.01906 -2.8284 0)
(1.97964 -2.88718 -1.56936e-19)
(1.95328 -2.95201 2.8421e-21)
(1.94214 -3.0261 6.34314e-18)
(1.94959 -3.1137 -1.39363e-18)
(1.98025 -3.2199 -3.31882e-18)
(2.0425 -3.34997 -1.8501e-18)
(2.15498 -3.51731 1.04697e-18)
(2.37355 -3.63738 -1.93024e-18)
(2.91298 -4.17447 9.47518e-19)
(1.99435 -2.5521 3.82526e-18)
(1.92705 -2.60474 -3.69317e-18)
(1.87438 -2.6601 -3.72328e-18)
(1.83443 -2.7207 3.65944e-18)
(1.80621 -2.79028 3.49731e-18)
(1.79035 -2.87306 -1.0403e-17)
(1.78892 -2.97485 0)
(1.80505 -3.10271 1.67835e-18)
(1.84437 -3.26488 1.75623e-18)
(1.92291 -3.48011 0)
(2.09876 -3.69146 2.43701e-18)
(2.59858 -4.21872 -1.75531e-18)
(1.85969 -2.3871 0)
(1.78912 -2.43973 -8.63272e-18)
(1.73443 -2.49441 -4.47438e-18)
(1.69213 -2.55457 -7.88805e-18)
(1.65956 -2.6248 3.95618e-18)
(1.63571 -2.70986 3.77543e-18)
(1.62065 -2.8167 0)
(1.61587 -2.95406 0)
(1.62271 -3.13392 0)
(1.65303 -3.3852 0)
(1.75195 -3.66721 -7.49503e-19)
(2.13996 -4.19024 -9.4454e-20)
(1.72223 -2.21803 4.88184e-18)
(1.65246 -2.27325 4.47855e-18)
(1.59796 -2.32799 1.85171e-17)
(1.55431 -2.38631 4.78071e-18)
(1.51753 -2.45324 1.81925e-17)
(1.48517 -2.53362 -4.40909e-18)
(1.45492 -2.63443 -4.49683e-18)
(1.42606 -2.7647 0)
(1.39315 -2.94145 -4.47064e-18)
(1.36168 -3.20304 -2.4244e-18)
(1.32922 -3.53005 -1.80608e-18)
(1.35785 -4.03501 -9.47493e-26)
(1.56856 -2.04296 0)
(1.50922 -2.10439 0)
(1.4615 -2.16078 -1.84507e-17)
(1.42093 -2.21633 -1.35888e-17)
(1.38304 -2.2759 -4.37918e-18)
(1.34471 -2.34374 0)
(1.30226 -2.42624 4.50026e-18)
(1.25244 -2.52949 0)
(1.18139 -2.67466 -1.98543e-19)
(1.08212 -2.88982 2.34813e-18)
(0.882231 -3.23083 6.43302e-19)
(0.154381 -3.58294 3.87631e-18)
(-0.107777 -2.22296 8.58926e-20)
(-0.131395 -1.90965 2.38071e-19)
(-0.222618 -1.72315 -2.54407e-19)
(-0.354873 -1.59935 1.60021e-19)
(-0.452523 -1.67513 0)
(-0.892009 -1.87513 1.16149e-19)
(-2.07097 -1.65407 0)
(-3.00843 -2.26981 3.80377e-19)
(-3.21527 -2.7315 1.4602e-18)
(-3.60615 -3.02451 -4.44129e-19)
(-3.94017 -3.13497 -1.42909e-18)
(-4.27624 -3.17243 1.36561e-18)
(0.519873 -2.77341 3.6238e-19)
(0.271573 -2.34054 -3.20401e-19)
(-0.0866869 -2.43794 3.59501e-19)
(-0.740615 -2.51765 -1.16173e-19)
(-1.69892 -2.71028 -4.4274e-19)
(-2.60667 -3.14546 -1.09962e-19)
(-3.06746 -3.22287 -7.61833e-19)
(-3.22332 -3.32715 -2.09219e-18)
(-3.23722 -3.40723 3.03637e-18)
(-3.36321 -3.45532 -6.21409e-19)
(-3.46036 -3.50171 7.85451e-19)
(-3.591 -3.49061 5.77497e-19)
(0.410706 -3.08965 -2.81058e-19)
(-0.13174 -2.784 0)
(-0.897066 -2.94675 0)
(-1.79252 -3.16041 -8.32541e-19)
(-2.55105 -3.30323 0)
(-3.01288 -3.36193 -1.01619e-18)
(-3.24111 -3.27215 7.97049e-19)
(-3.34008 -3.2194 1.91969e-18)
(-3.39052 -3.17623 -1.14084e-18)
(-3.46993 -3.13433 -1.73125e-18)
(-3.53427 -3.08412 -2.76719e-18)
(-3.61773 -3.0228 2.52744e-18)
(0.194415 -3.36122 -1.75323e-18)
(-0.481276 -3.24008 -1.30519e-18)
(-1.31582 -3.39453 1.58726e-18)
(-2.13976 -3.47093 6.11585e-19)
(-2.70965 -3.43666 0)
(-3.00279 -3.34578 -3.49098e-18)
(-3.16523 -3.23374 2.82669e-18)
(-3.2244 -3.14184 0)
(-3.24968 -3.0663 2.34158e-18)
(-3.28428 -2.99585 -3.61849e-18)
(-3.32927 -2.9335 2.34418e-18)
(-3.38976 -2.86909 3.03697e-19)
(-0.0945231 -3.51779 2.71065e-18)
(-0.771295 -3.52027 2.36276e-18)
(-1.54745 -3.59903 5.40934e-19)
(-2.26036 -3.5529 0)
(-2.69111 -3.42832 -2.08056e-18)
(-2.92264 -3.2906 3.58467e-18)
(-3.0054 -3.14437 0)
(-3.04122 -3.02453 -2.07468e-18)
(-3.0682 -2.92459 -1.83259e-18)
(-3.10562 -2.83649 2.8363e-18)
(-3.15146 -2.75755 0)
(-3.20631 -2.68321 -2.17336e-18)
(-0.322709 -3.65327 1.35907e-18)
(-0.964592 -3.72294 4.88445e-19)
(-1.65176 -3.72574 -1.58147e-18)
(-2.24163 -3.59973 -7.44421e-18)
(-2.60555 -3.41122 -1.68766e-19)
(-2.75614 -3.22528 5.75692e-18)
(-2.82294 -3.05368 0)
(-2.85961 -2.90944 6.28996e-18)
(-2.89042 -2.78907 -3.59433e-18)
(-2.92768 -2.68609 3.18652e-18)
(-2.97155 -2.59642 2.09555e-19)
(-3.02185 -2.51667 -7.66661e-21)
(-0.491358 -3.80491 -1.51197e-18)
(-1.07516 -3.92437 -1.18223e-18)
(-1.6651 -3.85431 0)
(-2.1584 -3.65949 6.76653e-18)
(-2.43873 -3.4205 -1.07616e-17)
(-2.56532 -3.18658 -1.91569e-19)
(-2.62997 -2.9826 -1.0899e-17)
(-2.67162 -2.81079 3.55903e-19)
(-2.70832 -2.66783 -3.98102e-18)
(-2.74848 -2.54787 -3.82165e-18)
(-2.79307 -2.44639 3.73184e-18)
(-2.84208 -2.35987 -3.11659e-18)
(-0.626708 -4.01011 -1.28991e-19)
(-1.12855 -4.16645 -1.58196e-18)
(-1.61038 -4.03175 0)
(-2.00233 -3.78051 5.09847e-18)
(-2.23659 -3.47799 3.52916e-18)
(-2.3576 -3.19111 2.99039e-18)
(-2.42922 -2.94366 -3.90923e-19)
(-2.48075 -2.7364 -3.4869e-20)
(-2.52607 -2.56547 -4.71857e-18)
(-2.57153 -2.42473 -4.08605e-19)
(-2.61881 -2.30889 1.98123e-19)
(-2.66832 -2.21356 0)
(-0.724744 -4.19827 2.25222e-18)
(-1.15647 -4.44068 0)
(-1.50774 -4.23117 0)
(-1.80094 -3.92781 -4.26621e-18)
(-2.00031 -3.57263 3.70412e-18)
(-2.12813 -3.23285 -7.24042e-18)
(-2.21686 -2.93655 0)
(-2.28481 -2.68792 5.48683e-18)
(-2.34288 -2.48372 -2.26411e-19)
(-2.39667 -2.31809 4.36015e-18)
(-2.44857 -2.18493 -4.39579e-18)
(-2.50006 -2.07838 8.29361e-18)
(-0.833995 -4.54822 4.4266e-18)
(-1.08341 -4.70478 -1.41986e-18)
(-1.30945 -4.37505 -5.30333e-18)
(-1.54155 -4.00519 -8.94628e-18)
(-1.72414 -3.61412 0)
(-1.86721 -3.24226 6.56884e-18)
(-1.97963 -2.91329 -1.28481e-17)
(-2.07098 -2.63408 5.6616e-18)
(-2.14787 -2.40283 5.72731e-18)
(-2.21558 -2.21537 0)
(-2.27644 -2.06635 -5.19216e-18)
(-2.33308 -1.94941 -8.72644e-18)
(-1.07959 -4.58424 -6.30697e-18)
(-0.939517 -4.6433 1.40703e-18)
(-1.00397 -4.22993 4.41038e-18)
(-1.19343 -3.8123 3.76888e-18)
(-1.38195 -3.43821 -2.26878e-20)
(-1.54987 -3.0859 -1.05461e-17)
(-1.69459 -2.77048 1.244e-17)
(-1.81776 -2.4984 2.35279e-17)
(-1.92215 -2.26852 -1.63423e-17)
(-2.01222 -2.07962 -1.08212e-17)
(-2.08948 -1.92894 9.95279e-18)
(-2.15768 -1.81102 0)
(-0.313305 -3.97325 4.63056e-18)
(-0.434256 -3.8425 1.76726e-18)
(-0.568202 -3.48542 1.7971e-18)
(-0.772146 -3.1642 6.96113e-18)
(-0.989016 -2.90707 0)
(-1.19014 -2.65702 5.58386e-18)
(-1.36975 -2.42329 -1.08769e-17)
(-1.52751 -2.21173 -4.93864e-18)
(-1.66435 -2.0262 -4.97487e-18)
(-1.78363 -1.86932 9.46994e-18)
(-1.88423 -1.74251 4.91054e-18)
(-1.97099 -1.64229 1.42834e-17)
(-4.52826 -3.09337 3.99452e-19)
(-4.74119 -2.96404 3.30723e-19)
(-4.85909 -2.77046 9.09748e-19)
(-4.91842 -2.55622 -2.45915e-18)
(-4.89739 -2.30339 9.44317e-19)
(-4.80284 -2.04936 0)
(-4.6135 -1.78396 -3.00755e-19)
(-4.33987 -1.53484 2.08029e-19)
(-3.9659 -1.29536 0)
(-3.45177 -1.03635 8.03602e-20)
(-2.91243 -0.66828 0)
(-2.68517 0.0493102 -2.82033e-19)
(-3.72195 -3.43599 -2.79542e-18)
(-3.8585 -3.33921 2.30753e-18)
(-3.98685 -3.19947 1.51336e-18)
(-4.10319 -3.02109 -5.91392e-19)
(-4.17661 -2.82614 0)
(-4.20024 -2.62512 0)
(-4.16315 -2.43108 1.19108e-18)
(-4.06698 -2.25898 -1.313e-18)
(-3.90786 -2.12387 0)
(-3.56567 -2.00895 5.17049e-19)
(-3.24722 -1.90443 -8.0325e-20)
(-3.29316 -1.58098 -9.29269e-19)
(-3.70847 -2.94504 1.05032e-18)
(-3.8002 -2.85228 -1.73421e-18)
(-3.88065 -2.74798 0)
(-3.9404 -2.63722 -1.86557e-18)
(-3.97021 -2.52543 -2.03994e-18)
(-3.96616 -2.4229 4.52774e-18)
(-3.92406 -2.33844 -4.12426e-18)
(-3.84488 -2.28376 0)
(-3.73236 -2.27114 0)
(-3.53964 -2.29402 0)
(-3.25826 -2.31776 -4.60426e-19)
(-3.41739 -2.265 1.19613e-19)
(-3.4588 -2.79808 -8.51834e-19)
(-3.52979 -2.71965 -3.04795e-19)
(-3.59404 -2.63596 0)
(-3.64493 -2.55161 -2.81719e-19)
(-3.67754 -2.47325 0)
(-3.6891 -2.40817 0)
(-3.67736 -2.36425 1.12648e-18)
(-3.64359 -2.35055 -1.43496e-18)
(-3.59493 -2.37777 1.72142e-18)
(-3.50364 -2.46416 0)
(-3.29133 -2.59476 -4.16645e-19)
(-3.58542 -2.78327 -4.60649e-19)
(-3.26647 -2.61013 4.87478e-18)
(-3.32732 -2.53783 -1.24123e-18)
(-3.38355 -2.46812 2.22273e-18)
(-3.43164 -2.40431 1.00642e-18)
(-3.46947 -2.351 -3.43581e-18)
(-3.4957 -2.31557 0)
(-3.50954 -2.30316 -1.25867e-18)
(-3.5141 -2.32041 0)
(-3.50985 -2.38318 0)
(-3.49521 -2.50704 8.52847e-19)
(-3.34515 -2.69925 5.03665e-20)
(-3.76631 -3.0109 5.41069e-19)
(-3.07622 -2.44392 -2.4185e-18)
(-3.13183 -2.37739 -1.77058e-19)
(-3.18571 -2.31804 0)
(-3.23631 -2.26807 0)
(-3.28297 -2.23084 -3.98271e-18)
(-3.32645 -2.21124 2.53937e-18)
(-3.36831 -2.2144 2.62675e-18)
(-3.40997 -2.24708 1.39147e-18)
(-3.45438 -2.32134 -3.3709e-18)
(-3.50803 -2.45797 -8.57017e-19)
(-3.44892 -2.70732 0)
(-3.93245 -3.12792 6.22926e-19)
(-2.89419 -2.28529 -6.10303e-18)
(-2.948 -2.22116 2.53187e-18)
(-3.00236 -2.16745 2.79545e-18)
(-3.05733 -2.12517 1.49983e-19)
(-3.11396 -2.09639 -3.25925e-19)
(-3.17421 -2.08463 -2.94105e-18)
(-3.24085 -2.09414 -4.34221e-18)
(-3.31681 -2.13063 -1.58774e-18)
(-3.40556 -2.20417 1.53036e-18)
(-3.51632 -2.33392 0)
(-3.5455 -2.56974 1.71177e-18)
(-4.07234 -3.07439 -4.0688e-19)
(-2.71969 -2.13506 6.56339e-18)
(-2.77279 -2.07064 -3.55459e-18)
(-2.828 -2.01898 -3.30181e-18)
(-2.88673 -1.97972 -6.06272e-18)
(-2.95153 -1.95355 6.02184e-18)
(-3.02561 -1.9426 -1.62309e-19)
(-3.11321 -1.95023 9.36749e-18)
(-3.21943 -1.98105 1.51603e-18)
(-3.34955 -2.04343 1.84819e-18)
(-3.51694 -2.156 0)
(-3.63712 -2.37459 -1.19552e-18)
(-4.17428 -2.914 -5.48475e-19)
(-2.55162 -1.99376 0)
(-2.6042 -1.92659 3.53229e-18)
(-2.65951 -1.87407 3.43713e-18)
(-2.72006 -1.8343 -3.52503e-18)
(-2.78961 -1.80629 -1.34447e-19)
(-2.87238 -1.79064 -3.60703e-18)
(-2.97419 -1.78941 -3.3172e-18)
(-3.10209 -1.80573 0)
(-3.26431 -1.8452 -1.75447e-18)
(-3.47963 -1.92382 -1.1044e-18)
(-3.69112 -2.09967 3.97563e-18)
(-4.21849 -2.5994 -8.35778e-19)
(-2.38651 -1.85894 0)
(-2.43908 -1.7885 0)
(-2.49369 -1.73396 0)
(-2.55381 -1.69185 -1.22689e-17)
(-2.62401 -1.65948 7.87724e-18)
(-2.70907 -1.63585 7.67593e-18)
(-2.81591 -1.62101 0)
(-2.95332 -1.61642 -4.04763e-18)
(-3.13326 -1.62342 0)
(-3.38464 -1.65384 -2.38083e-18)
(-3.66679 -1.75272 -7.49103e-19)
(-4.19002 -2.14057 -1.08597e-18)
(-2.21744 -1.72144 0)
(-2.27259 -1.65178 0)
(-2.32725 -1.59742 9.49681e-18)
(-2.38552 -1.55394 1.3379e-17)
(-2.4524 -1.51735 3.75768e-19)
(-2.53277 -1.48521 4.53155e-18)
(-2.6336 -1.45516 -2.20678e-18)
(-2.76391 -1.42651 6.34988e-18)
(-2.94074 -1.39376 4.46643e-18)
(-3.20245 -1.36238 2.25518e-18)
(-3.52964 -1.32988 -1.80535e-18)
(-4.03478 -1.3582 -1.68784e-18)
(-2.04248 -1.56787 0)
(-2.10383 -1.5086 0)
(-2.16012 -1.46099 -8.99986e-18)
(-2.2156 -1.42055 4.79308e-18)
(-2.27511 -1.38283 -4.37457e-18)
(-2.34292 -1.34469 -4.48038e-18)
(-2.42543 -1.30243 4.70495e-18)
(-2.52871 -1.2528 0)
(-2.67397 -1.1819 -4.58326e-18)
(-2.88924 -1.08272 -2.4383e-18)
(-3.23044 -0.882748 2.28586e-18)
(-3.58268 -0.154525 -3.88288e-18)
(-2.2229 0.108342 8.59795e-20)
(-1.90927 0.131939 0)
(-1.72322 0.223422 0)
(-1.59902 0.355209 1.18491e-18)
(-1.67381 0.452981 -9.4419e-19)
(-1.87494 0.888943 0)
(-1.65309 2.06509 0)
(-2.26504 3.00682 3.81118e-19)
(-2.72912 3.21447 6.11383e-19)
(-3.02163 3.60477 2.01034e-20)
(-3.13293 3.93922 -1.85876e-18)
(-3.17028 4.2751 9.81794e-19)
(-2.77324 -0.52003 -4.9123e-19)
(-2.34009 -0.271944 0)
(-2.43627 0.0852963 0)
(-2.5167 0.735824 -7.02254e-19)
(-2.70676 1.694 9.07842e-19)
(-3.14279 2.60428 -1.21565e-18)
(-3.22106 3.06685 7.72754e-19)
(-3.32545 3.22367 8.55264e-19)
(-3.40592 3.23751 -3.37539e-19)
(-3.45389 3.36311 7.01329e-19)
(-3.50068 3.46023 0)
(-3.48965 3.59066 -8.32402e-19)
(-3.08955 -0.41182 2.80841e-19)
(-2.78325 0.129453 0)
(-2.94478 0.893907 0)
(-3.15828 1.78973 -5.36182e-19)
(-3.30174 2.54981 3.71177e-19)
(-3.36118 3.01269 -1.32906e-18)
(-3.27141 3.24134 0)
(-3.21853 3.34056 -2.71634e-18)
(-3.17532 3.39082 3.17749e-18)
(-3.13336 3.47016 -9.34539e-19)
(-3.08323 3.53444 -1.92795e-18)
(-3.0219 3.61774 2.53343e-18)
(-3.36143 -0.195946 -8.74861e-19)
(-3.23959 0.478601 1.30572e-18)
(-3.39383 1.31315 0)
(-3.47064 2.13793 6.11047e-19)
(-3.43655 2.70936 -6.34007e-19)
(-3.34553 3.00292 1.09113e-18)
(-3.23347 3.16573 0)
(-3.14143 3.22506 -1.71443e-18)
(-3.06588 3.25023 -3.90986e-18)
(-2.99537 3.28469 2.53894e-18)
(-2.93297 3.32945 2.3493e-18)
(-2.86854 3.3898 -4.61659e-18)
(-3.51839 0.0923167 1.35014e-18)
(-3.52005 0.768497 -9.78065e-19)
(-3.5989 1.54522 1.79316e-18)
(-3.55299 2.25968 0)
(-3.42863 2.69103 -4.35438e-18)
(-3.29084 2.92319 4.10711e-18)
(-3.1445 3.00611 2.46161e-18)
(-3.0245 3.04184 1.64607e-18)
(-2.92447 3.06868 0)
(-2.83629 3.10594 0)
(-2.75729 3.15165 0)
(-2.68291 3.20641 -4.9657e-19)
(-3.65402 0.320687 3.32346e-18)
(-3.72322 0.962331 0)
(-3.72635 1.65012 -1.58435e-18)
(-3.60021 2.24159 3.82557e-18)
(-3.41175 2.60582 2.37168e-18)
(-3.22579 2.75668 -5.48181e-18)
(-3.05404 2.8235 2.54934e-18)
(-2.90968 2.8601 -8.57959e-18)
(-2.78919 2.89083 -5.32978e-20)
(-2.68611 2.92799 -2.61248e-19)
(-2.5964 2.97178 2.09964e-19)
(-2.51659 3.02202 8.24656e-18)
(-3.80579 0.489444 -5.35937e-18)
(-3.92493 1.07336 3.16882e-18)
(-3.85525 1.66393 -4.76953e-18)
(-3.66045 2.15802 -3.18249e-18)
(-3.42124 2.43909 -6.77389e-18)
(-3.18723 2.5658 -3.72282e-18)
(-2.98311 2.63043 -5.36162e-18)
(-2.81118 2.67203 8.74794e-18)
(-2.66812 2.70865 0)
(-2.54808 2.74877 7.20304e-18)
(-2.44655 2.79333 -9.96538e-18)
(-2.35998 2.84232 3.32177e-18)
(-4.01092 0.625464 -2.99491e-18)
(-4.16723 1.12728 -4.75331e-18)
(-4.03289 1.60959 7.40547e-18)
(-3.7817 2.00212 0)
(-3.47894 2.23682 -4.28989e-18)
(-3.19188 2.35795 6.33487e-18)
(-2.94426 2.42958 -2.91367e-19)
(-2.73689 2.48106 3.49845e-20)
(-2.56588 2.52635 -4.48898e-18)
(-2.42508 2.57181 -8.13205e-18)
(-2.30919 2.61909 3.5759e-18)
(-2.21381 2.6686 -3.5416e-18)
(-4.19895 0.724063 2.25368e-18)
(-4.44159 1.15573 0)
(-4.23236 1.50723 0)
(-3.92906 1.80076 0)
(-3.5737 2.00041 3.70893e-18)
(-3.23371 2.12834 0)
(-2.93723 2.21712 -3.1911e-19)
(-2.68848 2.28507 1.09829e-17)
(-2.48422 2.34313 1.8628e-19)
(-2.31853 2.39694 4.36717e-18)
(-2.18532 2.44887 -4.24492e-18)
(-2.07872 2.50038 1.23242e-17)
(-4.5489 0.833887 5.55451e-20)
(-4.70547 1.08301 7.57651e-18)
(-4.37598 1.30905 -2.43994e-18)
(-4.00622 1.54131 0)
(-3.61509 1.7241 0)
(-3.24309 1.86729 0)
(-2.91397 1.97978 0)
(-2.63467 2.07118 5.8376e-18)
(-2.40336 2.1481 -2.18657e-17)
(-2.21584 2.21582 -1.04283e-17)
(-2.06677 2.27673 9.80564e-18)
(-1.94979 2.33341 5.0858e-18)
(-4.58436 1.07982 -6.30697e-18)
(-4.64364 0.939303 -4.32379e-18)
(-4.23038 1.00368 -2.60987e-18)
(-3.81288 1.19318 0)
(-3.43881 1.3818 0)
(-3.08646 1.54981 7.10723e-18)
(-2.77097 1.69461 -1.27444e-17)
(-2.49885 1.81784 2.37384e-17)
(-2.26894 1.92228 1.65368e-17)
(-2.08001 2.01239 1.0317e-17)
(-1.92931 2.0897 -9.96126e-18)
(-1.81137 2.15795 5.03861e-19)
(-3.9731 0.313461 -1.56283e-18)
(-3.84218 0.434096 0)
(-3.48522 0.567912 3.45709e-18)
(-3.16412 0.771819 -1.0372e-17)
(-2.9071 0.988741 9.34086e-18)
(-2.6571 1.18993 2.1096e-19)
(-2.42341 1.36962 5.25967e-18)
(-2.21187 1.52744 -4.94044e-18)
(-2.02638 1.66435 -2.47201e-17)
(-1.86952 1.78369 0)
(-1.74273 1.88434 0)
(-1.64252 1.97116 3.8093e-19)
(-3.09172 4.5274 -3.43875e-19)
(-2.96241 4.74024 5.50239e-20)
(-2.76916 4.85834 9.2219e-19)
(-2.55507 4.91758 -2.17938e-18)
(-2.30249 4.89673 7.55697e-19)
(-2.0486 4.8022 -7.17459e-20)
(-1.78337 4.61305 -3.00443e-19)
(-1.53438 4.33947 9.97308e-19)
(-1.29509 3.96571 -5.37735e-19)
(-1.03647 3.4516 -8.03313e-20)
(-0.670143 2.91272 0)
(0.0526202 2.6842 0)
(-3.43522 3.72155 2.16306e-18)
(-3.33853 3.858 -1.46636e-18)
(-3.19889 3.98631 -8.99802e-19)
(-3.02051 4.10268 0)
(-2.82558 4.17615 -1.01518e-18)
(-2.62457 4.19982 0)
(-2.43056 4.16274 -5.45634e-19)
(-2.25849 4.06659 1.31284e-18)
(-2.12341 3.90748 0)
(-2.00853 3.56526 1.28828e-18)
(-1.90398 3.2468 -1.74137e-18)
(-1.58091 3.29338 1.94415e-19)
(-2.94417 3.70837 9.60602e-19)
(-2.85143 3.80003 -2.67051e-18)
(-2.74716 3.88042 7.20411e-19)
(-2.63644 3.94013 0)
(-2.52468 3.9699 8.58536e-19)
(-2.42221 3.96582 2.32632e-18)
(-2.33781 3.92371 -3.20827e-18)
(-2.28319 3.84455 1.65123e-18)
(-2.27064 3.73206 -7.94342e-19)
(-2.29359 3.5394 0)
(-2.31735 3.25802 0)
(-2.26445 3.41755 -1.2863e-19)
(-2.79752 3.45874 -2.08172e-18)
(-2.71908 3.52965 1.70404e-18)
(-2.63539 3.59385 2.02255e-18)
(-2.55102 3.64471 -1.12461e-18)
(-2.47265 3.67731 -2.13701e-18)
(-2.40757 3.68886 0)
(-2.36365 3.67713 1.25975e-19)
(-2.34996 3.64339 2.90088e-18)
(-2.37719 3.59479 -2.51038e-18)
(-2.46363 3.50353 6.88636e-19)
(-2.59423 3.29117 -6.46013e-20)
(-2.78257 3.58556 -4.41345e-19)
(-2.60978 3.26651 2.33508e-18)
(-2.53744 3.32731 -1.24373e-18)
(-2.46769 3.38351 2.22727e-18)
(-2.40384 3.43158 -1.22159e-18)
(-2.35049 3.46942 0)
(-2.31503 3.49564 0)
(-2.30259 3.50949 -1.06724e-18)
(-2.31982 3.51405 -2.88152e-18)
(-2.3826 3.50982 1.66427e-18)
(-2.50647 3.4952 8.53838e-19)
(-2.6987 3.34508 -9.39738e-19)
(-3.01022 3.76654 0)
(-2.44379 3.07637 -1.8425e-19)
(-2.3772 3.13195 -5.26562e-18)
(-2.31779 3.18581 0)
(-2.26776 3.23642 2.47016e-18)
(-2.23046 3.28307 -2.49215e-18)
(-2.2108 3.32655 0)
(-2.2139 3.36841 -1.05734e-19)
(-2.24654 3.41007 -1.16859e-19)
(-2.32077 3.45447 0)
(-2.45741 3.50815 -1.87366e-18)
(-2.70675 3.44892 8.58185e-19)
(-3.12729 3.93271 -4.6502e-19)
(-2.28534 2.89442 -3.16266e-18)
(-2.22115 2.94823 8.59479e-18)
(-2.16736 3.00259 0)
(-2.12501 3.05757 -2.76465e-18)
(-2.09614 3.1142 2.76665e-18)
(-2.08429 3.17445 2.77603e-18)
(-2.09373 3.24109 -3.12835e-18)
(-2.13015 3.31703 -1.5011e-18)
(-2.20366 3.40576 0)
(-2.33339 3.51651 -1.27808e-18)
(-2.56922 3.54556 1.21771e-18)
(-3.07391 4.07257 0)
(-2.13525 2.71999 6.7493e-18)
(-2.07076 2.7731 -6.34178e-18)
(-2.01903 2.82832 6.47417e-18)
(-1.97968 2.88707 -6.23533e-18)
(-1.95341 2.95187 2.84076e-21)
(-1.94236 3.02595 3.10007e-18)
(-1.94989 3.11354 2.95893e-18)
(-1.98064 3.21974 0)
(-2.04297 3.34983 -1.85143e-18)
(-2.15552 3.5172 4.21259e-18)
(-2.37412 3.63726 -1.19609e-18)
(-2.91359 4.17448 0)
(-1.99405 2.55197 3.82613e-18)
(-1.92681 2.60457 1.30526e-19)
(-1.87422 2.65989 -3.44389e-18)
(-1.83436 2.72046 0)
(-1.80624 2.79001 0)
(-1.79048 2.87278 0)
(-1.78914 2.97457 0)
(-1.80536 3.10245 -3.69986e-18)
(-1.84478 3.26465 1.75757e-18)
(-1.92339 3.47994 2.76525e-19)
(-2.09927 3.69131 0)
(-2.59913 4.21866 0)
(-1.85928 2.38687 -4.34076e-18)
(-1.78878 2.43946 -1.26838e-17)
(-1.73418 2.49409 0)
(-1.69197 2.55422 4.25512e-18)
(-1.6595 2.62442 8.04611e-18)
(-1.63575 2.70947 0)
(-1.62078 2.81631 0)
(-1.6161 2.95371 1.67128e-18)
(-1.62303 3.13361 -6.16728e-18)
(-1.65343 3.38497 2.29624e-19)
(-1.75237 3.66704 0)
(-2.14037 4.19015 0)
(-1.72175 2.21775 -5.11655e-18)
(-1.65206 2.27292 -5.26011e-18)
(-1.59764 2.32761 9.51432e-18)
(-1.55408 2.38589 -1.34045e-17)
(-1.51739 2.45278 4.83562e-18)
(-1.48514 2.53315 8.95244e-18)
(-1.45497 2.63397 -2.28863e-18)
(-1.42621 2.76426 2.04675e-18)
(-1.39338 2.94106 4.19759e-18)
(-1.36199 3.20275 -4.68486e-18)
(-1.32956 3.52985 -1.80691e-18)
(-1.35814 4.03485 0)
(-1.5681 2.04269 -4.08206e-19)
(-1.50882 2.10408 9.05983e-18)
(-1.46118 2.1604 -9.00834e-18)
(-1.42068 2.21589 0)
(-1.38287 2.27542 -8.97152e-18)
(-1.34463 2.34324 -1.38824e-17)
(-1.30225 2.42574 -2.09053e-19)
(-1.25253 2.52899 0)
(-1.18154 2.6742 0)
(-1.08232 2.88941 1.17155e-18)
(-0.882483 3.23056 1.71181e-20)
(-0.154485 3.58272 1.96079e-18)
(-0.0542119 2.26689 5.16693e-19)
(0.0416934 2.30618 2.06922e-18)
(0.245078 2.28735 5.47131e-20)
(0.459622 2.23519 0)
(0.677748 2.15382 4.79171e-18)
(0.884409 2.04553 -4.58807e-18)
(1.07656 1.92413 -1.34694e-17)
(1.2533 1.80211 -8.88899e-18)
(1.41284 1.6876 -2.27758e-20)
(1.55767 1.58754 -4.34652e-18)
(1.68108 1.50656 8.81302e-18)
(1.78902 1.44213 -8.61601e-18)
(-0.049172 1.77634 0)
(0.076871 1.72212 0)
(0.211729 1.68816 -1.98652e-18)
(0.359868 1.64625 3.90664e-18)
(0.525644 1.59726 -9.66312e-18)
(0.699519 1.53817 -5.72433e-18)
(0.876069 1.47326 7.61975e-18)
(1.05189 1.4089 1.9029e-17)
(1.22037 1.34924 -3.84481e-18)
(1.38169 1.30047 0)
(1.52173 1.26605 1.58253e-19)
(1.64855 1.24185 0)
(-0.112321 1.4477 -4.09296e-19)
(-0.00525094 1.39409 4.1481e-19)
(0.124615 1.35105 3.27619e-18)
(0.267268 1.30666 -3.5613e-20)
(0.424048 1.2638 3.3118e-18)
(0.591132 1.2195 8.67154e-20)
(0.765626 1.17595 0)
(0.944884 1.13715 -3.38273e-18)
(1.12265 1.10718 -3.44932e-18)
(1.29818 1.09078 1.07229e-17)
(1.44849 1.0887 -1.09912e-17)
(1.58659 1.09581 7.76697e-18)
(-0.16276 1.18186 -7.36502e-19)
(-0.0579535 1.15771 1.46563e-18)
(0.0671334 1.13942 -1.49545e-20)
(0.206916 1.12142 -2.95082e-18)
(0.363619 1.10344 -5.87049e-18)
(0.536785 1.08493 4.55737e-20)
(0.725177 1.06699 -5.90061e-18)
(0.926172 1.05168 3.00015e-18)
(1.13204 1.04024 -3.05631e-18)
(1.33454 1.0363 -6.401e-18)
(1.50057 1.03138 0)
(1.64207 1.02922 7.13342e-18)
(1.87417 1.3983 8.66927e-18)
(1.94246 1.3598 9.04927e-18)
(1.9991 1.32615 0)
(2.04786 1.29368 0)
(2.09324 1.25888 4.44481e-18)
(2.13829 1.21873 -4.40334e-18)
(2.18968 1.17025 2.08852e-18)
(2.24808 1.10885 6.50078e-18)
(2.33633 1.01834 0)
(2.43868 0.873717 0)
(2.64135 0.59605 5.81662e-19)
(2.46648 -0.06147 -1.43048e-18)
(1.74227 1.23501 -8.49052e-18)
(1.81011 1.22027 3.01003e-19)
(1.85674 1.20111 0)
(1.88635 1.17707 -4.25884e-18)
(1.90371 1.14707 -1.04705e-20)
(1.91177 1.10798 4.1739e-18)
(1.91885 1.05892 0)
(1.92431 0.99431 -4.10588e-18)
(1.95826 0.903712 0)
(1.99002 0.757366 -3.99541e-18)
(2.09886 0.544406 -1.9365e-18)
(1.98783 0.120453 -1.39411e-26)
(1.66817 1.11549 -2.75268e-19)
(1.70903 1.11468 -8.08702e-18)
(1.71594 1.09834 0)
(1.70364 1.07637 6.92641e-18)
(1.67545 1.04762 3.60619e-18)
(1.63315 1.01162 -1.29199e-21)
(1.58759 0.966304 -9.2011e-18)
(1.5463 0.904195 1.09428e-17)
(1.54354 0.818334 -1.80563e-18)
(1.54767 0.677413 8.02198e-18)
(1.6141 0.512643 2.51549e-18)
(1.56872 0.224956 -4.15847e-19)
(1.65227 1.02283 2.43104e-17)
(1.6218 0.997092 0)
(1.55911 0.969411 0)
(1.47004 0.936913 -6.95039e-18)
(1.36269 0.907102 -7.36003e-18)
(1.25977 0.881171 7.13284e-18)
(1.17786 0.854761 1.36503e-17)
(1.12617 0.811043 -6.58937e-18)
(1.12637 0.743835 3.23486e-18)
(1.14834 0.62206 -3.18097e-18)
(1.21368 0.479495 -1.53325e-18)
(1.22931 0.273861 -3.68199e-19)
(2.26637 0.0542846 -1.03375e-18)
(2.30606 -0.0416587 0)
(2.28753 -0.244945 5.49369e-20)
(2.23579 -0.459321 0)
(2.15477 -0.677497 0)
(2.04664 -0.884258 4.59017e-18)
(1.92538 -1.07662 0)
(1.80337 -1.25356 8.72151e-18)
(1.68884 -1.41331 8.60415e-18)
(1.58871 -1.55834 8.75631e-18)
(1.50766 -1.68194 -4.36759e-18)
(1.44311 -1.79006 -4.52415e-18)
(1.77624 0.0490209 -4.91791e-19)
(1.72223 -0.0770531 -4.87511e-19)
(1.68837 -0.21169 -9.95781e-19)
(1.64661 -0.359674 0)
(1.59778 -0.525432 -1.92764e-18)
(1.5388 -0.699334 9.59273e-18)
(1.47396 -0.875977 0)
(1.40966 -1.05198 3.81109e-18)
(1.35002 -1.22065 -3.84717e-18)
(1.30126 -1.38217 -7.73799e-18)
(1.26683 -1.52242 -8.04452e-18)
(1.2426 -1.64943 8.05139e-18)
(1.44797 0.112095 -8.20671e-19)
(1.39447 0.00496982 1.2356e-18)
(1.35137 -0.124646 -2.46773e-18)
(1.30701 -0.267108 1.65777e-18)
(1.26416 -0.423815 0)
(1.2199 -0.590904 -1.32012e-17)
(1.17634 -0.765466 0)
(1.13755 -0.94487 6.70885e-18)
(1.10759 -1.12281 -3.41494e-18)
(1.09122 -1.29854 7.18053e-18)
(1.08918 -1.44905 3.66318e-18)
(1.09631 -1.58736 -7.77202e-18)
(1.18244 0.162479 1.10634e-18)
(1.15824 0.0576671 1.46652e-18)
(1.13982 -0.0671383 0)
(1.12178 -0.206719 0)
(1.10377 -0.363327 0)
(1.08527 -0.536487 1.17933e-17)
(1.06733 -0.724959 5.90359e-18)
(1.05204 -0.926125 -9.00475e-18)
(1.04061 -1.13222 9.25718e-18)
(1.03669 -1.33495 -6.40387e-18)
(1.03179 -1.5012 0)
(1.02964 -1.64289 6.93677e-18)
(1.39914 -1.87537 -9.00573e-18)
(1.36049 -1.94379 -9.05734e-18)
(1.32666 -2.00056 8.71257e-18)
(1.294 -2.04941 -9.06751e-18)
(1.259 -2.09484 0)
(1.21864 -2.13988 -8.98949e-18)
(1.16999 -2.1912 1.11138e-17)
(1.10842 -2.2495 -2.18387e-18)
(1.0178 -2.33757 4.33726e-18)
(0.873171 -2.43977 -1.12626e-18)
(0.595656 -2.64213 1.09641e-18)
(-0.0613733 -2.46728 -7.50023e-19)
(1.23569 -1.74334 8.21919e-18)
(1.22086 -1.81134 8.31356e-18)
(1.20156 -1.85812 0)
(1.17738 -1.88783 4.09017e-18)
(1.1472 -1.90524 8.45962e-18)
(1.10793 -1.91327 4.04195e-18)
(1.05873 -1.92028 -1.64011e-17)
(0.993987 -1.92565 -4.10614e-18)
(0.903303 -1.95945 -4.04666e-18)
(0.756962 -1.99109 -1.0041e-18)
(0.544096 -2.09974 9.64459e-19)
(0.120456 -1.98866 4.7573e-19)
(1.11596 -1.66914 0)
(1.11515 -1.71017 -1.25485e-17)
(1.09866 -1.71719 4.21729e-18)
(1.07658 -1.70496 3.5319e-18)
(1.04769 -1.67678 7.21632e-18)
(1.01157 -1.63446 -3.57653e-18)
(0.966141 -1.58886 9.03313e-18)
(0.903906 -1.54753 9.11968e-18)
(0.817985 -1.54469 1.79863e-18)
(0.677103 -1.54877 -1.77432e-18)
(0.512401 -1.6151 -4.20327e-19)
(0.224921 -1.56964 -6.0902e-21)
(1.02318 -1.65323 0)
(0.997403 -1.62282 -1.64982e-19)
(0.969649 -1.56019 0)
(0.937058 -1.47115 -1.40796e-17)
(0.907124 -1.36379 3.64538e-18)
(0.881091 -1.2609 -1.06819e-17)
(0.854579 -1.17904 0)
(0.810782 -1.12739 -6.58722e-18)
(0.74349 -1.12758 3.21856e-18)
(0.621742 -1.14949 -3.16365e-18)
(0.479256 -1.21472 -1.13582e-18)
(0.273794 -1.23023 -3.74983e-19)
(0.0542973 -2.26731 -1.03337e-18)
(-0.0418239 -2.30702 6.72652e-20)
(-0.245269 -2.28834 0)
(-0.459745 -2.2364 -2.39217e-18)
(-0.677924 -2.15517 4.7938e-18)
(-0.884676 -2.04691 -7.01653e-18)
(-1.07697 -1.92547 -1.08488e-19)
(-1.25384 -1.80334 8.82644e-18)
(-1.41349 -1.68869 -4.36914e-18)
(-1.55841 -1.58846 0)
(-1.6819 -1.50731 -1.73886e-17)
(-1.7899 -1.4427 2.82731e-19)
(0.0490361 -1.77724 9.86918e-19)
(-0.0771452 -1.72329 -5.14585e-19)
(-0.211917 -1.68939 3.94893e-18)
(-0.360028 -1.64758 -7.83211e-18)
(-0.52585 -1.59866 3.85967e-18)
(-0.699806 -1.53958 2.61888e-20)
(-0.876478 -1.47464 0)
(-1.05244 -1.41021 1.1427e-17)
(-1.22104 -1.35045 -3.84499e-18)
(-1.38246 -1.30154 0)
(-1.5226 -1.26695 7.8812e-18)
(-1.64949 -1.24258 -8.04584e-18)
(0.112077 -1.44896 -4.12593e-19)
(0.0048378 -1.39551 -5.11991e-21)
(-0.124902 -1.35243 -3.30197e-18)
(-0.267488 -1.30806 3.30445e-18)
(-0.424279 -1.26521 -3.31192e-18)
(-0.591423 -1.2209 9.90265e-18)
(-0.766024 -1.17731 9.93771e-18)
(-0.94541 -1.13846 -3.38299e-18)
(-1.1233 -1.10839 3.43226e-18)
(-1.29893 -1.09188 0)
(-1.44933 -1.08965 -7.44286e-18)
(-1.58749 -1.09658 0)
(0.16243 -1.18338 -1.47285e-18)
(0.0575221 -1.15923 -2.93473e-18)
(-0.0674112 -1.14082 2.92259e-18)
(-0.207115 -1.12279 -1.45362e-18)
(-0.363817 -1.10478 2.93264e-18)
(-0.537036 -1.08625 -1.0311e-17)
(-0.725527 -1.06827 -5.93133e-18)
(-0.926638 -1.0529 5.98896e-18)
(-1.13261 -1.04137 -9.21828e-18)
(-1.33518 -1.03731 0)
(-1.50127 -1.03225 6.72897e-18)
(-1.64277 -1.02993 -1.40671e-17)
(-1.87509 -1.39869 1.34291e-17)
(-1.94341 -1.36005 -4.43239e-18)
(-2.00006 -1.32628 0)
(-2.04881 -1.29371 -8.69461e-18)
(-2.09415 -1.25883 0)
(-2.13916 -1.21862 0)
(-2.19047 -1.17013 -4.29394e-18)
(-2.2488 -1.10872 0)
(-2.33694 -1.01824 0)
(-2.43923 -0.873687 -3.69499e-20)
(-2.64175 -0.596084 2.22064e-18)
(-2.46688 0.0612561 1.50009e-18)
(-1.74327 -1.23555 -8.21329e-18)
(-1.81114 -1.22065 0)
(-1.85779 -1.20137 0)
(-1.88738 -1.17722 -4.25865e-18)
(-1.90471 -1.14712 4.22159e-18)
(-1.91269 -1.10797 0)
(-1.91968 -1.05888 -6.24804e-18)
(-1.92505 -0.994263 -2.02357e-18)
(-1.9589 -0.903683 0)
(-1.99062 -0.757407 -1.00702e-18)
(-2.09936 -0.544494 -2.42245e-18)
(-1.9883 -0.120668 -4.7702e-19)
(-1.66914 -1.11607 8.08191e-18)
(-1.71005 -1.11509 -4.1323e-18)
(-1.71696 -1.09863 -8.64392e-18)
(-1.70466 -1.07657 3.39392e-18)
(-1.67642 -1.04773 -7.34144e-18)
(-1.63404 -1.01167 0)
(-1.58839 -0.966328 1.45847e-17)
(-1.54703 -0.904192 0)
(-1.5442 -0.818349 1.8226e-18)
(-1.54831 -0.677498 8.98724e-19)
(-1.6147 -0.512762 1.25877e-18)
(-1.56927 -0.225165 -4.01154e-21)
(-1.65307 -1.02332 -7.98363e-18)
(-1.62266 -0.997476 0)
(-1.56 -0.969687 6.84578e-18)
(-1.47093 -0.937104 -1.06658e-17)
(-1.36355 -0.907221 1.82019e-17)
(-1.26059 -0.881246 -7.131e-18)
(-1.17864 -0.854808 -1.36466e-17)
(-1.12691 -0.81108 0)
(-1.12706 -0.743862 0)
(-1.14899 -0.62213 0)
(-1.2143 -0.479614 -1.51533e-18)
(-1.22988 -0.274048 -1.12525e-18)
(-2.26676 -0.0544188 -5.07087e-20)
(-2.30638 0.0416258 5.35912e-19)
(-2.28773 0.244983 0)
(-2.23589 0.459429 4.89487e-18)
(-2.15476 0.677623 -2.34459e-18)
(-2.04658 0.884413 -6.92646e-18)
(-1.92522 1.07676 -4.48683e-18)
(-1.80316 1.25368 4.43412e-18)
(-1.68858 1.41339 8.60075e-18)
(-1.58842 1.55837 8.75324e-18)
(-1.50733 1.6819 -8.8168e-18)
(-1.44276 1.78996 -8.62046e-18)
(-1.77674 -0.0491655 -1.52535e-26)
(-1.72272 0.0769633 1.97664e-18)
(-1.6888 0.211675 3.9489e-18)
(-1.647 0.359757 0)
(-1.59812 0.525578 3.85979e-18)
(-1.53908 0.699552 0)
(-1.47419 0.876253 3.80315e-18)
(-1.40982 1.05225 -2.04216e-20)
(-1.35013 1.2209 -1.15326e-17)
(-1.30129 1.38236 -7.73528e-18)
(-1.26678 1.52253 7.88341e-18)
(-1.24247 1.64947 8.26526e-18)
(-1.44854 -0.112254 4.10943e-19)
(-1.39503 -0.00504438 -4.10847e-18)
(-1.35192 0.124665 -5.75064e-18)
(-1.30755 0.267233 -1.63763e-18)
(-1.2647 0.424033 -9.83374e-18)
(-1.2204 0.591201 4.92458e-18)
(-1.17683 0.765834 2.1625e-20)
(-1.13801 0.945255 3.38351e-18)
(-1.108 1.12318 1.74725e-20)
(-1.09155 1.29883 0)
(-1.08939 1.44926 0)
(-1.09639 1.58747 1.96725e-19)
(-1.18303 -0.162631 3.67319e-19)
(-1.15885 -0.0577335 1.46923e-18)
(-1.14043 0.067176 2.93762e-18)
(-1.12239 0.206876 -2.93202e-18)
(-1.10439 0.363595 1.17872e-17)
(-1.08587 0.536853 -5.91748e-18)
(-1.06791 0.725393 0)
(-1.05257 0.926559 5.98578e-18)
(-1.04108 1.13258 6.16229e-18)
(-1.03705 1.33517 0)
(-1.03202 1.50129 0)
(-1.02974 1.64287 -2.10052e-17)
(-1.39879 1.8752 8.67442e-18)
(-1.36016 1.94355 -9.05527e-18)
(-1.32639 2.00024 -1.35324e-17)
(-1.29378 2.04901 -1.42366e-20)
(-1.25885 2.09438 9.02145e-18)
(-1.21855 2.13939 2.20472e-17)
(-1.16996 2.1907 4.29763e-18)
(-1.10846 2.24897 -4.45979e-18)
(-1.0179 2.33704 0)
(-0.873305 2.43919 -3.70163e-20)
(-0.59581 2.64162 0)
(0.0613563 2.46682 -7.50161e-19)
(-1.23552 1.7433 0)
(-1.22067 1.81121 -3.01203e-19)
(-1.20139 1.85789 8.35722e-18)
(-1.17723 1.8875 -1.29215e-17)
(-1.14709 1.90483 -1.26744e-17)
(-1.10786 1.9128 -8.21769e-18)
(-1.0587 1.91975 1.03798e-17)
(-0.99401 1.92502 6.0975e-18)
(-0.903382 1.95876 -4.04782e-18)
(-0.757068 1.9903 1.98326e-18)
(-0.544224 2.09892 0)
(-0.120368 1.98798 0)
(-1.11597 1.66915 -8.08455e-18)
(-1.11504 1.71007 3.97666e-18)
(-1.0986 1.71698 -4.41301e-18)
(-1.07653 1.70467 3.28365e-18)
(-1.04765 1.67639 1.07076e-17)
(-1.01154 1.63394 0)
(-0.966131 1.58819 1.74959e-19)
(-0.903939 1.54666 -3.60665e-18)
(-0.818068 1.54368 -2.40009e-20)
(-0.677193 1.54762 -3.5562e-18)
(-0.512486 1.61391 4.20515e-19)
(-0.224853 1.5686 -4.19745e-19)
(-1.02319 1.65314 -8.34496e-18)
(-0.997361 1.62267 0)
(-0.969563 1.55993 6.84765e-18)
(-0.936954 1.47075 -1.06689e-17)
(-0.907033 1.36322 3.66147e-18)
(-0.881026 1.26008 0)
(-0.854557 1.17795 1.2434e-19)
(-0.810817 1.12604 6.66935e-18)
(-0.743587 1.12609 3.21932e-18)
(-0.621861 1.14791 1.54291e-20)
(-0.479324 1.21322 0)
(-0.27375 1.22887 7.46794e-19)
(-0.158444 0.993807 1.05908e-18)
(-0.0485508 1.01491 1.27487e-20)
(0.0880141 1.03987 -4.36019e-18)
(0.246191 1.06668 0)
(0.428214 1.09371 6.82035e-18)
(0.632515 1.11748 1.62165e-17)
(0.855408 1.13621 2.33675e-17)
(1.08747 1.14773 0)
(1.31121 1.14915 0)
(1.49961 1.13463 -4.44133e-18)
(1.60156 1.10004 3.84191e-18)
(1.61706 1.06262 -1.72612e-17)
(-0.147536 0.897661 -5.27856e-19)
(-0.0301182 0.949027 1.63678e-18)
(0.114081 1.00383 -5.5723e-18)
(0.284934 1.06045 0)
(0.483866 1.11537 9.4993e-18)
(0.708194 1.16344 -9.67782e-18)
(0.949911 1.19892 -4.94191e-18)
(1.19096 1.21479 7.80345e-21)
(1.40232 1.20193 -4.4217e-18)
(1.53115 1.156 0)
(1.56654 1.09153 0)
(1.48963 1.02225 1.99191e-17)
(-0.11386 0.849852 0)
(0.0127468 0.917815 -2.16842e-18)
(0.166798 0.98815 4.46708e-18)
(0.349557 1.05854 2.31527e-18)
(0.560186 1.12388 -1.44622e-17)
(0.792466 1.17716 7.53357e-18)
(1.03221 1.21057 -1.52923e-17)
(1.2531 1.21305 4.73985e-18)
(1.414 1.17757 2.24487e-20)
(1.4807 1.11835 4.86463e-20)
(1.43652 1.03179 -2.6359e-17)
(1.27838 0.964693 -2.35719e-17)
(-0.0733802 0.823298 0)
(0.0612432 0.897787 4.38306e-18)
(0.223098 0.97254 0)
(0.413238 1.04437 9.47885e-18)
(0.627738 1.10677 0)
(0.856071 1.15214 5.1878e-18)
(1.0783 1.17205 2.0391e-17)
(1.2613 1.15554 -4.61903e-18)
(1.36002 1.10339 0)
(1.35793 1.01341 0)
(1.21812 0.899369 -6.71973e-18)
(1.01699 0.844701 7.33932e-18)
(1.45396 0.996026 -2.07706e-17)
(1.29296 0.890062 -5.52395e-18)
(1.13825 0.839941 2.85371e-17)
(0.991409 0.800722 -1.68897e-17)
(0.872592 0.781828 2.17283e-17)
(0.792176 0.770361 -2.08499e-17)
(0.758272 0.756164 -2.48823e-17)
(0.77058 0.719381 0)
(0.82522 0.650278 -4.55836e-18)
(0.894905 0.534449 0)
(0.968099 0.401704 0)
(0.997609 0.249735 -1.05828e-18)
(1.19283 0.933815 0)
(0.997523 0.772709 0)
(0.839718 0.714668 -2.17594e-17)
(0.702447 0.678178 5.29391e-18)
(0.608768 0.668568 5.00623e-18)
(0.561065 0.668846 1.2186e-20)
(0.558837 0.665431 1.15715e-17)
(0.598948 0.640286 6.71056e-18)
(0.669919 0.584001 0)
(0.749451 0.48809 0)
(0.822221 0.37424 -5.23557e-19)
(0.866879 0.246096 2.63043e-18)
(0.886484 0.908829 0)
(0.717122 0.696527 -5.57544e-18)
(0.59795 0.642687 -1.57911e-17)
(0.497199 0.615685 2.00825e-17)
(0.440063 0.611263 1.82231e-17)
(0.424653 0.612916 4.3836e-18)
(0.447377 0.607762 -6.64875e-18)
(0.504384 0.581068 -6.46508e-18)
(0.583161 0.525732 8.48656e-18)
(0.665924 0.438103 0)
(0.740328 0.33427 5.20347e-19)
(0.797411 0.218704 1.57957e-18)
(0.555651 0.873822 -3.54442e-17)
(0.472481 0.617206 -2.37938e-17)
(0.410688 0.575384 2.10301e-17)
(0.355531 0.565084 -2.34786e-17)
(0.334049 0.56624 4.48796e-18)
(0.342584 0.567958 0)
(0.383272 0.560043 -2.18181e-18)
(0.450329 0.530872 9.30416e-21)
(0.532768 0.475771 -6.28944e-18)
(0.616733 0.39341 0)
(0.693378 0.295306 -3.66213e-18)
(0.759132 0.184848 -4.74328e-18)
(0.99451 0.158116 -2.1248e-18)
(1.01545 0.0484105 -2.14443e-18)
(1.04028 -0.0879079 0)
(1.0671 -0.245956 0)
(1.09416 -0.427979 6.91423e-18)
(1.118 -0.632365 -6.88805e-18)
(1.13678 -0.855437 9.85178e-20)
(1.14835 -1.08774 1.41585e-17)
(1.14976 -1.31172 -4.60031e-18)
(1.1352 -1.50031 4.4421e-18)
(1.10055 -1.60235 -1.94052e-17)
(1.06307 -1.6179 0)
(0.898433 0.147287 1.58771e-18)
(0.949662 0.0300319 1.62885e-18)
(1.00436 -0.113996 -4.4608e-18)
(1.06103 -0.284773 -2.27413e-18)
(1.11602 -0.483736 -7.0002e-18)
(1.16419 -0.708186 0)
(1.19975 -0.950117 -1.49961e-17)
(1.21563 -1.1914 -5.05986e-18)
(1.20272 -1.40292 -8.80935e-18)
(1.15668 -1.53186 0)
(1.09205 -1.56727 1.88732e-17)
(1.02268 -1.49039 0)
(0.850711 0.113674 1.06781e-18)
(0.918583 -0.0127846 -4.3547e-18)
(0.988835 -0.166739 4.47086e-18)
(1.05929 -0.349476 2.31713e-18)
(1.12471 -0.560172 -4.84527e-18)
(1.17807 -0.792605 2.52672e-18)
(1.21154 -1.03256 0)
(1.21398 -1.2536 4.66072e-18)
(1.17842 -1.4146 4.14623e-18)
(1.11904 -1.48137 4.87947e-18)
(1.03234 -1.43719 -2.63402e-17)
(0.965102 -1.27907 0)
(0.824203 0.0732666 -2.13714e-18)
(0.898653 -0.0612423 6.56731e-18)
(0.973328 -0.223061 0)
(1.04522 -0.413223 -9.4846e-18)
(1.10769 -0.627815 0)
(1.15313 -0.856307 -5.19066e-18)
(1.17305 -1.0787 -5.12806e-18)
(1.15649 -1.26179 2.31018e-17)
(1.10423 -1.36057 7.71977e-21)
(1.01409 -1.35849 -5.74585e-18)
(0.899878 -1.21871 2.69229e-17)
(0.845068 -1.01762 -2.90924e-17)
(0.996344 -1.45482 0)
(0.890294 -1.29388 -1.09519e-17)
(0.840096 -1.13925 0)
(0.800799 -0.992473 5.5738e-18)
(0.781813 -0.873719 5.45228e-18)
(0.770246 -0.793353 2.59854e-17)
(0.755953 -0.75943 7.43901e-18)
(0.719101 -0.7717 -2.39049e-18)
(0.649997 -0.826267 4.5785e-18)
(0.534243 -0.895806 -1.35706e-20)
(0.401628 -0.968882 2.13076e-18)
(0.24977 -0.998353 0)
(0.93411 -1.19362 5.52729e-18)
(0.772902 -0.998404 -1.08937e-17)
(0.714798 -0.840678 5.38775e-18)
(0.678236 -0.703454 0)
(0.668541 -0.609797 9.99089e-18)
(0.66872 -0.56206 -9.57649e-18)
(0.665213 -0.559776 -1.84984e-17)
(0.64 -0.599793 0)
(0.583703 -0.670646 -4.32612e-18)
(0.487853 -0.750048 -2.02526e-20)
(0.374116 -0.822726 -5.22686e-19)
(0.24608 -0.867379 5.27736e-19)
(0.909086 -0.887223 0)
(0.696655 -0.717952 -3.67812e-20)
(0.642755 -0.598823 -2.09891e-17)
(0.615681 -0.498066 2.00492e-17)
(0.611175 -0.440884 -9.09799e-18)
(0.612744 -0.425407 -4.36032e-18)
(0.607511 -0.448035 1.10787e-17)
(0.580773 -0.504922 8.64224e-18)
(0.52544 -0.583574 2.12108e-18)
(0.437877 -0.666217 4.17673e-18)
(0.334149 -0.740554 0)
(0.218675 -0.797645 1.05224e-18)
(0.874056 -0.556327 -3.54188e-17)
(0.617268 -0.473207 1.76492e-17)
(0.575387 -0.411421 4.72744e-17)
(0.565019 -0.356216 -2.34506e-17)
(0.566105 -0.334646 -1.34174e-17)
(0.567751 -0.343092 -1.34255e-17)
(0.559777 -0.383668 -4.34699e-18)
(0.530575 -0.4506 -8.49629e-18)
(0.475486 -0.532914 0)
(0.39319 -0.616779 1.03862e-18)
(0.295184 -0.693362 -1.04628e-18)
(0.184815 -0.759113 -2.10456e-18)
(0.158099 -0.995308 2.11703e-18)
(0.048285 -1.01629 2.14131e-18)
(-0.0881399 -1.04112 -4.35903e-18)
(-0.246279 -1.06791 0)
(-0.428339 -1.09492 2.26065e-18)
(-0.63271 -1.11868 6.97551e-18)
(-0.855697 -1.13736 0)
(-1.08784 -1.1488 9.50337e-18)
(-1.31161 -1.15008 0)
(-1.5 -1.13539 2.20425e-17)
(-1.60197 -1.10064 -7.78902e-18)
(-1.61751 -1.06309 2.15159e-17)
(0.147259 -0.898988 -5.2765e-19)
(0.0299405 -0.95024 2.71467e-18)
(-0.114162 -1.00493 -4.45556e-18)
(-0.284988 -1.06154 -6.91568e-18)
(-0.483942 -1.11644 -2.56503e-20)
(-0.708309 -1.16449 -1.21305e-17)
(-0.950069 -1.19991 -1.51373e-17)
(-1.19112 -1.21566 -1.49692e-17)
(-1.40243 -1.20265 -1.7834e-17)
(-1.53129 -1.15659 -1.79329e-17)
(-1.56671 -1.09194 0)
(-1.48983 -1.02251 0)
(0.113661 -0.850978 2.13277e-18)
(-0.0128248 -0.918861 -3.2501e-18)
(-0.166812 -0.989089 5.59386e-18)
(-0.349555 -1.05947 -8.93243e-20)
(-0.560189 -1.12479 9.72737e-18)
(-0.792476 -1.17803 5.09671e-18)
(-1.03222 -1.21137 1.51667e-17)
(-1.25306 -1.21373 3.3155e-17)
(-1.41395 -1.17817 1.23782e-17)
(-1.48067 -1.11878 -1.94187e-17)
(-1.43646 -1.03207 0)
(-1.27847 -0.964805 0)
(0.0732729 -0.824204 -4.26932e-18)
(-0.0612288 -0.898649 1.08788e-18)
(-0.22304 -0.973286 -1.13669e-18)
(-0.413163 -1.0451 1.1751e-17)
(-0.627646 -1.10746 -1.2288e-17)
(-0.855955 -1.15279 -5.01047e-18)
(-1.07814 -1.17263 2.57834e-20)
(-1.2611 -1.15606 4.7599e-18)
(-1.3598 -1.10381 -2.13845e-17)
(-1.35771 -1.01373 2.30095e-17)
(-1.21803 -0.899579 -2.68944e-17)
(-1.01713 -0.844713 0)
(-1.45458 -0.996314 -2.07732e-17)
(-1.29373 -0.890314 -5.52112e-18)
(-1.13909 -0.840139 5.69908e-18)
(-0.992247 -0.800874 -5.66877e-18)
(-0.873393 -0.781932 -5.36761e-18)
(-0.792918 -0.770428 -5.81626e-20)
(-0.758939 -0.756207 1.23788e-17)
(-0.77119 -0.719417 -2.39214e-18)
(-0.825783 -0.650337 0)
(-0.895417 -0.534567 0)
(-0.968594 -0.401887 2.13221e-18)
(-0.998119 -0.249953 2.11832e-18)
(-1.19335 -0.933933 4.40405e-17)
(-0.99821 -0.772855 0)
(-0.840447 -0.714811 0)
(-0.703152 -0.678295 1.05424e-17)
(-0.609412 -0.668651 -5.00445e-18)
(-0.561622 -0.668893 4.79124e-18)
(-0.559326 -0.665451 0)
(-0.599377 -0.640295 -6.71821e-18)
(-0.670305 -0.584024 -2.17798e-18)
(-0.749809 -0.48816 4.26135e-18)
(-0.822586 -0.374368 -2.62632e-18)
(-0.86729 -0.246259 -5.21899e-19)
(-0.886983 -0.908765 -2.50405e-17)
(-0.717736 -0.696547 1.6665e-17)
(-0.598555 -0.642747 5.22432e-18)
(-0.497744 -0.615745 5.01542e-18)
(-0.440518 -0.611304 4.55573e-18)
(-0.42503 -0.612931 0)
(-0.447682 -0.607753 2.21213e-18)
(-0.504636 -0.581052 4.30789e-18)
(-0.583381 -0.525731 2.12335e-18)
(-0.666133 -0.438146 -4.18074e-18)
(-0.740561 -0.334364 2.08339e-18)
(-0.797703 -0.218825 -1.05308e-18)
(-0.556158 -0.873629 3.54317e-17)
(-0.47301 -0.617117 -2.3584e-17)
(-0.411163 -0.575371 -5.26096e-18)
(-0.355919 -0.565092 -4.36703e-21)
(-0.334339 -0.566246 -1.34319e-17)
(-0.342797 -0.567946 -4.46925e-18)
(-0.383421 -0.560012 1.30507e-17)
(-0.450434 -0.530833 0)
(-0.53285 -0.475744 8.40816e-18)
(-0.616816 -0.393421 0)
(-0.693492 -0.295363 -4.18029e-18)
(-0.759304 -0.18493 2.10633e-18)
(-0.995072 -0.158261 1.06782e-18)
(-1.01604 -0.0484579 0)
(-1.04088 0.0879682 4.39145e-18)
(-1.06769 0.246128 4.4679e-18)
(-1.09473 0.42824 -9.08476e-18)
(-1.11852 0.632681 4.70486e-18)
(-1.13723 0.85574 9.41875e-18)
(-1.14869 1.08795 3.75246e-20)
(-1.14998 1.31175 4.77498e-18)
(-1.13529 1.50017 -1.31645e-17)
(-1.10054 1.60213 -3.84248e-18)
(-1.06298 1.61763 1.72656e-17)
(-0.898906 -0.147404 -1.58884e-18)
(-0.95017 -0.0300712 -5.44347e-19)
(-1.00489 0.11405 -4.41394e-18)
(-1.06154 0.284918 0)
(-1.11649 0.483941 -1.18535e-17)
(-1.16457 0.708394 -7.22853e-18)
(-1.20001 0.950241 1.5767e-19)
(-1.21576 1.19136 5.01096e-18)
(-1.20271 1.40267 -1.32306e-17)
(-1.1566 1.53148 1.79437e-17)
(-1.09188 1.56685 0)
(-1.02242 1.48985 1.99233e-17)
(-0.851067 -0.113765 -2.66412e-18)
(-0.918977 0.0127531 5.4697e-19)
(-0.989242 0.16678 0)
(-1.05967 0.349578 -9.35227e-18)
(-1.12503 0.560291 1.2036e-17)
(-1.17829 0.792666 1.25983e-17)
(-1.21163 1.03248 -1.51717e-17)
(-1.21393 1.25334 -1.90164e-17)
(-1.17831 1.41417 -1.6672e-17)
(-1.11882 1.48083 2.43137e-17)
(-1.03203 1.43649 -5.24354e-18)
(-0.964714 1.27833 -4.69845e-17)
(-0.824433 -0.073333 3.74077e-18)
(-0.89892 0.0612155 5.49115e-19)
(-0.973606 0.223081 0)
(-1.04547 0.413269 1.17581e-17)
(-1.10787 0.627832 -2.07001e-20)
(-1.1532 0.856216 -2.47582e-18)
(-1.17299 1.07844 0)
(-1.15635 1.26137 4.46948e-18)
(-1.10399 1.35998 1.5966e-17)
(-1.01376 1.35773 1.27775e-20)
(-0.899496 1.21788 2.68987e-17)
(-0.844625 1.01679 5.86871e-17)
(-0.996185 1.45448 2.07715e-17)
(-0.890096 1.2934 5.52392e-18)
(-0.83986 1.13853 -5.70248e-18)
(-0.80056 0.991497 1.12157e-17)
(-0.781601 0.872468 0)
(-0.770092 0.791855 1.56367e-17)
(-0.755876 0.757782 -2.23872e-17)
(-0.719088 0.769965 -1.18734e-17)
(-0.650008 0.824526 0)
(-0.534222 0.89417 4.41666e-18)
(-0.401514 0.96743 0)
(-0.249744 0.996889 -1.06015e-18)
(-0.933789 1.19303 0)
(-0.772607 0.997627 0)
(-0.714483 0.839651 0)
(-0.67794 0.702196 -5.25558e-18)
(-0.668294 0.608329 9.30784e-21)
(-0.668546 0.560441 -4.79209e-18)
(-0.665119 0.558077 9.25416e-18)
(-0.639972 0.598079 -8.94344e-18)
(-0.583692 0.668989 0)
(-0.487808 0.748507 3.20141e-18)
(-0.373995 0.821346 1.57675e-18)
(-0.246046 0.86596 -5.28068e-19)
(-0.908664 0.886466 0)
(-0.696362 0.717012 1.66765e-17)
(-0.642475 0.597676 -3.00503e-20)
(-0.61545 0.496763 -5.85113e-21)
(-0.611011 0.439453 4.55216e-18)
(-0.61265 0.4239 4.38417e-18)
(-0.607478 0.44649 6.65126e-18)
(-0.580771 0.503392 4.30561e-18)
(-0.525421 0.582108 2.12225e-18)
(-0.437798 0.664842 -4.17907e-18)
(-0.333995 0.739299 -2.08931e-18)
(-0.218627 0.79632 0)
(-0.873573 0.555499 8.74069e-18)
(-0.617023 0.472258 -5.71533e-18)
(-0.575196 0.410318 0)
(-0.564896 0.355029 0)
(-0.56605 0.333392 -4.47145e-18)
(-0.567761 0.341796 7.20714e-22)
(-0.559825 0.382358 -1.30417e-17)
(-0.530624 0.449313 0)
(-0.475488 0.53168 -8.40125e-18)
(-0.393109 0.615605 0)
(-0.295021 0.692277 -2.09415e-18)
(-0.184736 0.757927 0)
(-0.0319763 0.801352 -1.07351e-18)
(0.108063 0.874248 -4.37361e-18)
(0.273922 0.944113 0)
(0.465331 1.00715 -9.50205e-18)
(0.674792 1.05599 -2.48561e-18)
(0.888009 1.08376 -1.29214e-17)
(1.08004 1.08242 5.11534e-18)
(1.20344 1.04364 0)
(1.23356 0.963167 0)
(1.12676 0.849922 7.19053e-18)
(0.824739 0.664963 3.00525e-17)
(0.414839 0.493519 0)
(0.0064354 0.774713 1.07399e-18)
(0.148436 0.839342 0)
(0.313665 0.896603 -9.14465e-18)
(0.499708 0.942319 2.38432e-18)
(0.695382 0.969007 -2.51451e-18)
(0.883099 0.97121 1.57783e-17)
(1.02822 0.940999 1.08454e-17)
(1.08934 0.880295 -6.28893e-18)
(1.03046 0.784304 0)
(0.800053 0.664802 0)
(0.29558 0.462892 0)
(-0.234239 0.442319 0)
(0.0389398 0.73916 -1.08313e-18)
(0.179002 0.790442 -5.49445e-18)
(0.338645 0.829321 1.02282e-17)
(0.512932 0.851513 0)
(0.687236 0.850553 0)
(0.840916 0.822439 -4.67692e-17)
(0.93355 0.766775 2.86964e-17)
(0.93217 0.686674 0)
(0.787791 0.590534 -7.74162e-18)
(0.465954 0.496629 2.12999e-17)
(-0.0157851 0.379456 -1.96141e-17)
(-0.340409 0.41186 0)
(0.0637068 0.693993 1.08982e-18)
(0.197942 0.728553 4.396e-18)
(0.347319 0.745523 -9.08333e-18)
(0.504426 0.740798 7.10273e-18)
(0.651948 0.710211 -7.33707e-18)
(0.766286 0.652496 -5.25223e-18)
(0.811144 0.572357 -4.08732e-17)
(0.750166 0.484187 -6.77337e-18)
(0.548035 0.402794 8.43471e-18)
(0.206653 0.361035 4.56776e-17)
(-0.15881 0.373667 0)
(-0.389939 0.443245 0)
(0.079955 0.640685 0)
(0.204869 0.65691 0)
(0.340074 0.650726 9.04521e-18)
(0.476203 0.618562 -9.32969e-18)
(0.594434 0.559251 -1.20051e-17)
(0.67044 0.474849 4.8866e-17)
(0.671081 0.376935 1.14228e-17)
(0.567019 0.288093 3.31704e-17)
(0.339539 0.231678 0)
(0.0292493 0.243197 -4.20659e-17)
(-0.250534 0.332426 -6.91474e-17)
(-0.446785 0.421965 0)
(0.0877522 0.581847 0)
(0.200491 0.579714 1.12588e-18)
(0.318683 0.551142 -1.1433e-18)
(0.431727 0.493307 2.31715e-18)
(0.520407 0.408264 3.556e-17)
(0.561232 0.301743 -2.51831e-17)
(0.526622 0.191539 5.5902e-18)
(0.396151 0.107316 -2.55372e-17)
(0.167792 0.0781647 -7.70603e-18)
(-0.100822 0.133391 9.84996e-18)
(-0.327281 0.265891 6.18651e-17)
(-0.469679 0.392595 0)
(0.0878129 0.520361 0)
(0.186266 0.501152 1.16806e-18)
(0.285695 0.452378 -1.17225e-18)
(0.374961 0.372018 0)
(0.435466 0.265126 -2.14431e-17)
(0.445959 0.141113 -2.45243e-18)
(0.385552 0.0224819 -1.09248e-17)
(0.242746 -0.0559942 -3.11314e-17)
(0.0266689 -0.0632526 2.98752e-17)
(-0.201976 0.0218734 0)
(-0.385526 0.182181 1.19968e-16)
(-0.470742 0.335135 0)
(0.0812358 0.458832 0)
(0.163986 0.424773 1.25132e-18)
(0.243784 0.358876 8.66501e-18)
(0.30957 0.259826 2.46181e-18)
(0.344233 0.135113 1.73377e-17)
(0.329571 -0.00265704 -5.11324e-18)
(0.251531 -0.127975 2.78198e-17)
(0.106202 -0.202973 5.01981e-17)
(-0.0919905 -0.19699 3.02804e-17)
(-0.282931 -0.0949244 9.99071e-18)
(-0.423687 0.0856944 -1.53112e-17)
(-0.447323 0.268314 0)
(0.0692713 0.399106 0)
(0.135433 0.353081 0)
(0.195278 0.273625 -1.1103e-17)
(0.238382 0.159885 0)
(0.249745 0.021111 3.53184e-20)
(0.214512 -0.127888 -5.58135e-18)
(0.124995 -0.259959 6.06661e-18)
(-0.0167911 -0.335727 -2.70215e-17)
(-0.195017 -0.325471 -8.07531e-18)
(-0.348826 -0.217431 9.87301e-17)
(-0.443179 -0.0212546 -1.39019e-16)
(-0.404534 0.18615 1.87174e-16)
(0.0535021 0.341673 0)
(0.102728 0.286916 7.31182e-18)
(0.142781 0.197538 -1.41065e-17)
(0.164159 0.0728748 3.4328e-18)
(0.154388 -0.076807 -3.3992e-17)
(0.10187 -0.235729 2.45249e-17)
(0.00478793 -0.375739 -2.95653e-17)
(-0.130389 -0.457231 8.19681e-18)
(-0.287965 -0.450661 -7.61537e-17)
(-0.403483 -0.344571 -8.88345e-17)
(-0.446686 -0.135254 -2.12397e-17)
(-0.343312 0.0950568 -2.32619e-16)
(0.0371499 0.283259 0)
(0.0705383 0.222682 -3.76041e-17)
(0.0927468 0.126406 2.39378e-17)
(0.0942619 -0.00622046 0)
(0.0646777 -0.164589 -5.66879e-18)
(-0.00429929 -0.33325 -2.83146e-17)
(-0.108042 -0.482044 -4.48059e-17)
(-0.239275 -0.573648 -2.27503e-17)
(-0.374331 -0.576545 1.29028e-16)
(-0.447489 -0.473121 1.15898e-16)
(-0.429108 -0.263575 0)
(-0.265993 -0.0149396 0)
(0.0231492 0.203751 -1.86821e-17)
(0.0413642 0.139814 -5.82859e-20)
(0.0477913 0.0401224 0)
(0.0324939 -0.0954319 1.80317e-17)
(-0.0133868 -0.25801 -1.45723e-17)
(-0.0947396 -0.43723 -1.21933e-16)
(-0.199144 -0.591813 3.6711e-16)
(-0.319938 -0.713049 0)
(-0.429287 -0.69558 -2.38864e-16)
(-0.429974 -0.575679 -1.94595e-16)
(-0.375785 -0.387677 -2.4728e-16)
(-0.218345 -0.104537 7.07363e-16)
(0.1828 0.540151 7.95327e-17)
(0.281343 0.48261 2.73928e-17)
(0.270858 0.496453 -2.13969e-17)
(0.258416 0.513216 0)
(0.262821 0.523596 -2.30918e-17)
(0.290969 0.52677 -1.33664e-17)
(0.344386 0.516692 1.08472e-17)
(0.417791 0.485708 6.40186e-18)
(0.501907 0.430942 0)
(0.58597 0.352195 1.04578e-18)
(0.663647 0.257476 3.14123e-18)
(0.733432 0.148855 2.11332e-18)
(0.195429 0.179435 1.56035e-16)
(0.187958 0.348446 -8.01722e-18)
(0.181313 0.418743 2.79247e-17)
(0.191477 0.460292 0)
(0.214045 0.480902 0)
(0.25624 0.486564 2.2531e-17)
(0.318554 0.475456 1.32083e-17)
(0.395954 0.443511 -1.08056e-17)
(0.480465 0.389368 2.14201e-18)
(0.563478 0.313379 9.55861e-18)
(0.640135 0.22105 -1.0633e-18)
(0.709442 0.113507 1.06666e-18)
(0.213934 0.0253945 -1.82566e-16)
(0.135199 0.234187 0)
(0.12564 0.347577 0)
(0.144839 0.407618 0)
(0.178637 0.437618 0)
(0.230426 0.446181 2.31746e-17)
(0.298796 0.435076 -4.29397e-17)
(0.378487 0.403092 1.10929e-17)
(0.462326 0.350106 0)
(0.543067 0.276774 -8.64811e-18)
(0.61653 0.186915 -3.77141e-18)
(0.681488 0.0811416 -1.61432e-18)
(0.221993 -0.0667072 1.85651e-16)
(0.103139 0.14841 4.65951e-17)
(0.0885804 0.283484 -3.09228e-17)
(0.109871 0.35564 2.13755e-17)
(0.150459 0.393429 0)
(0.208614 0.405044 4.84009e-18)
(0.280983 0.394846 1.64317e-17)
(0.361707 0.363783 -1.37777e-17)
(0.443989 0.312716 2.25944e-18)
(0.521319 0.242526 -1.10841e-18)
(0.589694 0.155937 5.4945e-18)
(0.647366 0.0534152 0)
(0.221671 -0.126697 -3.6054e-19)
(0.079279 0.0818027 -4.00142e-17)
(0.0599688 0.224636 3.29163e-17)
(0.0804517 0.304085 -5.10814e-17)
(0.125248 0.348025 2.12952e-17)
(0.187669 0.362816 1.18964e-20)
(0.26266 0.354361 -2.47404e-18)
(0.343554 0.325203 2.41142e-17)
(0.423621 0.276986 -2.35862e-18)
(0.496682 0.210801 0)
(0.558609 0.128705 5.65122e-19)
(0.607082 0.0312587 -2.79694e-18)
(0.212446 -0.165472 -1.63539e-16)
(0.0561435 0.0267403 0)
(0.0332766 0.168781 0)
(0.0523228 0.252148 3.0713e-17)
(0.100078 0.300978 -5.1827e-17)
(0.1656 0.319198 -2.75747e-17)
(0.242416 0.313335 2.66911e-18)
(0.322978 0.287102 -2.05676e-17)
(0.400448 0.242773 2.50108e-18)
(0.468743 0.181674 -1.21163e-18)
(0.52349 0.105473 1.77727e-18)
(0.561885 0.0149589 -5.83462e-19)
(0.193323 -0.18978 -3.32527e-16)
(0.0291637 -0.021341 -1.09121e-16)
(0.00440641 0.113892 1.57776e-17)
(0.0225836 0.198818 2.04424e-17)
(0.0729715 0.251734 5.11121e-17)
(0.141168 0.273853 6.09505e-18)
(0.219486 0.271497 -5.85622e-18)
(0.299522 0.249255 0)
(0.37428 0.209901 0)
(0.437715 0.155056 9.15503e-18)
(0.485177 0.0861703 1.26643e-18)
(0.513532 0.00428891 2.44914e-18)
(0.160286 -0.200243 3.50906e-16)
(-0.00303518 -0.0650671 -1.91251e-20)
(-0.0292278 0.0584908 -7.22562e-17)
(-0.0106767 0.14306 -9.39727e-17)
(0.0426024 0.199608 -2.94286e-17)
(0.113606 0.22632 6.99718e-18)
(0.193464 0.228498 -1.00163e-17)
(0.273021 0.211367 3.18985e-18)
(0.345164 0.178093 2.43546e-17)
(0.403988 0.130674 -2.47586e-17)
(0.44461 0.0704325 2.09475e-18)
(0.463744 -0.00136389 -3.3526e-18)
(0.114466 -0.200092 -3.45844e-16)
(-0.0408848 -0.104054 1.2016e-16)
(-0.0692215 0.001805 8.72198e-17)
(-0.0487813 0.0839337 1.14044e-20)
(0.00791804 0.143736 0)
(0.082313 0.175904 3.42481e-17)
(0.16403 0.183782 4.05016e-18)
(0.243302 0.173017 -1.17995e-20)
(0.313028 0.146918 -6.18538e-17)
(0.367739 0.10805 1.3795e-17)
(0.402402 0.0576549 0)
(0.413745 -0.00284062 3.10837e-18)
(0.0536096 -0.189166 9.83929e-16)
(-0.083469 -0.137323 0)
(-0.116298 -0.0556923 1.46675e-17)
(-0.0934267 0.0210542 1.97882e-16)
(-0.0330742 0.0834308 1.13116e-16)
(0.0458484 0.12207 -4.78181e-20)
(0.130107 0.137011 -1.67689e-17)
(0.209452 0.133956 4.72359e-17)
(0.276943 0.116016 3.93774e-17)
(0.328202 0.0866185 1.61572e-17)
(0.358146 0.0469938 2.16836e-18)
(0.36367 -0.00130532 0)
(-0.0147991 -0.165891 -6.58132e-16)
(-0.128464 -0.163395 0)
(-0.170393 -0.11292 0)
(-0.148388 -0.0460703 -1.88939e-16)
(-0.0863307 0.0172636 -1.80352e-16)
(-0.000859109 0.0643444 -8.4901e-17)
(0.0871891 0.0889662 -8.18238e-17)
(0.167431 0.0948961 -1.42785e-16)
(0.232626 0.0854587 -8.8417e-18)
(0.281047 0.0658092 -3.62261e-17)
(0.307901 0.0372005 3.72229e-18)
(0.3103 0.00112666 0)
(-0.033923 -0.117414 -8.73348e-16)
(-0.17148 -0.184375 0)
(-0.228001 -0.165066 0)
(-0.211101 -0.118179 4.99818e-17)
(-0.156676 -0.0553409 -5.71844e-17)
(-0.0639582 0.00721874 6.88973e-17)
(0.0202149 0.0384355 -7.06442e-17)
(0.102276 0.0531722 2.34755e-16)
(0.162116 0.0515801 0)
(0.205038 0.0418646 -9.14074e-17)
(0.229306 0.0257479 -7.40296e-17)
(0.233796 0.00142739 1.99754e-17)
(0.802242 0.0319385 -4.11779e-21)
(0.87514 -0.108027 -4.37592e-18)
(0.944919 -0.273894 0)
(1.008 -0.465353 7.12973e-18)
(1.05689 -0.67492 1.25267e-17)
(1.08472 -0.888279 5.17527e-18)
(1.08337 -1.08042 5.11669e-18)
(1.04452 -1.20386 -2.25792e-17)
(0.963922 -1.23397 0)
(0.850488 -1.12715 -2.13594e-17)
(0.665331 -0.825116 2.98449e-17)
(0.493837 -0.415195 6.13098e-17)
(0.775503 -0.00639465 2.15279e-18)
(0.840174 -0.148362 0)
(0.897347 -0.313629 9.14677e-18)
(0.943109 -0.499741 0)
(0.969812 -0.695518 5.58836e-20)
(0.972035 -0.883344 2.10017e-17)
(0.941793 -1.02851 5.40064e-18)
(0.881007 -1.08962 -3.13306e-17)
(0.784895 -1.03066 0)
(0.665201 -0.800191 2.68349e-17)
(0.463046 -0.295632 -4.31205e-17)
(0.442467 0.234344 0)
(0.739786 -0.0388214 -1.08054e-18)
(0.791139 -0.178888 4.40044e-18)
(0.829926 -0.338583 -9.08725e-18)
(0.852149 -0.512947 1.19293e-17)
(0.85118 -0.687338 -4.93498e-18)
(0.823059 -0.841085 -1.29869e-17)
(0.767359 -0.93371 -3.44095e-17)
(0.687196 -0.932267 3.24177e-17)
(0.590947 -0.787771 0)
(0.49689 -0.465859 -3.17597e-17)
(0.379539 0.0158663 -1.96135e-17)
(0.411909 0.340475 0)
(0.694392 -0.0635202 -5.4428e-19)
(0.729059 -0.197789 -4.94194e-18)
(0.745945 -0.347225 1.1373e-18)
(0.741246 -0.504404 2.79628e-20)
(0.71063 -0.65199 -9.77114e-18)
(0.652894 -0.766358 0)
(0.572724 -0.811171 2.91976e-17)
(0.484518 -0.7501 -6.86119e-18)
(0.403065 -0.547851 0)
(0.361228 -0.20646 9.15074e-17)
(0.373766 0.158909 0)
(0.443293 0.390011 0)
(0.640833 -0.0797077 -2.21874e-18)
(0.657196 -0.204684 0)
(0.650939 -0.33994 6.80822e-18)
(0.618799 -0.476133 -9.31163e-18)
(0.55946 -0.594408 2.40371e-20)
(0.475039 -0.670417 2.31789e-17)
(0.377109 -0.670994 -5.6614e-18)
(0.28827 -0.566833 -1.98116e-17)
(0.231854 -0.33927 8.12764e-18)
(0.243359 -0.0290404 -4.20623e-17)
(0.332521 0.250635 -3.45982e-17)
(0.422002 0.446831 1.95127e-17)
(0.58173 -0.0874606 2.27599e-18)
(0.57977 -0.200287 0)
(0.551146 -0.318518 -9.11068e-18)
(0.493344 -0.431613 2.31692e-18)
(0.408281 -0.520318 -2.38254e-18)
(0.301754 -0.561128 -2.51834e-17)
(0.191557 -0.526451 2.22699e-17)
(0.107376 -0.395895 3.19689e-17)
(0.0782725 -0.167494 0)
(0.133524 0.10103 9.86024e-18)
(0.265975 0.32739 -1.54223e-17)
(0.392626 0.469725 0)
(0.519997 -0.0874881 5.95282e-19)
(0.500991 -0.186054 -5.27532e-18)
(0.452187 -0.285501 0)
(0.371869 -0.37481 0)
(0.264975 -0.435325 0)
(0.140973 -0.445795 -4.97802e-18)
(0.0223749 -0.385327 -1.63431e-17)
(-0.0560276 -0.242455 -2.48628e-17)
(-0.0632059 -0.026367 7.45532e-18)
(0.021968 0.20218 1.93981e-20)
(0.182249 0.385636 -1.34887e-16)
(0.335159 0.470776 -1.53593e-16)
(0.458251 -0.080901 2.58579e-18)
(0.424424 -0.16379 6.26722e-18)
(0.358517 -0.243584 -1.24083e-18)
(0.25952 -0.309396 2.46144e-18)
(0.134821 -0.344056 1.48756e-17)
(-0.00292075 -0.329367 1.8111e-17)
(-0.128186 -0.251278 -2.21385e-17)
(-0.203086 -0.105902 5.65182e-17)
(-0.197004 0.0922827 0)
(-0.0948738 0.283125 0)
(0.0857418 0.423795 1.09996e-16)
(0.268328 0.447347 1.98347e-17)
(0.398358 -0.0689503 -2.96593e-18)
(0.352588 -0.135258 -1.42067e-18)
(0.273138 -0.195082 1.39249e-18)
(0.159453 -0.238194 0)
(0.0207059 -0.249547 -4.3672e-17)
(-0.128252 -0.214287 -2.80752e-17)
(-0.260254 -0.124732 2.41507e-17)
(-0.335912 0.0170841 -2.69308e-17)
(-0.325545 0.195292 8.25843e-18)
(-0.217424 0.349005 1.10022e-17)
(-0.0212269 0.443278 -1.73339e-17)
(0.186158 0.404544 1.86513e-16)
(0.340824 -0.0532259 -3.84635e-18)
(0.286338 -0.102583 0)
(0.196963 -0.14261 -1.41046e-17)
(0.0723567 -0.163974 3.43226e-18)
(-0.0772939 -0.154187 2.03904e-17)
(-0.236168 -0.101642 -3.40272e-18)
(-0.376101 -0.00453065 -1.48676e-17)
(-0.457481 0.130663 5.69435e-17)
(-0.450789 0.288216 -6.68147e-17)
(-0.344603 0.403639 4.82798e-20)
(-0.135244 0.446771 -2.12394e-17)
(0.0950566 0.343305 0)
(0.282357 -0.036916 4.9737e-18)
(0.222091 -0.0704348 -2.03863e-17)
(0.125788 -0.0926132 4.49248e-17)
(-0.00678534 -0.0940925 0)
(-0.165124 -0.0644846 -5.66803e-18)
(-0.33374 0.00452044 5.70701e-18)
(-0.482454 0.108282 3.32475e-17)
(-0.573955 0.23953 -1.70269e-16)
(-0.576716 0.374549 1.02925e-16)
(-0.473185 0.447609 0)
(-0.263585 0.429169 0)
(-0.014923 0.265989 0)
(0.202928 -0.0229718 3.74197e-17)
(0.139292 -0.0412981 7.56998e-17)
(0.0395068 -0.0477019 -1.61569e-16)
(-0.095986 -0.0323497 1.80165e-17)
(-0.258551 0.0135593 -2.89704e-17)
(-0.437748 0.0949412 -6.11564e-17)
(-0.592238 0.199346 -4.31982e-17)
(-0.713421 0.320165 2.02903e-17)
(-0.695736 0.429424 -2.09272e-16)
(-0.575766 0.430053 -2.43779e-17)
(-0.387683 0.37583 0)
(-0.104558 0.218301 -7.08328e-16)
(0.540271 -0.183407 7.94727e-17)
(0.482591 -0.281941 2.75804e-17)
(0.496394 -0.271429 -2.13142e-17)
(0.513105 -0.258911 -2.40695e-17)
(0.52343 -0.263227 2.30514e-17)
(0.526548 -0.291273 2.221e-17)
(0.516428 -0.344572 -2.17656e-18)
(0.485421 -0.417853 -4.25745e-18)
(0.430673 -0.501852 2.11009e-18)
(0.351985 -0.585816 0)
(0.257355 -0.663437 0)
(0.148826 -0.733208 -2.91865e-21)
(0.179288 -0.196022 0)
(0.348333 -0.188442 6.97555e-20)
(0.418631 -0.181738 0)
(0.460144 -0.191816 1.96959e-17)
(0.480721 -0.214295 -4.65728e-18)
(0.486345 -0.256387 8.99617e-18)
(0.475207 -0.318584 -2.41679e-17)
(0.443247 -0.395864 2.16243e-18)
(0.389121 -0.480264 0)
(0.313185 -0.563188 -8.48669e-18)
(0.22094 -0.639783 0)
(0.113488 -0.709061 2.1284e-18)
(0.0250708 -0.21451 0)
(0.233991 -0.135586 -4.35391e-17)
(0.347422 -0.125944 5.87023e-18)
(0.407451 -0.145057 0)
(0.437434 -0.178769 1.91717e-17)
(0.445976 -0.230457 4.61869e-18)
(0.434852 -0.298714 1.57666e-17)
(0.40286 -0.378293 -1.32779e-17)
(0.349888 -0.46203 2.18568e-18)
(0.276604 -0.542682 1.72828e-17)
(0.186819 -0.616085 4.30278e-18)
(0.0811401 -0.681006 -1.07381e-18)
(-0.0671237 -0.222522 -1.85197e-16)
(0.148154 -0.103438 0)
(0.283294 -0.0887864 0)
(0.355459 -0.109995 2.66649e-17)
(0.393249 -0.1505 -2.50131e-17)
(0.40486 -0.20856 4.81559e-18)
(0.394655 -0.280823 -4.69442e-18)
(0.363586 -0.361445 9.16516e-18)
(0.312531 -0.443633 9.00837e-18)
(0.242382 -0.520885 1.09636e-20)
(0.155864 -0.589196 -4.3878e-18)
(0.0534318 -0.646826 1.09226e-18)
(-0.12716 -0.222146 1.69348e-16)
(0.0815065 -0.0795006 0)
(0.224417 -0.0600931 6.57094e-18)
(0.303891 -0.0804978 -5.09818e-17)
(0.34785 -0.125217 0)
(0.362653 -0.187549 -2.55187e-17)
(0.354203 -0.262443 2.72013e-17)
(0.325042 -0.343246 -2.1663e-17)
(0.276835 -0.423232 -7.0507e-18)
(0.210684 -0.496218 -2.073e-17)
(0.128653 -0.558091 0)
(0.0312963 -0.606524 -2.23338e-18)
(-0.165947 -0.212859 4.06889e-17)
(0.0264147 -0.0562942 -5.4276e-17)
(0.168535 -0.0333271 0)
(0.251938 -0.0522978 -5.68704e-21)
(0.300803 -0.0999808 0)
(0.319052 -0.165423 5.4886e-18)
(0.313205 -0.242153 -2.65334e-17)
(0.286973 -0.322637 1.79712e-17)
(0.242653 -0.400038 1.24689e-17)
(0.181582 -0.468272 9.69681e-18)
(0.105444 -0.522971 -4.73365e-18)
(0.0150124 -0.561332 1.15674e-18)
(-0.190251 -0.193669 0)
(-0.0216893 -0.0292442 1.45312e-16)
(0.113616 -0.00438364 7.08862e-17)
(0.198586 -0.0224866 2.03979e-17)
(0.25155 -0.0728072 0)
(0.273715 -0.140933 3.04258e-17)
(0.271386 -0.219177 -2.92892e-18)
(0.24915 -0.299151 -9.03364e-21)
(0.209805 -0.373856 -1.35213e-17)
(0.154986 -0.437239 0)
(0.0861555 -0.48467 -4.22173e-21)
(0.00435659 -0.513002 3.64107e-26)
(-0.200682 -0.160539 -3.50219e-16)
(-0.0654337 0.00302324 -2.38239e-16)
(0.0581819 0.0293297 -6.31157e-17)
(0.142796 0.0108527 -6.25236e-17)
(0.199403 -0.0423611 0)
(0.226175 -0.113305 6.98118e-18)
(0.228396 -0.193102 -9.99438e-18)
(0.211276 -0.272616 1.00119e-20)
(0.178011 -0.344721 3.0445e-18)
(0.130614 -0.40351 0)
(0.0704333 -0.444114 5.57574e-18)
(-0.00129166 -0.463236 2.67974e-18)
(-0.200496 -0.114627 -8.43603e-20)
(-0.104427 0.0409452 1.37174e-16)
(0.00146068 0.0694107 0)
(0.0836324 0.0490488 9.54687e-18)
(0.143493 -0.00758505 -6.70672e-21)
(0.175739 -0.081929 -3.41855e-17)
(0.18367 -0.163605 2.83113e-17)
(0.172929 -0.242852 -3.45058e-17)
(0.14684 -0.312559 0)
(0.107997 -0.367247 -1.37827e-17)
(0.0576566 -0.40191 0)
(-0.00276416 -0.413255 -6.2162e-18)
(-0.189512 -0.053655 4.91096e-16)
(-0.137694 0.0836038 -2.27829e-17)
(-0.0560699 0.11658 1.46481e-16)
(0.0207102 0.0937991 9.21733e-17)
(0.0831338 0.0335206 -8.77937e-17)
(0.121867 -0.0453584 4.74317e-17)
(0.136869 -0.129601 -1.11927e-17)
(0.133859 -0.208947 3.66955e-17)
(0.115929 -0.276438 4.9229e-18)
(0.0865618 -0.327685 3.45847e-17)
(0.0469929 -0.357647 -6.48692e-18)
(-0.00123908 -0.363184 4.06641e-18)
(-0.166157 0.0147945 0)
(-0.163746 0.128681 0)
(-0.113323 0.170769 -2.04415e-16)
(-0.0464551 0.148872 0)
(0.0169017 0.0869228 2.02458e-16)
(0.0640807 0.00149035 -2.11659e-16)
(0.0887821 -0.0865718 -5.10895e-17)
(0.094779 -0.166853 6.64847e-17)
(0.0853572 -0.232075 0)
(0.0657392 -0.28049 -6.26079e-21)
(0.0371869 -0.307379 4.4592e-17)
(0.00116236 -0.309798 0)
(-0.117575 0.0339756 -7.63272e-16)
(-0.184681 0.171715 -6.50999e-16)
(-0.165498 0.228491 6.36028e-17)
(-0.118607 0.211688 0)
(-0.0558274 0.157448 -5.69006e-17)
(0.00686321 0.0647628 6.88665e-16)
(0.0381955 -0.0194389 -7.06649e-17)
(0.05304 -0.101603 -2.64244e-16)
(0.0514727 -0.161526 2.36573e-17)
(0.0417895 -0.204449 -8.1297e-17)
(0.0257117 -0.228759 -1.69165e-16)
(0.00143666 -0.233264 1.99985e-17)
(0.0319693 -0.802012 1.06503e-18)
(-0.107958 -0.874892 -1.09183e-18)
(-0.273786 -0.944631 1.14276e-18)
(-0.465167 -1.00764 9.565e-18)
(-0.674589 -1.05643 1.00122e-17)
(-0.887753 -1.08416 -1.03509e-17)
(-1.07972 -1.08275 -5.08116e-18)
(-1.20308 -1.04393 -1.69039e-17)
(-1.23317 -0.963418 4.84675e-17)
(-1.12647 -0.850152 0)
(-0.824643 -0.665158 3.99824e-17)
(-0.414945 -0.493729 0)
(-0.00633652 -0.775106 1.07371e-18)
(-0.148244 -0.839747 0)
(-0.313441 -0.896871 0)
(-0.499448 -0.942561 5.18331e-20)
(-0.695062 -0.969192 -9.98548e-18)
(-0.882705 -0.971355 -2.62079e-17)
(-1.02776 -0.941114 -1.62667e-17)
(-1.08885 -0.88039 0)
(-1.02999 -0.784403 -2.76795e-17)
(-0.799738 -0.664916 8.96103e-18)
(-0.29549 -0.463016 2.84811e-17)
(0.234311 -0.442419 1.65703e-16)
(-0.038736 -0.73927 -1.08284e-18)
(-0.178728 -0.79059 1.09454e-18)
(-0.338335 -0.829335 7.97702e-18)
(-0.51258 -0.851505 -1.66849e-17)
(-0.686807 -0.850495 -1.49288e-17)
(-0.840412 -0.822361 -2.62101e-18)
(-0.93299 -0.76669 3.43734e-17)
(-0.931596 -0.686609 1.93445e-17)
(-0.787284 -0.590503 -3.09695e-17)
(-0.465654 -0.496649 0)
(0.0158551 -0.379536 -7.89473e-17)
(0.340512 -0.411912 -1.75105e-19)
(-0.0634102 -0.693818 2.1816e-18)
(-0.197596 -0.728451 0)
(-0.346933 -0.7453 -9.05354e-18)
(-0.503996 -0.74057 2.32245e-18)
(-0.651436 -0.709952 9.7434e-18)
(-0.76571 -0.652243 4.4633e-17)
(-0.810519 -0.572132 -2.9246e-17)
(-0.749568 -0.484007 -3.40324e-17)
(-0.547548 -0.402682 7.55422e-17)
(-0.206406 -0.360989 -4.56637e-17)
(0.158904 -0.373668 0)
(0.390062 -0.443269 -8.53825e-17)
(-0.0795785 -0.640236 -2.21553e-18)
(-0.20447 -0.656574 0)
(-0.339631 -0.650295 0)
(-0.475719 -0.618155 7.00168e-18)
(-0.593871 -0.558843 2.39976e-17)
(-0.669832 -0.474481 -2.31604e-17)
(-0.670443 -0.376628 2.28214e-17)
(-0.566451 -0.287856 -2.6478e-17)
(-0.339109 -0.231531 -6.51306e-17)
(-0.0290409 -0.243108 7.95072e-20)
(0.250648 -0.332375 6.90982e-17)
(0.446891 -0.421962 0)
(-0.0873153 -0.581148 1.13751e-18)
(-0.200064 -0.579173 -4.51824e-18)
(-0.318205 -0.55054 0)
(-0.431221 -0.492764 0)
(-0.519822 -0.407756 -2.13119e-17)
(-0.560633 -0.30131 -1.76342e-17)
(-0.526006 -0.1912 0)
(-0.395648 -0.107059 2.55253e-17)
(-0.167426 -0.0780081 2.31804e-17)
(0.101 -0.133269 4.91775e-17)
(0.327389 -0.265815 -1.23692e-16)
(0.469761 -0.392556 1.52462e-16)
(-0.0873379 -0.519441 -3.56375e-26)
(-0.185838 -0.500435 5.84842e-18)
(-0.285209 -0.45164 -1.17191e-18)
(-0.374457 -0.371377 -2.34956e-18)
(-0.434893 -0.264554 4.76487e-18)
(-0.445396 -0.140648 1.75418e-17)
(-0.384989 -0.0221377 0)
(-0.242317 0.0562505 0)
(-0.0263647 0.0634076 2.98614e-17)
(0.202124 -0.0217328 0)
(0.385611 -0.182096 4.47791e-17)
(0.4708 -0.335076 -1.34095e-16)
(-0.0807473 -0.457728 2.58499e-18)
(-0.163585 -0.423915 5.02127e-18)
(-0.243314 -0.358035 9.90353e-18)
(-0.309096 -0.259114 0)
(-0.34369 -0.134503 2.45968e-18)
(-0.329071 0.00313605 -7.70626e-18)
(-0.251026 0.128307 1.11077e-17)
(-0.105856 0.203225 -3.76615e-17)
(0.0922415 0.197131 -2.25915e-17)
(0.283044 0.0950729 0)
(0.423747 -0.0856117 1.26124e-16)
(0.447355 -0.268234 1.64231e-16)
(-0.0688083 -0.397857 -5.93347e-18)
(-0.135067 -0.352118 -5.69452e-18)
(-0.194857 -0.272706 -1.1101e-17)
(-0.237938 -0.159131 2.73398e-18)
(-0.249273 -0.0204702 -3.25396e-20)
(-0.214059 0.128363 -2.83232e-18)
(-0.124586 0.260284 0)
(0.0170871 0.335963 -4.49534e-20)
(0.195196 0.325597 -8.21133e-18)
(0.348921 0.21757 9.86875e-17)
(0.443209 0.0213278 -1.38945e-16)
(0.40455 -0.186066 -1.86531e-16)
(-0.0531102 -0.340332 3.84137e-18)
(-0.102412 -0.285886 -7.31089e-18)
(-0.142436 -0.196566 1.41045e-17)
(-0.163752 -0.0720943 0)
(-0.154015 0.0774689 0)
(-0.10146 0.236194 -2.1014e-17)
(-0.00449508 0.376062 2.2214e-17)
(0.13065 0.457436 9.76148e-17)
(0.288073 0.45078 7.63251e-17)
(0.403566 0.344676 1.29855e-17)
(0.4467 0.135321 -2.12297e-17)
(0.34332 -0.0949877 0)
(-0.0368415 -0.281854 0)
(-0.0703119 -0.221635 1.25196e-17)
(-0.092481 -0.125401 -2.39366e-17)
(-0.0939222 0.00701261 5.78873e-18)
(-0.0643802 0.165254 -5.73414e-18)
(0.00463269 0.333712 4.52603e-17)
(0.108255 0.482343 -4.424e-17)
(0.239475 0.573836 -9.06857e-17)
(0.374395 0.576633 -1.02918e-16)
(0.447547 0.473196 -1.32169e-16)
(0.429128 0.263618 2.36637e-16)
(0.266024 0.0149734 -3.75948e-17)
(-0.0229464 -0.202409 3.74437e-17)
(-0.0412237 -0.138828 -7.58105e-17)
(-0.0476163 -0.0391217 0)
(-0.0322193 0.0961735 -1.44753e-16)
(0.0136006 0.258647 -1.16004e-16)
(0.0950017 0.437667 0)
(0.199269 0.592058 2.14241e-17)
(0.320079 0.713198 -4.10455e-17)
(0.429321 0.695619 2.1894e-19)
(0.430016 0.575712 2.4374e-17)
(0.375815 0.387707 -4.94291e-16)
(0.218371 0.104567 0)
(-0.183446 -0.539967 -7.95059e-17)
(-0.281786 -0.482447 -3.44686e-17)
(-0.271206 -0.49638 2.67355e-17)
(-0.258657 -0.513182 0)
(-0.262974 -0.523575 1.84637e-17)
(-0.291051 -0.526739 4.44521e-18)
(-0.344413 -0.516644 -1.30207e-17)
(-0.417782 -0.485649 -6.40711e-18)
(-0.501881 -0.430892 -1.05374e-17)
(-0.585949 -0.352175 0)
(-0.663655 -0.257497 4.19263e-18)
(-0.733491 -0.148903 -1.05632e-18)
(-0.196023 -0.17911 0)
(-0.1883 -0.348218 4.00857e-17)
(-0.181545 -0.418623 -2.79041e-17)
(-0.1916 -0.46022 0)
(-0.214088 -0.480859 1.40135e-17)
(-0.256219 -0.48652 4.50971e-18)
(-0.318487 -0.475397 -1.76062e-17)
(-0.395857 -0.443439 -1.02991e-20)
(-0.480354 -0.389299 0)
(-0.563371 -0.313334 0)
(-0.640052 -0.221041 0)
(-0.709398 -0.113528 -1.06646e-18)
(-0.214485 -0.0249507 0)
(-0.135457 -0.233895 2.61576e-17)
(-0.125775 -0.347413 2.93364e-17)
(-0.144866 -0.407517 0)
(-0.178592 -0.437557 -1.4391e-17)
(-0.230325 -0.446127 9.27274e-18)
(-0.298656 -0.435008 2.48399e-17)
(-0.378323 -0.40301 -4.4404e-18)
(-0.462148 -0.350022 -6.55371e-18)
(-0.542889 -0.276709 0)
(-0.616366 -0.186883 -4.30715e-18)
(-0.68135 -0.0811418 1.07472e-18)
(-0.222473 0.0672048 0)
(-0.103315 -0.148074 -3.73025e-17)
(-0.0886332 -0.283283 -4.94233e-17)
(-0.109821 -0.355513 0)
(-0.150342 -0.393351 -5.00758e-18)
(-0.208448 -0.404981 -1.44779e-17)
(-0.280785 -0.394773 1.87964e-17)
(-0.361487 -0.363695 9.18069e-18)
(-0.443754 -0.312622 -9.4195e-21)
(-0.521079 -0.242447 1.10815e-18)
(-0.589458 -0.155889 3.83857e-18)
(-0.647142 -0.0534021 -5.47514e-19)
(-0.222082 0.127211 4.21912e-17)
(-0.0793786 -0.0814397 -2.0006e-17)
(-0.0599489 -0.2244 2.63276e-17)
(-0.0803331 -0.303931 5.67434e-18)
(-0.125069 -0.347929 2.65976e-17)
(-0.187447 -0.362743 -5.11651e-18)
(-0.262412 -0.354282 -3.71531e-17)
(-0.343286 -0.325109 -8.16627e-21)
(-0.423335 -0.276885 9.40043e-18)
(-0.496384 -0.210712 -1.15376e-17)
(-0.558306 -0.128647 0)
(-0.60678 -0.0312382 2.23688e-18)
(-0.212777 0.16597 0)
(-0.0561721 -0.0263588 -1.08606e-17)
(-0.0331886 -0.168512 7.1256e-18)
(-0.0521401 -0.251964 0)
(-0.0998407 -0.30086 -1.7264e-17)
(-0.165327 -0.319113 -2.20717e-17)
(-0.242121 -0.313249 1.5938e-17)
(-0.322663 -0.287004 -2.56739e-18)
(-0.400113 -0.242668 2.5005e-18)
(-0.46839 -0.18158 9.70827e-18)
(-0.523123 -0.105409 0)
(-0.56151 -0.0149355 -2.31521e-18)
(-0.193577 0.190254 3.32032e-16)
(-0.029124 0.0217357 8.48521e-17)
(-0.00425144 -0.11359 2.66942e-21)
(-0.0223375 -0.198601 6.8119e-18)
(-0.0726761 -0.251589 2.55443e-17)
(-0.140843 -0.27375 3.04821e-17)
(-0.219141 -0.2714 -5.85403e-18)
(-0.299159 -0.249151 0)
(-0.373894 -0.209792 0)
(-0.437306 -0.154959 0)
(-0.484749 -0.0861045 4.42635e-18)
(-0.513089 -0.00426557 6.14027e-19)
(-0.160432 0.200663 -3.06676e-16)
(0.00313347 0.0654695 -1.26284e-16)
(0.0294517 -0.0581555 0)
(0.0109884 -0.142805 0)
(-0.0422448 -0.199428 -5.1477e-17)
(-0.113224 -0.226193 2.79941e-17)
(-0.193064 -0.228386 -3.00437e-17)
(-0.272604 -0.211255 -3.18443e-17)
(-0.344722 -0.17798 3.04872e-18)
(-0.403521 -0.130573 -1.45357e-18)
(-0.444119 -0.0703658 -4.18188e-18)
(-0.463235 0.00138607 -2.6814e-18)
(-0.114526 0.20046 0)
(0.0410363 0.104448 -1.71685e-17)
(0.0695174 -0.0014408 1.08999e-17)
(0.0491616 -0.0836378 9.54898e-18)
(-0.00749084 -0.143515 3.60696e-17)
(-0.0818669 -0.175747 -3.42541e-17)
(-0.163568 -0.18365 2.43184e-17)
(-0.242824 -0.172894 6.14347e-17)
(-0.312523 -0.146798 0)
(-0.367208 -0.107947 1.72122e-18)
(-0.401846 -0.0575877 -1.63906e-18)
(-0.41317 0.00286129 3.1086e-18)
(-0.0535609 0.189457 0)
(0.0836639 0.137696 -2.28135e-17)
(0.116662 0.056077 1.4292e-20)
(0.0938759 -0.0207169 1.18647e-16)
(0.0335812 -0.0831597 -1.13061e-16)
(-0.045327 -0.121872 7.12627e-17)
(-0.129572 -0.136849 -5.60571e-18)
(-0.208904 -0.133815 -5.24844e-17)
(-0.276369 -0.115885 4.92881e-18)
(-0.327601 -0.0865128 1.84586e-17)
(-0.357521 -0.0469252 0)
(-0.363029 0.00132548 4.07094e-18)
(0.0148104 0.1661 0)
(0.128713 0.163726 0)
(0.170804 0.113315 0)
(0.148895 0.0464423 -1.88835e-16)
(0.0869292 -0.0169281 3.8294e-16)
(0.0014734 -0.064087 -1.06098e-16)
(-0.0865643 -0.0887611 1.02158e-17)
(-0.166803 -0.0947319 -9.52805e-18)
(-0.231977 -0.0853139 0)
(-0.280369 -0.0656957 -6.84432e-17)
(-0.307203 -0.0371285 3.53218e-17)
(-0.309587 -0.00110553 -8.70716e-18)
(0.0339658 0.117521 8.7252e-16)
(0.17167 0.184635 0)
(0.228434 0.165453 -6.35225e-17)
(0.211616 0.11857 4.49565e-16)
(0.157364 0.0557842 -3.99251e-16)
(0.0646705 -0.00688491 -1.37876e-16)
(-0.0194676 -0.0381801 3.88849e-16)
(-0.101549 -0.0529941 -5.877e-17)
(-0.161405 -0.0514355 2.36765e-17)
(-0.204297 -0.0417566 1.62685e-16)
(-0.228551 -0.0256811 -8.46919e-17)
(-0.233022 -0.00141048 -3.99787e-17)
(-0.802351 -0.0319849 -1.06585e-18)
(-0.875279 0.108001 -1.09259e-18)
(-0.945066 0.273889 1.14352e-18)
(-1.00812 0.465336 0)
(-1.05694 0.674831 -1.25054e-17)
(-1.08466 0.888048 -7.74445e-18)
(-1.08319 1.08001 2.55179e-17)
(-1.04427 1.20329 1.69067e-17)
(-0.963612 1.23322 0)
(-0.850149 1.12631 -9.39015e-20)
(-0.665051 0.824364 -3.9987e-17)
(-0.493538 0.414586 -6.13539e-17)
(-0.775498 0.00636296 -2.15264e-18)
(-0.84019 0.148332 -1.09443e-18)
(-0.897366 0.313594 -8.00327e-18)
(-0.943096 0.49966 2.38516e-18)
(-0.969739 0.695329 7.47648e-18)
(-0.97188 0.882989 -2.62172e-17)
(-0.941567 1.02798 -1.62097e-17)
(-0.880708 1.08897 0)
(-0.78459 1.02988 0)
(-0.664922 0.799452 -2.68401e-17)
(-0.462936 0.29525 -1.42391e-17)
(-0.442294 -0.234319 -1.32522e-16)
(-0.739674 0.0387987 5.41071e-19)
(-0.79104 0.17885 4.95228e-18)
(-0.829826 0.338517 9.08952e-18)
(-0.852022 0.512807 0)
(-0.851014 0.687067 -7.48919e-18)
(-0.822845 0.840644 3.38258e-17)
(-0.767109 0.933131 -1.71737e-17)
(-0.686926 0.931573 0)
(-0.590694 0.787052 0)
(-0.496703 0.46534 0)
(-0.379484 -0.0160064 0)
(-0.411782 -0.340403 1.03756e-16)
(-0.694183 0.0635013 0)
(-0.728855 0.19774 -3.29963e-18)
(-0.745738 0.347129 -1.13765e-18)
(-0.741024 0.504215 2.35179e-18)
(-0.710396 0.651662 4.88111e-18)
(-0.652653 0.765873 -2.36096e-17)
(-0.572491 0.810567 5.89962e-18)
(-0.484298 0.74944 0)
(-0.40289 0.547251 -3.35111e-17)
(-0.361107 0.206125 3.42208e-17)
(-0.373658 -0.158985 -6.14613e-17)
(-0.443134 -0.389911 -8.52977e-17)
(-0.640535 0.0796886 1.66626e-18)
(-0.656898 0.204624 5.56049e-19)
(-0.650639 0.33982 0)
(-0.6185 0.475911 -2.32573e-18)
(-0.559176 0.594049 -1.44167e-17)
(-0.474788 0.669915 -2.58889e-18)
(-0.376908 0.670408 2.01286e-20)
(-0.288117 0.56624 -2.6495e-17)
(-0.231757 0.338797 2.44955e-17)
(-0.243286 0.0288157 -3.15484e-17)
(-0.332401 -0.250672 6.92724e-17)
(-0.421841 -0.446693 1.67273e-21)
(-0.581352 0.0874385 -2.84458e-18)
(-0.579389 0.200216 1.69224e-18)
(-0.550766 0.31838 -1.14357e-18)
(-0.492981 0.431372 2.31752e-18)
(-0.407959 0.519947 1.89408e-17)
(-0.301501 0.560638 2.46791e-18)
(-0.19139 0.525907 1.66093e-17)
(-0.107285 0.395383 4.47123e-17)
(-0.0782382 0.167129 7.76497e-18)
(-0.133488 -0.101179 0)
(-0.265872 -0.327378 0)
(-0.392465 -0.469547 7.61492e-17)
(-0.519546 0.0874618 -1.78288e-26)
(-0.500538 0.185974 -3.52121e-18)
(-0.45174 0.285352 -1.05318e-17)
(-0.371453 0.374561 0)
(-0.264622 0.434962 0)
(-0.14072 0.445336 -4.9795e-18)
(-0.0222366 0.384842 5.50694e-18)
(0.0560679 0.242028 -4.97433e-17)
(0.0631907 0.0260926 -3.73402e-17)
(-0.0219681 -0.202265 1.93255e-17)
(-0.182176 -0.385576 1.0509e-16)
(-0.335018 -0.470584 1.53652e-16)
(-0.457732 0.0808706 1.94156e-18)
(-0.423906 0.163703 6.89793e-18)
(-0.358012 0.24343 1.85621e-17)
(-0.259057 0.30915 -1.98095e-17)
(-0.13444 0.343713 -1.73706e-17)
(0.00317795 0.328952 -7.71028e-18)
(0.128305 0.250861 5.60259e-18)
(0.203089 0.105557 2.5096e-17)
(0.196948 -0.0924774 9.06957e-17)
(0.0948342 -0.283152 7.97602e-17)
(-0.0857063 -0.423695 3.80744e-19)
(-0.268212 -0.44715 5.63195e-19)
(-0.397775 0.0689166 -2.96644e-18)
(-0.352011 0.135167 -5.70386e-18)
(-0.27258 0.194928 -1.11051e-17)
(-0.158947 0.237961 4.12564e-17)
(-0.0202977 0.249235 2.18587e-17)
(0.128519 0.213925 2.83374e-18)
(0.260365 0.124386 -2.40995e-17)
(0.33589 -0.0173465 0)
(0.325453 -0.195414 1.38587e-19)
(0.217342 -0.348978 -1.75398e-16)
(0.0212187 -0.443149 -1.5659e-16)
(-0.186075 -0.404357 2.39198e-17)
(-0.340177 0.0531908 0)
(-0.285704 0.102491 9.12245e-18)
(-0.196355 0.142461 -1.58746e-17)
(-0.0718068 0.163759 -2.7578e-17)
(0.0777339 0.15391 -2.38995e-17)
(0.236454 0.101341 -1.0422e-17)
(0.376212 0.00426006 3.26436e-20)
(0.457443 -0.130843 -5.69658e-17)
(0.450663 -0.288266 -1.62089e-16)
(0.344475 -0.403561 1.14383e-16)
(0.135187 -0.446623 0)
(-0.0950095 -0.343139 -4.66188e-16)
(-0.281642 0.0368829 0)
(-0.221399 0.0703473 -2.196e-17)
(-0.125127 0.0924735 2.09379e-17)
(0.00738054 0.0938921 -5.79009e-18)
(0.1656 0.0642421 9.70663e-17)
(0.334051 -0.00476646 4.54591e-17)
(0.482569 -0.108479 4.42488e-17)
(0.573905 -0.239634 9.0715e-17)
(0.576555 -0.37453 1.02972e-16)
(0.473011 -0.447482 0)
(0.263478 -0.429005 0)
(0.0149211 -0.26586 3.02111e-16)
(-0.202154 0.0229343 -1.87294e-17)
(-0.138547 0.0412125 1.61088e-16)
(-0.0388023 0.0475765 7.07904e-17)
(0.0966118 0.0321627 1.44682e-16)
(0.259057 -0.0137681 -1.15753e-16)
(0.438083 -0.0951312 -2.4e-17)
(0.592349 -0.199464 2.17812e-17)
(0.713355 -0.320196 -2.03752e-17)
(0.695512 -0.429318 3.00861e-17)
(0.575555 -0.429904 0)
(0.387513 -0.37568 0)
(0.104478 -0.218199 7.08236e-16)
(-0.539986 0.182718 0)
(-0.482479 0.281091 -3.42683e-17)
(-0.496323 0.270474 5.35332e-18)
(-0.513104 0.257915 0)
(-0.523497 0.262196 0)
(-0.526668 0.290222 4.44244e-18)
(-0.516566 0.343523 6.48909e-18)
(-0.485535 0.41683 -2.13394e-18)
(-0.430716 0.500872 8.41576e-18)
(-0.351927 0.584871 0)
(-0.257202 0.662558 4.189e-18)
(-0.148708 0.732201 1.05851e-18)
(-0.179388 0.195262 0)
(-0.348389 0.187708 0)
(-0.418695 0.180966 -2.2353e-17)
(-0.460268 0.191034 0)
(-0.480906 0.213499 -4.66213e-18)
(-0.486572 0.255588 9.00374e-18)
(-0.475437 0.317801 -2.19888e-17)
(-0.443435 0.395113 -2.15496e-18)
(-0.389219 0.47955 2.13857e-18)
(-0.313166 0.562493 8.4874e-18)
(-0.220807 0.639148 0)
(-0.113328 0.708282 -1.063e-18)
(-0.0254244 0.213757 0)
(-0.234209 0.134987 -8.70304e-18)
(-0.347611 0.125361 3.51861e-17)
(-0.407689 0.144485 -5.10937e-18)
(-0.437728 0.178201 0)
(-0.446304 0.229907 -1.38977e-17)
(-0.435172 0.298196 3.15827e-17)
(-0.403124 0.377819 0)
(-0.35005 0.461595 0)
(-0.276634 0.542258 -7.55813e-18)
(-0.186713 0.615719 3.22506e-18)
(-0.0809352 0.680488 1.07629e-18)
(0.0666163 0.221825 0)
(-0.148496 0.102979 0)
(-0.283591 0.0883787 -2.47232e-17)
(-0.355797 0.109622 5.33716e-18)
(-0.393637 0.150152 -5.01165e-18)
(-0.405277 0.208251 4.34269e-17)
(-0.395057 0.280567 -4.68315e-18)
(-0.363923 0.361248 1.14663e-17)
(-0.312759 0.443484 -1.12661e-17)
(-0.242465 0.520747 8.88155e-18)
(-0.155786 0.589122 -4.38767e-18)
(-0.053186 0.646595 -1.09035e-18)
(0.12657 0.221524 0)
(-0.0819318 0.079176 3.99724e-17)
(-0.224799 0.059846 2.63255e-17)
(-0.304312 0.0803091 0)
(-0.348319 0.125077 -1.5962e-17)
(-0.363146 0.187473 -3.06483e-17)
(-0.354677 0.262444 -3.21612e-17)
(-0.325447 0.343327 7.2279e-18)
(-0.277127 0.423374 9.39824e-18)
(-0.210821 0.496375 -9.20716e-18)
(-0.128607 0.558314 0)
(-0.0310136 0.606584 0)
(0.165335 0.212333 0)
(-0.0268949 0.0560943 -4.34786e-17)
(-0.16898 0.0332268 7.12251e-18)
(-0.252423 0.0522802 -6.14271e-18)
(-0.301335 0.100036 2.30115e-17)
(-0.319607 0.165569 5.50533e-18)
(-0.313739 0.242403 1.59233e-17)
(-0.287436 0.322991 -4.36693e-17)
(-0.243004 0.40047 2.49766e-18)
(-0.181771 0.468726 -1.21018e-18)
(-0.105432 0.523491 1.18552e-18)
(-0.0147036 0.561679 0)
(0.189647 0.193247 0)
(0.0211807 0.0291605 -9.69745e-17)
(-0.114106 0.00441816 0)
(-0.199117 0.0226266 -2.72482e-17)
(-0.252129 0.0730457 1.91618e-17)
(-0.274314 0.14129 3.65754e-17)
(-0.271966 0.219665 -2.93209e-18)
(-0.24966 0.299768 1.9645e-17)
(-0.210206 0.374569 0)
(-0.155223 0.437983 -1.30299e-18)
(-0.0861839 0.485475 1.26542e-18)
(-0.00403465 0.513615 0)
(0.200133 0.160254 0)
(0.0649173 -0.00300754 -1.40463e-17)
(-0.0586993 -0.0291708 9.03035e-18)
(-0.143355 -0.0105686 -3.13173e-17)
(-0.200012 0.0427689 -5.88317e-17)
(-0.226802 0.113858 -2.10026e-17)
(-0.229004 0.193815 -6.67664e-18)
(-0.211818 0.273483 -2.86319e-17)
(-0.178454 0.345702 3.04617e-18)
(-0.130896 0.404534 -1.30975e-17)
(-0.0705103 0.445192 1.3975e-18)
(0.0016084 0.464095 0)
(0.200011 0.114463 -3.95233e-16)
(0.10393 -0.0408415 1.37319e-16)
(-0.00198662 -0.0691376 -7.63109e-17)
(-0.0842018 -0.0486354 -9.54596e-18)
(-0.144113 0.00814787 3.60846e-17)
(-0.176376 0.082662 8.55027e-18)
(-0.184289 0.164524 -8.11436e-18)
(-0.173489 0.243949 3.20437e-21)
(-0.147309 0.31379 0)
(-0.10832 0.368536 1.37865e-17)
(-0.0577928 0.403247 0)
(0.00306128 0.414333 0)
(0.189125 0.0536354 4.91866e-16)
(0.137236 -0.0834259 -2.05448e-16)
(0.0555548 -0.116208 1.32055e-16)
(-0.0212712 -0.0932755 1.05555e-16)
(-0.0837471 -0.0328175 1.25644e-17)
(-0.122498 0.0462522 4.74894e-17)
(-0.137482 0.130707 -5.02737e-17)
(-0.134421 0.210245 3.1486e-17)
(-0.116408 0.277891 4.92729e-18)
(-0.0869198 0.329222 1.84559e-17)
(-0.0471916 0.359233 -8.65863e-18)
(0.0014898 0.364484 0)
(0.165892 -0.014801 0)
(0.163353 -0.128424 2.77134e-16)
(0.112837 -0.170324 -2.30407e-16)
(0.0459274 -0.148268 4.72285e-17)
(-0.0174966 -0.0860982 -4.50596e-17)
(-0.0646896 -0.000451164 -8.48464e-17)
(-0.0893773 0.0878441 1.12572e-16)
(-0.0953199 0.168323 -9.52811e-18)
(-0.0858234 0.23371 0)
(-0.066113 0.282253 -3.21879e-17)
(-0.0374277 0.30922 4.45796e-17)
(-0.000978506 0.311376 0)
(0.117437 -0.0339169 -8.73266e-16)
(0.184377 -0.171485 5.21588e-16)
(0.165037 -0.227974 5.09039e-16)
(0.118117 -0.211047 0)
(0.0551869 -0.156512 -4.57565e-16)
(-0.0074834 -0.0635968 -4.82645e-16)
(-0.038758 0.0208693 2.11863e-16)
(-0.053505 0.103216 -2.92232e-17)
(-0.0518594 0.163249 2.36075e-17)
(-0.0421136 0.206332 0)
(-0.0259836 0.230847 2.5141e-21)
(-0.00125653 0.235214 1.98622e-17)
)
;

boundaryField
{
    rotor
    {
        type            noSlip;
    }
    stator
    {
        type            noSlip;
    }
    front
    {
        type            empty;
    }
    back
    {
        type            empty;
    }
}


// ************************************************************************* //
