/*--------------------------------*- C++ -*----------------------------------*\
| =========                 |                                                 |
| \\      /  F ield         | OpenFOAM: The Open Source CFD Toolbox           |
|  \\    /   O peration     | Version:  v1912                                 |
|   \\  /    A nd           | Website:  www.openfoam.com                      |
|    \\/     M anipulation  |                                                 |
\*---------------------------------------------------------------------------*/
FoamFile
{
    version     2.0;
    format      ascii;
    class       surfaceScalarField;
    location    "100";
    object      phi;
}
// * * * * * * * * * * * * * * * * * * * * * * * * * * * * * * * * * * * * * //

dimensions      [0 3 -1 0 0 0 0];
oriented        oriented;


internalField   nonuniform List<scalar> 
5952
(
7.56745e-06
-7.87508e-06
1.24274e-05
-4.85724e-06
1.22817e-05
1.43053e-07
6.79025e-06
5.49893e-06
-7.25408e-06
1.40408e-05
-3.04192e-05
2.31653e-05
-5.26941e-05
2.22715e-05
-7.13451e-05
1.86467e-05
-8.69129e-05
1.55656e-05
-9.95217e-05
1.26045e-05
-0.000109494
9.97247e-06
7.22891e-06
-0.000116727
4.34462e-07
-8.31711e-06
-6.38441e-06
1.96079e-06
-2.04215e-05
1.41786e-05
-3.87657e-05
2.38431e-05
-5.45385e-05
2.98131e-05
-6.33884e-05
3.20139e-05
-7.0455e-05
2.93368e-05
-7.76933e-05
2.58823e-05
-8.448e-05
2.2351e-05
-9.05118e-05
1.86338e-05
-9.5303e-05
1.47629e-05
1.0868e-05
-9.8944e-05
-8.51488e-06
1.91539e-07
-2.09597e-05
1.4405e-05
-3.30843e-05
2.63022e-05
-4.35044e-05
3.42628e-05
-5.13288e-05
3.76368e-05
-5.67258e-05
3.74096e-05
-6.16451e-05
3.4255e-05
-6.64354e-05
3.06705e-05
-7.08266e-05
2.67411e-05
-7.47257e-05
2.25308e-05
-7.80549e-05
1.80914e-05
1.35285e-05
-8.07171e-05
-1.10353e-05
1.12239e-05
-2.11743e-05
2.45427e-05
-2.98186e-05
3.49457e-05
-3.64884e-05
4.09319e-05
-4.14142e-05
4.25618e-05
-4.5139e-05
4.11332e-05
-4.88061e-05
3.79209e-05
-5.23869e-05
3.42497e-05
-5.57664e-05
3.01196e-05
-5.88444e-05
2.56074e-05
-6.15204e-05
2.07666e-05
1.56539e-05
-6.3647e-05
-9.28163e-06
2.04996e-05
-1.67334e-05
3.19931e-05
-2.23136e-05
4.05246e-05
-2.64662e-05
4.50835e-05
-2.96077e-05
4.57022e-05
-3.23456e-05
4.38697e-05
-3.51587e-05
4.07329e-05
-3.79457e-05
3.70355e-05
-4.06406e-05
3.28135e-05
-4.31454e-05
2.81112e-05
-4.53427e-05
2.2963e-05
1.74108e-05
-4.71006e-05
-6.24067e-06
2.6735e-05
-1.09514e-05
3.67007e-05
-1.39617e-05
4.35322e-05
-1.60569e-05
4.71762e-05
-1.77581e-05
4.74013e-05
-1.95091e-05
4.56186e-05
-2.14938e-05
4.27162e-05
-2.36055e-05
3.91457e-05
-2.57413e-05
3.49483e-05
-2.77777e-05
3.01465e-05
-2.95845e-05
2.47688e-05
1.8842e-05
-3.10166e-05
-3.26318e-06
2.99887e-05
-5.18856e-06
3.86197e-05
-5.96827e-06
4.43075e-05
-5.99863e-06
4.72021e-05
-6.18746e-06
4.75861e-05
-6.85209e-06
4.62803e-05
-7.99818e-06
4.38599e-05
-9.45784e-06
4.06036e-05
-1.1064e-05
3.65531e-05
-1.26499e-05
3.17311e-05
-1.40596e-05
2.61776e-05
1.99387e-05
-1.51575e-05
-9.34159e-08
3.00736e-05
1.50695e-07
3.83693e-05
1.79593e-06
4.26555e-05
3.70044e-06
4.52921e-05
5.00773e-06
4.6274e-05
5.46529e-06
4.58194e-05
5.16442e-06
4.41581e-05
4.34521e-06
4.14212e-05
3.24817e-06
3.76486e-05
2.09096e-06
3.28873e-05
1.05405e-06
2.72134e-05
2.07149e-05
2.7699e-07
1.65027e-06
2.84111e-05
4.5449e-06
3.54665e-05
8.8514e-06
3.83415e-05
1.27483e-05
4.13886e-05
1.55946e-05
4.34224e-05
1.72184e-05
4.41915e-05
1.77843e-05
4.35892e-05
1.76062e-05
4.15969e-05
1.70049e-05
3.82478e-05
1.62596e-05
3.36308e-05
1.5585e-05
2.78864e-05
2.11631e-05
1.51356e-05
2.32371e-06
2.60857e-05
7.64552e-06
3.01381e-05
1.49182e-05
3.10634e-05
2.09897e-05
3.53112e-05
2.54444e-05
3.89636e-05
2.82454e-05
4.13868e-05
2.96688e-05
4.21634e-05
3.01156e-05
4.11475e-05
2.99888e-05
3.8373e-05
2.96384e-05
3.39794e-05
2.93226e-05
2.8201e-05
2.12704e-05
2.92139e-05
1.34111e-06
2.47495e-05
1.23872e-05
1.9092e-05
2.20556e-05
2.13917e-05
2.96417e-05
2.77213e-05
3.51509e-05
3.34507e-05
3.87421e-05
3.77925e-05
4.08073e-05
4.00952e-05
4.17657e-05
4.01868e-05
4.20418e-05
3.80945e-05
4.20456e-05
3.39732e-05
4.20709e-05
2.81738e-05
2.1025e-05
4.23142e-05
2.47011e-05
4.74618e-08
3.38699e-05
9.92486e-06
3.96337e-05
1.56281e-05
4.40926e-05
2.32627e-05
4.747e-05
3.00731e-05
5.00309e-05
3.52313e-05
5.17849e-05
3.83408e-05
5.27705e-05
3.92002e-05
5.32018e-05
3.76619e-05
5.34404e-05
3.37338e-05
5.37494e-05
2.78635e-05
5.43276e-05
2.04451e-05
-0.000121384
4.65782e-06
-0.000123378
1.99168e-06
-0.000122779
-5.97843e-07
-0.000119595
-3.18428e-06
-0.000113759
-5.8346e-06
-0.000105067
-8.6901e-06
-9.34194e-05
-1.16458e-05
-7.86619e-05
-1.4756e-05
-6.07216e-05
-1.79383e-05
-3.97321e-05
-2.09873e-05
-1.72075e-05
-2.25192e-05
-1.7206e-05
-0.000101283
6.99714e-06
-0.000102354
3.06144e-06
-0.000102017
-9.35144e-07
-0.000100097
-5.1037e-06
-9.63547e-05
-9.57594e-06
-9.06894e-05
-1.43538e-05
-8.29083e-05
-1.94254e-05
-7.28458e-05
-2.4817e-05
-6.02104e-05
-3.0572e-05
-4.45453e-05
-3.66499e-05
-2.56066e-05
-4.14551e-05
-4.28113e-05
-8.2556e-05
8.83584e-06
-8.34323e-05
3.9367e-06
-8.31398e-05
-1.2274e-06
-8.15032e-05
-6.74031e-06
-7.84175e-05
-1.26606e-05
-7.37678e-05
-1.90026e-05
-6.74147e-05
-2.57772e-05
-5.92159e-05
-3.30144e-05
-4.90412e-05
-4.07446e-05
-3.67173e-05
-4.89719e-05
-2.09147e-05
-5.72543e-05
-6.3724e-05
-6.5066e-05
1.02544e-05
-6.56336e-05
4.50341e-06
-6.52204e-05
-1.64085e-06
-6.37628e-05
-8.19821e-06
-6.11814e-05
-1.52418e-05
-5.74182e-05
-2.27654e-05
-5.24263e-05
-3.07686e-05
-4.61551e-05
-3.92838e-05
-3.84976e-05
-4.84e-05
-2.92119e-05
-5.82541e-05
-1.73059e-05
-6.91559e-05
-8.10298e-05
-4.82616e-05
1.14146e-05
-4.87118e-05
4.95253e-06
-4.83766e-05
-1.97667e-06
-4.72111e-05
-9.36452e-06
-4.51715e-05
-1.72811e-05
-4.22337e-05
-2.57034e-05
-3.83977e-05
-3.46029e-05
-3.3687e-05
-4.39936e-05
-2.80656e-05
-5.40176e-05
-2.12564e-05
-6.50599e-05
-1.27046e-05
-7.77081e-05
-9.3734e-05
-3.19401e-05
1.2337e-05
-3.23044e-05
5.31637e-06
-3.20714e-05
-2.21087e-06
-3.117e-05
-1.02651e-05
-2.95972e-05
-1.88544e-05
-2.73619e-05
-2.79361e-05
-2.45314e-05
-3.74336e-05
-2.12221e-05
-4.72986e-05
-1.75551e-05
-5.76844e-05
-1.36209e-05
-6.89931e-05
-8.54453e-06
-8.27824e-05
-0.000102279
-1.58767e-05
1.30559e-05
-1.61462e-05
5.58488e-06
-1.59185e-05
-2.43745e-06
-1.51788e-05
-1.10049e-05
-1.39311e-05
-2.00989e-05
-1.22264e-05
-2.96398e-05
-1.02001e-05
-3.94553e-05
-8.10234e-06
-4.93958e-05
-6.19844e-06
-5.95835e-05
-4.65147e-06
-7.05349e-05
-3.0927e-06
-8.43398e-05
-0.000105368
-1.74851e-07
1.3507e-05
-2.40111e-07
5.65014e-06
1.06592e-07
-2.78393e-06
8.62358e-07
-1.17585e-05
2.00176e-06
-2.12361e-05
3.43574e-06
-3.10694e-05
4.91779e-06
-4.0934e-05
6.02189e-06
-5.04946e-05
6.26384e-06
-5.98183e-05
5.16698e-06
-6.94344e-05
2.63114e-06
-8.17953e-05
-0.00010273
1.50039e-05
1.36376e-05
1.52502e-05
5.40311e-06
1.58845e-05
-3.41752e-06
1.68935e-05
-1.27661e-05
1.82422e-05
-2.25815e-05
1.97907e-05
-3.26135e-05
2.11438e-05
-4.22819e-05
2.16403e-05
-5.09838e-05
2.05462e-05
-5.872e-05
1.69925e-05
-6.5867e-05
1.04805e-05
-7.52719e-05
-9.22466e-05
2.94549e-05
1.33956e-05
3.0113e-05
4.74448e-06
3.12199e-05
-4.52426e-06
3.27721e-05
-1.43169e-05
3.4731e-05
-2.4537e-05
3.68837e-05
-3.47619e-05
3.86158e-05
-4.4008e-05
3.89857e-05
-5.13492e-05
3.7048e-05
-5.67709e-05
3.14821e-05
-6.02994e-05
2.06601e-05
-6.44432e-05
-7.15755e-05
4.29723e-05
1.27354e-05
4.41598e-05
3.55497e-06
4.5974e-05
-6.33918e-06
4.84333e-05
-1.67756e-05
5.14833e-05
-2.75851e-05
5.47723e-05
-3.80474e-05
5.73542e-05
-4.65854e-05
5.81218e-05
-5.21103e-05
5.60664e-05
-5.47159e-05
4.93754e-05
-5.35985e-05
3.40053e-05
-4.90651e-05
-3.75717e-05
5.54626e-05
1.15982e-05
5.73753e-05
1.64053e-06
6.02534e-05
-9.2189e-06
6.41034e-05
-2.06259e-05
6.87639e-05
-3.22449e-05
7.35899e-05
-4.28715e-05
7.71712e-05
-5.01648e-05
7.87169e-05
-5.36549e-05
7.7367e-05
-5.33604e-05
7.08943e-05
-4.71313e-05
5.41293e-05
-3.23006e-05
1.65608e-05
7.71699e-06
-7.72338e-06
1.24708e-05
-4.75255e-06
1.22641e-05
1.9712e-07
6.71621e-06
5.55214e-06
-7.40293e-06
1.41131e-05
-3.05516e-05
2.31485e-05
-5.27262e-05
2.21713e-05
-7.13036e-05
1.85737e-05
-8.67953e-05
1.54899e-05
-9.93462e-05
1.25472e-05
-0.000109269
9.9222e-06
7.19177e-06
-0.000116464
4.39967e-07
-8.17328e-06
-6.38381e-06
2.06861e-06
-2.0445e-05
1.42549e-05
-3.87685e-05
2.38747e-05
-5.44626e-05
2.9806e-05
-6.32516e-05
3.19358e-05
-7.03126e-05
2.92311e-05
-7.75247e-05
2.57832e-05
-8.42881e-05
2.22521e-05
-9.0292e-05
1.85486e-05
-9.50612e-05
1.46906e-05
1.08129e-05
-9.86844e-05
-8.48039e-06
2.98892e-07
-2.09224e-05
1.45083e-05
-3.30388e-05
2.63688e-05
-4.34336e-05
3.42684e-05
-5.12178e-05
3.75887e-05
-5.65934e-05
3.73099e-05
-6.14997e-05
3.41359e-05
-6.62707e-05
3.0552e-05
-7.06471e-05
2.66272e-05
-7.45305e-05
2.24299e-05
-7.78469e-05
1.8006e-05
1.34635e-05
-8.04994e-05
-1.10244e-05
1.1318e-05
-2.11481e-05
2.46293e-05
-2.97724e-05
3.49913e-05
-3.64181e-05
4.09125e-05
-4.13196e-05
4.24886e-05
-4.50335e-05
4.10223e-05
-4.86951e-05
3.77956e-05
-5.22669e-05
3.41221e-05
-5.56369e-05
2.99956e-05
-5.87032e-05
2.54946e-05
-6.13683e-05
2.067e-05
1.5579e-05
-6.34853e-05
-9.27323e-06
2.05838e-05
-1.67156e-05
3.20704e-05
-2.22824e-05
4.05559e-05
-2.64218e-05
4.50501e-05
-2.95534e-05
4.56186e-05
-3.22887e-05
4.37553e-05
-3.50992e-05
4.0605e-05
-3.78815e-05
3.69023e-05
-4.05688e-05
3.26819e-05
-4.30639e-05
2.79879e-05
-4.52503e-05
2.2855e-05
1.73239e-05
-4.69966e-05
-6.23358e-06
2.68137e-05
-1.09427e-05
3.67764e-05
-1.39482e-05
4.35577e-05
-1.60406e-05
4.71403e-05
-1.7744e-05
4.73184e-05
-1.94984e-05
4.55081e-05
-2.14866e-05
4.25902e-05
-2.35972e-05
3.90117e-05
-2.57295e-05
3.48119e-05
-2.77586e-05
3.00155e-05
-2.95562e-05
2.4651e-05
1.87467e-05
-3.09811e-05
-3.26326e-06
3.007e-05
-5.18335e-06
3.86903e-05
-5.96444e-06
4.43352e-05
-6.00329e-06
4.71736e-05
-6.20402e-06
4.75145e-05
-6.8813e-06
4.61812e-05
-8.03669e-06
4.37426e-05
-9.50178e-06
4.04739e-05
-1.11091e-05
3.64171e-05
-1.26924e-05
3.15969e-05
-1.40979e-05
2.60546e-05
1.98381e-05
-1.51906e-05
-7.97559e-08
3.01379e-05
1.61418e-07
3.8442e-05
1.79768e-06
4.26902e-05
3.68469e-06
4.52795e-05
4.97077e-06
4.6223e-05
5.40725e-06
4.57397e-05
5.08987e-06
4.40564e-05
4.25876e-06
4.13019e-05
3.15533e-06
3.75185e-05
1.99549e-06
3.27548e-05
9.59023e-07
2.70895e-05
2.06105e-05
1.8509e-07
1.65974e-06
2.84671e-05
4.56303e-06
3.55284e-05
8.86077e-06
3.83885e-05
1.27336e-05
4.1399e-05
1.55504e-05
4.33995e-05
1.71455e-05
4.41389e-05
1.76873e-05
4.35102e-05
1.7491e-05
4.14947e-05
1.68775e-05
3.81291e-05
1.6125e-05
3.35048e-05
1.54475e-05
2.7765e-05
2.10574e-05
1.49989e-05
2.36138e-06
2.60932e-05
7.68856e-06
3.01979e-05
1.49413e-05
3.11225e-05
2.09851e-05
3.53501e-05
2.54046e-05
3.89739e-05
2.81712e-05
4.13677e-05
2.95637e-05
4.21134e-05
2.99866e-05
4.10688e-05
2.9842e-05
3.82709e-05
2.94804e-05
3.38645e-05
2.91581e-05
2.80853e-05
2.11662e-05
2.90478e-05
1.34899e-06
2.47389e-05
1.2398e-05
1.91384e-05
2.2066e-05
2.14579e-05
2.96323e-05
2.77774e-05
3.51128e-05
3.34885e-05
3.8671e-05
3.78049e-05
4.07046e-05
4.0076e-05
4.16357e-05
4.01346e-05
4.18907e-05
3.80128e-05
4.18799e-05
3.38727e-05
4.1896e-05
2.80667e-05
2.09243e-05
4.21354e-05
2.46305e-05
1.05999e-07
3.38016e-05
9.97207e-06
3.95753e-05
1.56761e-05
4.40353e-05
2.33168e-05
4.74049e-05
3.01184e-05
4.99503e-05
3.52582e-05
5.16834e-05
3.83426e-05
5.2646e-05
3.91704e-05
5.30576e-05
3.76004e-05
5.32804e-05
3.36483e-05
5.35791e-05
2.77666e-05
5.41522e-05
2.03487e-05
-0.000121096
4.6316e-06
-0.000123076
1.97779e-06
-0.000122477
-5.99817e-07
-0.000119304
-3.1736e-06
-0.000113489
-5.81489e-06
-0.000104827
-8.66085e-06
-9.32148e-05
-1.1612e-05
-7.84966e-05
-1.47176e-05
-6.05965e-05
-1.78994e-05
-3.96473e-05
-2.09483e-05
-1.71653e-05
-2.24798e-05
-1.71648e-05
-0.000101014
6.96028e-06
-0.000102081
3.04399e-06
-0.000101749
-9.33317e-07
-9.984e-05
-5.08257e-06
-9.61173e-05
-9.53745e-06
-9.04762e-05
-1.43012e-05
-8.27253e-05
-1.93625e-05
-7.26955e-05
-2.47467e-05
-6.00962e-05
-3.04982e-05
-4.44677e-05
-3.65757e-05
-2.55691e-05
-4.13775e-05
-4.27332e-05
-8.23326e-05
8.79281e-06
-8.3208e-05
3.91797e-06
-8.29202e-05
-1.22132e-06
-8.12941e-05
-6.70922e-06
-7.82248e-05
-1.26063e-05
-7.35965e-05
-1.89294e-05
-6.72684e-05
-2.56899e-05
-5.90977e-05
-3.29174e-05
-4.89529e-05
-4.0642e-05
-3.66594e-05
-4.88686e-05
-2.08864e-05
-5.71487e-05
-6.36182e-05
-6.4898e-05
1.02046e-05
-6.54642e-05
4.48289e-06
-6.50542e-05
-1.63184e-06
-6.36041e-05
-8.16013e-06
-6.10353e-05
-1.5175e-05
-5.72896e-05
-2.26755e-05
-5.23187e-05
-3.06608e-05
-4.6071e-05
-3.91652e-05
-3.84368e-05
-4.82749e-05
-2.91754e-05
-5.81287e-05
-1.72865e-05
-6.90337e-05
-8.09048e-05
-4.81507e-05
1.13569e-05
-4.85974e-05
4.92904e-06
-4.82657e-05
-1.96571e-06
-4.71054e-05
-9.31983e-06
-4.50769e-05
-1.72058e-05
-4.21512e-05
-2.55994e-05
-3.83336e-05
-3.44807e-05
-3.36383e-05
-4.38572e-05
-2.80359e-05
-5.38786e-05
-2.12387e-05
-6.4919e-05
-1.26993e-05
-7.75759e-05
-9.36018e-05
-3.18996e-05
1.22748e-05
-3.22601e-05
5.28686e-06
-3.20233e-05
-2.2014e-06
-3.11259e-05
-1.02199e-05
-2.9556e-05
-1.87727e-05
-2.73318e-05
-2.78261e-05
-2.45086e-05
-3.72998e-05
-2.12133e-05
-4.71546e-05
-1.75507e-05
-5.75346e-05
-1.36253e-05
-6.88508e-05
-8.54815e-06
-8.26464e-05
-0.000102151
-1.59034e-05
1.2986e-05
-1.61674e-05
5.55075e-06
-1.59364e-05
-2.43325e-06
-1.51932e-05
-1.09612e-05
-1.3947e-05
-2.00188e-05
-1.22434e-05
-2.95264e-05
-1.0223e-05
-3.93195e-05
-8.1265e-06
-4.92467e-05
-6.22786e-06
-5.94353e-05
-4.67771e-06
-7.03939e-05
-3.11258e-06
-8.42123e-05
-0.000105261
-2.60913e-07
1.34312e-05
-3.20807e-07
5.61014e-06
3.2058e-08
-2.78536e-06
7.93085e-07
-1.1721e-05
1.9374e-06
-2.11602e-05
3.37365e-06
-3.09598e-05
4.85814e-06
-4.07996e-05
5.96414e-06
-5.03495e-05
6.21081e-06
-5.96748e-05
5.12311e-06
-6.93031e-05
2.60032e-06
-8.16853e-05
-0.000102651
1.48705e-05
1.35582e-05
1.51225e-05
5.35768e-06
1.57639e-05
-3.42622e-06
1.67813e-05
-1.27366e-05
1.81382e-05
-2.25142e-05
1.96937e-05
-3.25109e-05
2.10531e-05
-4.21537e-05
2.1557e-05
-5.08458e-05
2.04735e-05
-5.85858e-05
1.69306e-05
-6.5754e-05
1.04449e-05
-7.51787e-05
-9.22044e-05
2.92904e-05
1.33143e-05
2.99541e-05
4.69352e-06
3.10689e-05
-4.54104e-06
3.26316e-05
-1.42974e-05
3.4601e-05
-2.4481e-05
3.67635e-05
-3.46685e-05
3.85042e-05
-4.38889e-05
3.88857e-05
-5.12219e-05
3.69583e-05
-5.66516e-05
3.14134e-05
-6.01964e-05
2.06124e-05
-6.43793e-05
-7.15756e-05
4.27944e-05
1.26528e-05
4.39873e-05
3.49836e-06
4.58105e-05
-6.36464e-06
4.82812e-05
-1.67677e-05
5.13433e-05
-2.7541e-05
5.46421e-05
-3.79642e-05
5.72333e-05
-4.64757e-05
5.80128e-05
-5.19958e-05
5.59741e-05
-5.46083e-05
4.92958e-05
-5.35191e-05
3.39587e-05
-4.90218e-05
-3.76144e-05
5.5288e-05
1.15146e-05
5.7207e-05
1.5776e-06
6.00951e-05
-9.25437e-06
6.3957e-05
-2.06303e-05
6.86293e-05
-3.22124e-05
7.34641e-05
-4.27978e-05
7.70551e-05
-5.00647e-05
7.8613e-05
-5.35526e-05
7.72729e-05
-5.32679e-05
7.08165e-05
-4.70584e-05
5.40733e-05
-3.22821e-05
1.6464e-05
7.72543e-06
-7.73366e-06
1.24888e-05
-4.76141e-06
1.22807e-05
1.95694e-07
6.72399e-06
5.56103e-06
-7.42628e-06
1.41412e-05
-3.06172e-05
2.31899e-05
-5.28355e-05
2.2213e-05
-7.14506e-05
1.86105e-05
-8.69749e-05
1.55213e-05
-9.95517e-05
1.25723e-05
-0.000109493
9.94079e-06
7.20365e-06
-0.000116701
4.49122e-07
-8.19333e-06
-6.37801e-06
2.06321e-06
-2.04561e-05
1.42697e-05
-3.88097e-05
2.39135e-05
-5.45348e-05
2.98646e-05
-6.33491e-05
3.20022e-05
-7.04326e-05
2.92944e-05
-7.76664e-05
2.5841e-05
-8.44494e-05
2.23025e-05
-9.04692e-05
1.85894e-05
-9.52505e-05
1.47209e-05
1.08324e-05
-9.88815e-05
-8.48262e-06
2.83054e-07
-2.09379e-05
1.45166e-05
-3.30748e-05
2.64045e-05
-4.34925e-05
3.43301e-05
-5.1297e-05
3.76673e-05
-5.66896e-05
3.73928e-05
-6.16128e-05
3.42154e-05
-6.63998e-05
3.06253e-05
-7.07907e-05
2.66916e-05
-7.46867e-05
2.24828e-05
-7.8013e-05
1.8046e-05
1.34895e-05
-8.06721e-05
-1.10356e-05
1.13116e-05
-2.11702e-05
2.46496e-05
-2.98084e-05
3.50405e-05
-3.64682e-05
4.09883e-05
-4.13826e-05
4.25794e-05
-4.5109e-05
4.11168e-05
-4.87843e-05
3.7888e-05
-5.23703e-05
3.42085e-05
-5.57535e-05
3.00727e-05
-5.88319e-05
2.5559e-05
-6.15067e-05
2.07194e-05
1.56115e-05
-6.36306e-05
-9.28848e-06
2.05956e-05
-1.67344e-05
3.20923e-05
-2.23058e-05
4.06093e-05
-2.64521e-05
4.5132e-05
-2.95922e-05
4.57163e-05
-3.23371e-05
4.38584e-05
-3.51594e-05
4.0707e-05
-3.79535e-05
3.69997e-05
-4.06535e-05
3.277e-05
-4.316e-05
2.80632e-05
-4.53566e-05
2.29138e-05
1.7364e-05
-4.7111e-05
-6.27222e-06
2.68599e-05
-1.09448e-05
3.67611e-05
-1.39503e-05
4.36107e-05
-1.60471e-05
4.72246e-05
-1.7755e-05
4.74195e-05
-1.95171e-05
4.56156e-05
-2.15135e-05
4.26992e-05
-2.3635e-05
3.91169e-05
-2.57777e-05
3.49094e-05
-2.78178e-05
3.01e-05
-2.96249e-05
2.47186e-05
1.87926e-05
-3.10554e-05
-3.04782e-06
2.98976e-05
-5.14427e-06
3.88513e-05
-5.94868e-06
4.44097e-05
-5.98833e-06
4.72585e-05
-6.18953e-06
4.76138e-05
-6.86941e-06
4.62898e-05
-8.03086e-06
4.38545e-05
-9.50332e-06
4.05846e-05
-1.11193e-05
3.65208e-05
-1.2711e-05
3.16883e-05
-1.4123e-05
2.61281e-05
1.98877e-05
-1.52205e-05
-4.859e-07
3.03753e-05
1.08395e-07
3.82498e-05
1.81105e-06
4.27014e-05
3.71582e-06
4.5346e-05
5.00867e-06
4.63145e-05
5.44654e-06
4.58446e-05
5.12697e-06
4.41681e-05
4.2912e-06
4.14145e-05
3.18185e-06
3.76255e-05
2.01648e-06
3.285e-05
9.75602e-07
2.7166e-05
2.06632e-05
1.98065e-07
2.10596e-06
2.82596e-05
4.65451e-06
3.56946e-05
8.90655e-06
3.84425e-05
1.27827e-05
4.14628e-05
1.56077e-05
4.34822e-05
1.7208e-05
4.42371e-05
1.77509e-05
4.36183e-05
1.75529e-05
4.16061e-05
1.69366e-05
3.82365e-05
1.6181e-05
3.36012e-05
1.55008e-05
2.78428e-05
2.11116e-05
1.50499e-05
2.14457e-06
2.61082e-05
7.68107e-06
3.01542e-05
1.49785e-05
3.11394e-05
2.10427e-05
3.53938e-05
2.54759e-05
3.90426e-05
2.82513e-05
4.14562e-05
2.96481e-05
4.22151e-05
3.00722e-05
4.11764e-05
2.99277e-05
3.83762e-05
2.95656e-05
3.39593e-05
2.92427e-05
2.81629e-05
2.12203e-05
2.91313e-05
1.3834e-06
2.47279e-05
1.24282e-05
1.9109e-05
2.21143e-05
2.14517e-05
2.97011e-05
2.78032e-05
3.5196e-05
3.35436e-05
3.87641e-05
3.7883e-05
4.08037e-05
4.01701e-05
4.17381e-05
4.02372e-05
4.19955e-05
3.8114e-05
4.1987e-05
3.3964e-05
4.20046e-05
2.81421e-05
2.0977e-05
4.22448e-05
2.4665e-05
6.53652e-08
3.38489e-05
9.92686e-06
3.96399e-05
1.5662e-05
4.41141e-05
2.33292e-05
4.74975e-05
3.01601e-05
5.00531e-05
3.53258e-05
5.17921e-05
3.84298e-05
5.27583e-05
3.92683e-05
5.31735e-05
3.76967e-05
5.34012e-05
3.37348e-05
5.37033e-05
2.78381e-05
5.42785e-05
2.03994e-05
-0.000121337
4.63641e-06
-0.000123316
1.97582e-06
-0.000122707
-6.08238e-07
-0.000119519
-3.18881e-06
-0.000113682
-5.83604e-06
-0.000104996
-8.68627e-06
-9.33551e-05
-1.16401e-05
-7.86084e-05
-1.47466e-05
-6.06803e-05
-1.79275e-05
-3.97053e-05
-2.09746e-05
-1.71975e-05
-2.25064e-05
-1.71971e-05
-0.000101215
6.9687e-06
-0.000102281
3.04106e-06
-0.000101942
-9.47788e-07
-0.000100023
-5.10886e-06
-9.6285e-05
-9.57389e-06
-9.06252e-05
-1.43455e-05
-8.28527e-05
-1.94125e-05
-7.27995e-05
-2.47996e-05
-6.01755e-05
-3.05514e-05
-4.45218e-05
-3.66275e-05
-2.55943e-05
-4.14333e-05
-4.27908e-05
-8.25082e-05
8.804e-06
-8.33821e-05
3.91346e-06
-8.30886e-05
-1.24183e-06
-8.14528e-05
-6.74543e-06
-7.83699e-05
-1.26566e-05
-7.37247e-05
-1.89909e-05
-6.73775e-05
-2.57596e-05
-5.91851e-05
-3.2992e-05
-4.90173e-05
-4.07183e-05
-3.67005e-05
-4.89436e-05
-2.09061e-05
-5.72257e-05
-6.36956e-05
-6.50464e-05
1.02188e-05
-6.56112e-05
4.47682e-06
-6.5196e-05
-1.65786e-06
-6.3737e-05
-8.20543e-06
-6.11553e-05
-1.52387e-05
-5.73932e-05
-2.27533e-05
-5.24037e-05
-3.07495e-05
-4.6136e-05
-3.9259e-05
-3.84823e-05
-4.83711e-05
-2.92009e-05
-5.82226e-05
-1.72995e-05
-6.91239e-05
-8.09955e-05
-4.8268e-05
1.13743e-05
-4.87145e-05
4.92174e-06
-4.83766e-05
-1.9969e-06
-4.72083e-05
-9.3751e-06
-4.51662e-05
-1.72812e-05
-4.22267e-05
-2.56936e-05
-3.83902e-05
-3.45851e-05
-3.36797e-05
-4.39694e-05
-2.80589e-05
-5.39889e-05
-2.12513e-05
-6.50276e-05
-1.27019e-05
-7.76746e-05
-9.36973e-05
-3.19762e-05
1.22933e-05
-3.23357e-05
5.28008e-06
-3.2097e-05
-2.23728e-06
-3.11904e-05
-1.02815e-05
-2.96123e-05
-1.88602e-05
-2.73722e-05
-2.79318e-05
-2.45376e-05
-3.74203e-05
-2.12254e-05
-4.72781e-05
-1.75562e-05
-5.76584e-05
-1.36206e-05
-6.89629e-05
-8.54444e-06
-8.27495e-05
-0.000102242
-1.59364e-05
1.30081e-05
-1.62009e-05
5.54294e-06
-1.59665e-05
-2.47128e-06
-1.52191e-05
-1.10295e-05
-1.39634e-05
-2.01134e-05
-1.22506e-05
-2.96439e-05
-1.02173e-05
-3.94497e-05
-8.11353e-06
-4.93817e-05
-6.20539e-06
-5.95624e-05
-4.6556e-06
-7.05079e-05
-3.09541e-06
-8.43086e-05
-0.000105335
-2.50973e-07
1.34555e-05
-3.10808e-07
5.602e-06
4.36524e-08
-2.82619e-06
8.08892e-07
-1.17932e-05
1.9589e-06
-2.12618e-05
3.40367e-06
-3.10849e-05
4.89531e-06
-4.09385e-05
6.00736e-06
-5.04889e-05
6.25536e-06
-5.98034e-05
5.16201e-06
-6.94114e-05
2.62872e-06
-8.1767e-05
-0.000102699
1.49206e-05
1.35826e-05
1.51728e-05
5.34829e-06
1.58159e-05
-3.46932e-06
1.68361e-05
-1.28126e-05
1.81976e-05
-2.26206e-05
1.97589e-05
-3.26424e-05
2.1123e-05
-4.22977e-05
2.16281e-05
-5.09871e-05
2.05401e-05
-5.87117e-05
1.69892e-05
-6.58469e-05
1.0479e-05
-7.52454e-05
-9.2217e-05
2.93745e-05
1.33375e-05
3.00391e-05
4.68234e-06
3.1156e-05
-4.58684e-06
3.27211e-05
-1.4377e-05
3.46946e-05
-2.45914e-05
3.68612e-05
-3.48053e-05
3.86037e-05
-4.40348e-05
3.89813e-05
-5.13606e-05
3.70481e-05
-5.67673e-05
3.14827e-05
-6.02799e-05
2.06596e-05
-6.44158e-05
-7.15462e-05
4.29048e-05
1.26743e-05
4.40996e-05
3.48472e-06
4.59252e-05
-6.41398e-06
4.8399e-05
-1.68508e-05
5.14647e-05
-2.76559e-05
5.4767e-05
-3.81047e-05
5.73561e-05
-4.66198e-05
5.81289e-05
-5.21272e-05
5.60751e-05
-5.47141e-05
4.938e-05
-5.3575e-05
3.40062e-05
-4.90338e-05
-3.75417e-05
5.54165e-05
1.15334e-05
5.73383e-05
1.56042e-06
6.02296e-05
-9.30771e-06
6.40951e-05
-2.07173e-05
6.87711e-05
-3.23319e-05
7.36073e-05
-4.29395e-05
7.71911e-05
-5.02022e-05
7.87373e-05
-5.36726e-05
7.73818e-05
-5.3353e-05
7.08988e-05
-4.70977e-05
5.41261e-05
-3.22618e-05
1.65878e-05
7.72349e-06
-7.72933e-06
1.2505e-05
-4.7801e-06
1.23279e-05
1.67981e-07
6.80993e-06
5.52245e-06
-7.23796e-06
1.40421e-05
-3.03925e-05
2.31546e-05
-5.26478e-05
2.22522e-05
-7.12773e-05
1.86259e-05
-8.68222e-05
1.55432e-05
-9.94108e-05
1.2585e-05
-0.000109366
9.95502e-06
7.21588e-06
-0.000116586
4.77295e-07
-8.21595e-06
-6.30179e-06
1.9967e-06
-2.03268e-05
1.41897e-05
-3.86692e-05
2.3864e-05
-5.44514e-05
2.98234e-05
-6.33014e-05
3.20029e-05
-7.03643e-05
2.9314e-05
-7.75924e-05
2.58514e-05
-8.43674e-05
2.23171e-05
-9.0386e-05
1.86012e-05
-9.51657e-05
1.47339e-05
1.08456e-05
-9.87974e-05
-8.43072e-06
2.0707e-07
-2.08693e-05
1.44332e-05
-3.30176e-05
2.63358e-05
-4.34441e-05
3.42895e-05
-5.12618e-05
3.76396e-05
-5.66494e-05
3.73891e-05
-6.15589e-05
3.42221e-05
-6.63376e-05
3.06281e-05
-7.07166e-05
2.66948e-05
-7.46028e-05
2.24853e-05
-7.79204e-05
1.80505e-05
1.34967e-05
-8.05733e-05
-1.10168e-05
1.12189e-05
-2.11483e-05
2.4562e-05
-2.97913e-05
3.49772e-05
-3.64544e-05
4.09512e-05
-4.13709e-05
4.25546e-05
-4.50866e-05
4.11034e-05
-4.87418e-05
3.78755e-05
-5.23092e-05
3.41939e-05
-5.56748e-05
3.0059e-05
-5.87384e-05
2.55474e-05
-6.14015e-05
2.07125e-05
1.56111e-05
-6.35174e-05
-9.27524e-06
2.0487e-05
-1.67266e-05
3.20122e-05
-2.23048e-05
4.05533e-05
-2.64513e-05
4.5096e-05
-2.95853e-05
4.56873e-05
-3.2315e-05
4.3831e-05
-3.51174e-05
4.06769e-05
-3.78926e-05
3.6967e-05
-4.05734e-05
3.2739e-05
-4.30638e-05
2.80361e-05
-4.5247e-05
2.28943e-05
1.73544e-05
-4.69917e-05
-6.2428e-06
2.67259e-05
-1.09551e-05
3.67216e-05
-1.39645e-05
4.35589e-05
-1.60562e-05
4.71857e-05
-1.77548e-05
4.73822e-05
-1.95001e-05
4.55749e-05
-2.14784e-05
4.26522e-05
-2.358e-05
3.90675e-05
-2.57045e-05
3.48613e-05
-2.77276e-05
3.00578e-05
-2.95209e-05
2.46861e-05
1.87743e-05
-3.09429e-05
-3.26422e-06
2.99832e-05
-5.19444e-06
3.86455e-05
-5.97614e-06
4.43372e-05
-6.0086e-06
4.72127e-05
-6.19895e-06
4.75681e-05
-6.86397e-06
4.62358e-05
-8.00751e-06
4.37929e-05
-9.46204e-06
4.05193e-05
-1.10603e-05
3.64576e-05
-1.26366e-05
3.16322e-05
-1.40368e-05
2.60845e-05
1.98621e-05
-1.51259e-05
-9.81768e-08
3.00691e-05
1.44212e-07
3.8396e-05
1.78523e-06
4.26874e-05
3.68419e-06
4.53069e-05
4.9852e-06
4.62618e-05
5.43672e-06
4.57795e-05
5.13307e-06
4.40932e-05
4.31389e-06
4.13356e-05
3.22031e-06
3.75493e-05
2.06814e-06
3.27826e-05
1.03728e-06
2.71139e-05
2.06311e-05
2.66988e-07
1.64717e-06
2.8411e-05
4.54016e-06
3.54926e-05
8.84285e-06
3.83808e-05
1.27311e-05
4.1411e-05
1.55662e-05
4.34203e-05
1.71791e-05
4.41612e-05
1.77366e-05
4.35315e-05
1.75536e-05
4.15153e-05
1.69507e-05
3.81495e-05
1.62062e-05
3.35247e-05
1.55342e-05
2.7784e-05
2.10748e-05
1.50888e-05
2.3278e-06
2.60702e-05
7.64913e-06
3.01679e-05
1.49117e-05
3.1105e-05
2.09736e-05
3.53442e-05
2.54141e-05
3.89738e-05
2.8201e-05
4.13698e-05
2.96114e-05
4.2117e-05
3.00492e-05
4.10747e-05
2.99158e-05
3.82802e-05
2.9562e-05
3.38768e-05
2.92448e-05
2.80994e-05
2.11812e-05
2.91369e-05
1.32548e-06
2.47396e-05
1.23597e-05
1.91232e-05
2.20321e-05
2.1436e-05
2.96136e-05
2.77564e-05
3.51142e-05
3.34686e-05
3.86929e-05
3.77869e-05
4.07452e-05
4.00612e-05
4.1692e-05
4.01251e-05
4.19586e-05
3.80109e-05
4.19551e-05
3.38778e-05
4.19752e-05
2.80768e-05
2.09382e-05
4.22159e-05
2.46119e-05
1.25306e-07
3.3777e-05
9.96287e-06
3.95543e-05
1.56506e-05
4.40252e-05
2.32851e-05
4.74085e-05
3.0085e-05
4.99689e-05
3.52254e-05
5.17173e-05
3.83128e-05
5.26941e-05
3.91469e-05
5.31159e-05
3.75885e-05
5.33446e-05
3.36477e-05
5.36458e-05
2.77743e-05
5.42185e-05
2.03632e-05
-0.000121235
4.6497e-06
-0.000123227
1.98915e-06
-0.000122633
-5.94337e-07
-0.00011946
-3.17378e-06
-0.00011364
-5.81929e-06
-0.000104969
-8.67058e-06
-9.33435e-05
-1.1625e-05
-7.86079e-05
-1.47349e-05
-6.06874e-05
-1.79198e-05
-3.97133e-05
-2.09731e-05
-1.72032e-05
-2.25077e-05
-1.72026e-05
-0.000101132
6.98324e-06
-0.000102201
3.05725e-06
-0.000101867
-9.28695e-07
-9.99555e-05
-5.08595e-06
-9.62262e-05
-9.54856e-06
-9.05764e-05
-1.43195e-05
-8.28143e-05
-1.93868e-05
-7.27715e-05
-2.47769e-05
-6.01566e-05
-3.05342e-05
-4.45109e-05
-3.66176e-05
-2.55913e-05
-4.14263e-05
-4.27933e-05
-8.24062e-05
8.81562e-06
-8.32808e-05
3.9305e-06
-8.29913e-05
-1.21842e-06
-8.13621e-05
-6.71574e-06
-7.82883e-05
-1.26218e-05
-7.36545e-05
-1.89531e-05
-6.73198e-05
-2.57208e-05
-5.91414e-05
-3.29552e-05
-4.89871e-05
-4.06875e-05
-3.66832e-05
-4.89209e-05
-2.08985e-05
-5.72092e-05
-6.36904e-05
-6.49293e-05
1.02266e-05
-6.54946e-05
4.49453e-06
-6.50838e-05
-1.62976e-06
-6.36332e-05
-8.16717e-06
-6.10639e-05
-1.5191e-05
-5.73174e-05
-2.27e-05
-5.23447e-05
-3.06934e-05
-4.6094e-05
-3.92059e-05
-3.84562e-05
-4.8324e-05
-2.91893e-05
-5.81863e-05
-1.72952e-05
-6.90994e-05
-8.09857e-05
-4.81448e-05
1.13779e-05
-4.85913e-05
4.94045e-06
-4.82597e-05
-1.96341e-06
-4.71011e-05
-9.3253e-06
-4.50752e-05
-1.7219e-05
-4.21526e-05
-2.56208e-05
-3.83375e-05
-3.45107e-05
-3.36437e-05
-4.38963e-05
-2.80418e-05
-5.39271e-05
-2.12436e-05
-6.49777e-05
-1.27017e-05
-7.76439e-05
-9.36851e-05
-3.18593e-05
1.22939e-05
-3.22201e-05
5.29862e-06
-3.19854e-05
-2.19695e-06
-3.1092e-05
-1.02214e-05
-2.95281e-05
-1.878e-05
-2.73111e-05
-2.78402e-05
-2.4495e-05
-3.73226e-05
-2.12057e-05
-4.71877e-05
-1.75474e-05
-5.75788e-05
-1.36254e-05
-6.8906e-05
-8.55014e-06
-8.27124e-05
-0.000102236
-1.58372e-05
1.30035e-05
-1.61012e-05
5.5627e-06
-1.58732e-05
-2.42573e-06
-1.5136e-05
-1.09566e-05
-1.38987e-05
-2.0017e-05
-1.22061e-05
-2.95294e-05
-1.01968e-05
-3.9331e-05
-8.11006e-06
-4.927e-05
-6.2185e-06
-5.94723e-05
-4.67269e-06
-7.04448e-05
-3.10978e-06
-8.42758e-05
-0.000105344
-1.7755e-07
1.34473e-05
-2.38121e-07
5.62286e-06
1.10931e-07
-2.77391e-06
8.64519e-07
-1.17089e-05
1.99754e-06
-2.1147e-05
3.41989e-06
-3.09487e-05
4.89032e-06
-4.0797e-05
5.98393e-06
-5.03603e-05
6.22124e-06
-5.97024e-05
5.12812e-06
-6.93483e-05
2.60095e-06
-8.17446e-05
-0.000102732
1.49614e-05
1.35735e-05
1.52115e-05
5.37235e-06
1.58479e-05
-3.40955e-06
1.68563e-05
-1.27155e-05
1.82001e-05
-2.24877e-05
1.97401e-05
-3.24842e-05
2.10847e-05
-4.21361e-05
2.15757e-05
-5.08436e-05
2.04823e-05
-5.86033e-05
1.6934e-05
-6.5794e-05
1.04459e-05
-7.52344e-05
-9.22848e-05
2.93792e-05
1.33299e-05
3.00393e-05
4.71195e-06
3.11473e-05
-4.51738e-06
3.26994e-05
-1.42655e-05
3.46544e-05
-2.44399e-05
3.68013e-05
-3.46261e-05
3.85293e-05
-4.38584e-05
3.89001e-05
-5.12089e-05
3.69642e-05
-5.66607e-05
3.1416e-05
-6.02325e-05
2.06148e-05
-6.44353e-05
-7.16533e-05
4.28728e-05
1.26707e-05
4.40599e-05
3.52268e-06
4.58739e-05
-6.33156e-06
4.83319e-05
-1.6723e-05
5.13787e-05
-2.74844e-05
5.46642e-05
-3.79083e-05
5.72485e-05
-4.6438e-05
5.80218e-05
-5.19765e-05
5.59786e-05
-5.46127e-05
4.93006e-05
-5.35559e-05
3.39635e-05
-4.90775e-05
-3.76869e-05
5.53499e-05
1.1537e-05
5.72602e-05
1.6108e-06
6.01361e-05
-9.20886e-06
6.39831e-05
-2.05705e-05
6.86404e-05
-3.21407e-05
7.34665e-05
-4.2733e-05
7.70574e-05
-5.00267e-05
7.86162e-05
-5.35343e-05
7.72832e-05
-5.32795e-05
7.08343e-05
-4.71029e-05
5.40907e-05
-3.23375e-05
1.64076e-05
9.14146e-05
1.01062e-05
-0.000101468
8.44613e-05
1.6881e-05
7.59791e-05
2.41139e-05
6.97475e-05
2.94972e-05
6.60362e-05
3.37872e-05
6.4318e-05
3.69518e-05
6.38228e-05
3.88374e-05
6.37676e-05
3.92564e-05
6.37835e-05
3.76462e-05
6.39852e-05
3.3532e-05
6.44457e-05
2.74014e-05
1.95646e-05
6.53239e-05
0.000112311
1.1936e-05
-0.00011414
0.000107177
2.20183e-05
0.000100221
3.10744e-05
9.25563e-05
3.71664e-05
8.57386e-05
4.06097e-05
8.05626e-05
4.21322e-05
7.7239e-05
4.21651e-05
7.53166e-05
4.11809e-05
7.43035e-05
3.86611e-05
7.41259e-05
3.37099e-05
7.44957e-05
2.70315e-05
1.83699e-05
7.56887e-05
0.000119951
1.34255e-05
-0.000121441
0.000116717
2.52557e-05
0.000112175
3.56201e-05
0.000106616
4.27313e-05
0.000100658
4.65745e-05
9.5028e-05
4.77684e-05
9.03985e-05
4.67999e-05
8.70729e-05
4.45114e-05
8.51078e-05
4.06298e-05
8.42774e-05
3.45422e-05
8.45064e-05
2.68016e-05
1.64009e-05
8.64717e-05
0.000123017
-0.00012498
1.53892e-05
0.000120247
2.80301e-05
0.00011668
3.91925e-05
0.000112428
4.6989e-05
0.000107846
5.11631e-05
0.000103533
5.20865e-05
9.98274e-05
5.05109e-05
9.70443e-05
4.72985e-05
9.55343e-05
4.21427e-05
9.53079e-05
3.47696e-05
9.67064e-05
2.5402e-05
0.000100967
1.21405e-05
6.70905e-05
9.82792e-06
7.01298e-05
-1.40319e-06
7.46575e-05
-1.37496e-05
8.04863e-05
-2.64571e-05
8.7079e-05
-3.88393e-05
9.3249e-05
-4.90433e-05
9.74288e-05
-5.43456e-05
9.94637e-05
-5.56902e-05
9.87737e-05
-5.2676e-05
9.46911e-05
-4.30472e-05
9.04528e-05
-2.80646e-05
5.52732e-06
0.000101482
7.85087e-05
7.00474e-06
8.3463e-05
-6.36065e-06
9.0391e-05
-2.06807e-05
9.85194e-05
-3.45881e-05
0.000106592
-4.6914e-05
0.000112867
-5.53218e-05
0.000116614
-5.80953e-05
0.000117952
-5.70316e-05
0.000116523
-5.1249e-05
0.000112721
-3.9252e-05
0.000109566
-2.49146e-05
9.78421e-07
0.000114112
9.14554e-05
2.01779e-06
9.95289e-05
-1.44382e-05
0.000109229
-3.03847e-05
0.000118815
-4.41778e-05
0.000126225
-5.43281e-05
0.000130209
-5.9311e-05
0.000131714
-5.9605e-05
0.000130956
-5.62787e-05
0.000128266
-4.85665e-05
0.000124477
-3.54684e-05
0.000120716
-2.11587e-05
3.24665e-07
0.000121367
0.000110261
-7.27982e-06
0.000121757
-2.59371e-05
0.000131972
-4.06029e-05
0.0001388
-5.10085e-05
0.00014172
-5.72515e-05
0.000142036
-5.96317e-05
0.000141082
-5.86563e-05
0.000138576
-5.37789e-05
0.000134919
-4.49162e-05
0.000130911
-3.14663e-05
0.000126567
-1.68214e-05
0.000124864
2.02377e-06
9.13635e-05
1.02247e-05
8.43686e-05
1.6965e-05
7.58595e-05
2.41917e-05
6.96211e-05
2.95577e-05
6.59149e-05
3.38267e-05
6.42035e-05
3.69723e-05
6.3708e-05
3.88394e-05
6.36448e-05
3.92351e-05
6.36497e-05
3.7596e-05
6.38399e-05
3.34579e-05
6.42913e-05
2.73132e-05
1.94717e-05
6.51654e-05
0.000112262
1.20749e-05
0.0001071
2.21324e-05
0.000100112
3.11809e-05
9.24263e-05
3.72485e-05
8.55994e-05
4.0659e-05
8.04243e-05
4.21525e-05
7.71077e-05
4.21607e-05
7.51907e-05
4.11554e-05
7.41795e-05
3.86096e-05
7.39991e-05
3.3639e-05
7.43646e-05
2.69471e-05
1.8277e-05
7.55573e-05
0.000119869
1.35734e-05
0.00011662
2.53832e-05
0.000112063
3.57433e-05
0.000106491
4.28267e-05
0.000100526
4.66311e-05
9.48953e-05
4.77905e-05
9.02708e-05
4.67918e-05
8.69522e-05
4.44799e-05
8.49955e-05
4.05708e-05
8.41709e-05
3.44655e-05
8.44054e-05
2.67113e-05
1.6299e-05
8.63789e-05
0.000122906
1.55309e-05
0.000120131
2.81618e-05
0.000116559
3.93222e-05
0.000112305
4.70882e-05
0.000107726
5.12164e-05
0.000103424
5.20998e-05
9.97236e-05
5.04983e-05
9.69474e-05
4.72612e-05
9.54492e-05
4.20731e-05
9.52352e-05
3.46803e-05
9.66479e-05
2.52971e-05
0.000100928
1.20187e-05
6.69341e-05
9.74189e-06
6.99821e-05
-1.47458e-06
7.45211e-05
-1.37967e-05
8.03619e-05
-2.64731e-05
8.69645e-05
-3.88173e-05
9.31429e-05
-4.89778e-05
9.73323e-05
-5.4256e-05
9.93755e-05
-5.55971e-05
9.86936e-05
-5.25884e-05
9.46171e-05
-4.29876e-05
9.03853e-05
-2.80484e-05
5.45357e-06
0.000101393
7.83843e-05
6.91183e-06
8.33517e-05
-6.44487e-06
9.02929e-05
-2.07407e-05
9.84315e-05
-3.46145e-05
0.000106511
-4.68998e-05
0.000112793
-5.52627e-05
0.000116549
-5.80156e-05
0.000117893
-5.69444e-05
0.000116467
-5.11677e-05
0.00011267
-3.91945e-05
0.000109515
-2.48991e-05
9.19145e-07
0.000114048
9.13783e-05
1.90943e-06
9.94689e-05
-1.45391e-05
0.000109181
-3.04561e-05
0.000118771
-4.42092e-05
0.000126184
-5.43171e-05
0.000130173
-5.92569e-05
0.000131684
-5.95306e-05
0.000130926
-5.61927e-05
0.000128236
-4.84843e-05
0.000124451
-3.54167e-05
0.000120695
-2.11472e-05
2.70357e-07
0.000121341
0.000110247
-7.41257e-06
0.000121757
-2.6051e-05
0.000131973
-4.06747e-05
0.000138795
-5.10336e-05
0.00014171
-5.72359e-05
0.000142027
-5.95786e-05
0.000141072
-5.85813e-05
0.000138567
-5.36942e-05
0.000134916
-4.484e-05
0.000130914
-3.14213e-05
0.000126579
-1.68164e-05
0.000124877
1.96769e-06
9.13133e-05
1.01465e-05
8.43555e-05
1.68875e-05
7.58895e-05
2.41315e-05
6.96884e-05
2.95341e-05
6.60073e-05
3.38439e-05
6.43094e-05
3.70265e-05
6.38203e-05
3.892e-05
6.37597e-05
3.933e-05
6.37691e-05
3.76876e-05
6.3966e-05
3.35381e-05
6.44227e-05
2.738e-05
1.95196e-05
6.52998e-05
0.000112205
1.19903e-05
0.000107061
2.20341e-05
0.000100106
3.10907e-05
9.24555e-05
3.71899e-05
8.56593e-05
4.06455e-05
8.05074e-05
4.21835e-05
7.72047e-05
4.22275e-05
7.52938e-05
4.12442e-05
7.42917e-05
3.86929e-05
7.41197e-05
3.37116e-05
7.44923e-05
2.7008e-05
1.83186e-05
7.56918e-05
0.000119847
1.34851e-05
0.000116607
2.52761e-05
0.000112064
3.56381e-05
0.000106508
4.27516e-05
0.000100559
4.66021e-05
9.49433e-05
4.78069e-05
9.03319e-05
4.68456e-05
8.70255e-05
4.45571e-05
8.50838e-05
4.06401e-05
8.42712e-05
3.45275e-05
8.45189e-05
2.67604e-05
1.63275e-05
8.65062e-05
0.00012292
1.54429e-05
0.000120147
2.80523e-05
0.000116577
3.92125e-05
0.000112326
4.70091e-05
0.000107749
5.11865e-05
0.000103445
5.21177e-05
9.97496e-05
5.05475e-05
9.6989e-05
4.73236e-05
9.55089e-05
4.21258e-05
9.5311e-05
3.47284e-05
9.67428e-05
2.53288e-05
0.000101036
1.20346e-05
6.70727e-05
9.75618e-06
7.01245e-05
-1.49639e-06
7.46674e-05
-1.38542e-05
8.05118e-05
-2.65647e-05
8.71166e-05
-3.89388e-05
9.32888e-05
-4.91139e-05
9.7465e-05
-5.43797e-05
9.94945e-05
-5.57025e-05
9.87903e-05
-5.26547e-05
9.46934e-05
-4.29992e-05
9.04447e-05
-2.80154e-05
5.56367e-06
0.000101464
7.8526e-05
6.91849e-06
8.34969e-05
-6.47072e-06
9.04403e-05
-2.08011e-05
9.85802e-05
-3.47078e-05
0.000106655
-4.70165e-05
0.00011292
-5.53825e-05
0.000116657
-5.81199e-05
0.000117979
-5.70284e-05
0.000116529
-5.12065e-05
0.000112714
-3.91913e-05
0.00010955
-2.48565e-05
1.02031e-06
0.000114091
9.1514e-05
1.90754e-06
9.96038e-05
-1.45647e-05
0.000109313
-3.05145e-05
0.000118897
-4.4296e-05
0.00012629
-5.44144e-05
0.000130254
-5.93514e-05
0.000131743
-5.96133e-05
0.000130962
-5.62525e-05
0.000128257
-4.85095e-05
0.00012446
-3.53994e-05
0.000120694
-2.10951e-05
3.67584e-07
0.000121344
0.000110356
-7.41569e-06
0.000121856
-2.60678e-05
0.000132062
-4.07227e-05
0.000138865
-5.11023e-05
0.000141758
-5.73116e-05
0.000142059
-5.96569e-05
0.000141089
-5.86497e-05
0.000138566
-5.37357e-05
0.000134899
-4.48477e-05
0.000130886
-3.13924e-05
0.000126542
-1.67583e-05
0.000124844
2.06214e-06
9.13505e-05
1.02396e-05
8.43589e-05
1.69526e-05
7.58576e-05
2.41585e-05
6.96307e-05
2.95146e-05
6.59353e-05
3.37827e-05
6.42323e-05
3.69312e-05
6.37443e-05
3.88024e-05
6.36894e-05
3.92036e-05
6.36995e-05
3.7579e-05
6.3892e-05
3.34553e-05
6.43433e-05
2.73213e-05
1.94896e-05
6.52142e-05
0.000112242
1.20896e-05
0.000107084
2.21151e-05
0.000100108
3.11364e-05
9.24382e-05
3.71893e-05
8.56277e-05
4.05988e-05
8.04641e-05
4.21e-05
7.71529e-05
4.21184e-05
7.5239e-05
4.1121e-05
7.42255e-05
3.85952e-05
7.40415e-05
3.36401e-05
7.4402e-05
2.69602e-05
1.83035e-05
7.55862e-05
0.000119849
1.35853e-05
0.000116606
2.53593e-05
0.00011206
3.56881e-05
0.000106501
4.27537e-05
0.000100552
4.65561e-05
9.49341e-05
4.77248e-05
9.03179e-05
4.67414e-05
8.70029e-05
4.4442e-05
8.50398e-05
4.0563e-05
8.42062e-05
3.44758e-05
8.44272e-05
2.67382e-05
1.63435e-05
8.63828e-05
0.000122893
1.55363e-05
0.000120126
2.81292e-05
0.000116564
3.92564e-05
0.000112322
4.70036e-05
0.000107755
5.11302e-05
0.000103462
5.20254e-05
9.97674e-05
5.04416e-05
9.69908e-05
4.72239e-05
9.54818e-05
4.20764e-05
9.52518e-05
3.47069e-05
9.66413e-05
2.53473e-05
0.000100896
1.2089e-05
6.6975e-05
9.77235e-06
7.00101e-05
-1.42835e-06
7.45338e-05
-1.37356e-05
8.03584e-05
-2.63969e-05
8.69488e-05
-3.87332e-05
9.31274e-05
-4.8913e-05
9.73239e-05
-5.42249e-05
9.93764e-05
-5.55882e-05
9.87142e-05
-5.26199e-05
9.46556e-05
-4.30501e-05
9.04376e-05
-2.81185e-05
5.37442e-06
7.83991e-05
6.95653e-06
8.33488e-05
-6.38072e-06
9.02726e-05
-2.06622e-05
9.83972e-05
-3.45242e-05
0.000106474
-4.68125e-05
0.000112768
-5.52106e-05
0.000116538
-5.79978e-05
0.000117902
-5.6956e-05
0.000116504
-5.12268e-05
0.000112726
-3.9276e-05
0.000109587
-2.49851e-05
8.1856e-07
9.13606e-05
1.97597e-06
9.94319e-05
-1.44555e-05
0.00010913
-3.03639e-05
0.000118719
-4.41167e-05
0.000126147
-5.42446e-05
0.000130158
-5.92264e-05
0.000131689
-5.95333e-05
0.00013096
-5.62338e-05
0.000128291
-4.85641e-05
0.000124522
-3.55137e-05
0.000120781
-2.12496e-05
1.5607e-07
0.000110194
-7.32472e-06
0.000121694
-2.59576e-05
0.000131915
-4.05867e-05
0.000138757
-5.09615e-05
0.000141699
-5.71898e-05
0.000142034
-5.95666e-05
0.0001411
-5.86047e-05
0.00013862
-5.37607e-05
0.000134987
-4.49381e-05
0.000130998
-3.15308e-05
0.000126676
-1.69319e-05
1.84866e-06
-3.82279e-05
1.79437e-05
3.56714e-05
-4.1281e-05
3.10874e-05
-4.44883e-05
4.24071e-05
-4.77166e-05
5.02264e-05
-5.07126e-05
5.41685e-05
-5.2999e-05
5.43818e-05
-5.43124e-05
5.18316e-05
-5.40866e-05
4.70795e-05
-5.20606e-05
4.01219e-05
-4.84236e-05
3.11354e-05
-4.25879e-05
1.95666e-05
3.01944e-06
-3.34772e-05
-4.43313e-05
2.09175e-05
4.13601e-05
-4.73567e-05
3.41176e-05
-4.99589e-05
4.50154e-05
-5.18686e-05
5.21428e-05
-5.28183e-05
5.51239e-05
-5.26454e-05
5.42145e-05
-5.10692e-05
5.02603e-05
-4.76068e-05
4.36211e-05
-4.28059e-05
3.53243e-05
-3.7125e-05
2.54562e-05
-3.05023e-05
1.29386e-05
-5.19258e-06
-2.22844e-05
-4.85387e-05
2.38706e-05
4.5584e-05
-5.09981e-05
3.658e-05
-5.24265e-05
4.64488e-05
-5.27368e-05
5.24587e-05
-5.1851e-05
5.42449e-05
-4.93395e-05
5.17104e-05
-4.49954e-05
4.59232e-05
-3.95219e-05
3.81538e-05
-3.35086e-05
2.93158e-05
-2.73266e-05
1.92769e-05
-2.16829e-05
7.30014e-06
-9.97725e-06
-1.69108e-05
-5.05022e-05
4.79956e-05
2.63795e-05
-5.19931e-05
3.80731e-05
-5.22593e-05
4.67177e-05
-5.11294e-05
5.13317e-05
-4.81573e-05
5.12766e-05
-4.352e-05
4.70768e-05
-3.77829e-05
4.01896e-05
-3.14872e-05
3.18608e-05
-2.49423e-05
2.2774e-05
-1.8589e-05
1.29278e-05
-1.33481e-05
2.05617e-06
-1.41333e-05
-9.18154e-06
-2.14041e-05
-1.93518e-05
-1.32383e-05
-3.41047e-05
-9.24844e-06
-4.45959e-05
-8.39427e-06
-5.18671e-05
-9.62469e-06
-5.60264e-05
-1.24773e-05
-5.67861e-05
-1.63906e-05
-5.47508e-05
-2.08314e-05
-4.93466e-05
-2.54316e-05
-4.03245e-05
-2.95381e-05
-2.73704e-05
-3.35159e-05
-1.28494e-05
4.32779e-06
-3.5823e-05
-1.20181e-05
-2.96231e-05
-7.43403e-06
-3.86898e-05
-6.36109e-06
-4.56707e-05
-7.70351e-06
-5.05269e-05
-1.08941e-05
-5.28393e-05
-1.51838e-05
-5.25007e-05
-2.01654e-05
-4.97744e-05
-2.53707e-05
-4.41468e-05
-3.0395e-05
-3.53064e-05
-3.47553e-05
-2.30136e-05
-3.86944e-05
-8.91717e-06
7.15868e-06
-4.15291e-05
-8.59857e-06
-3.79315e-05
-6.21408e-06
-4.10749e-05
-6.66509e-06
-4.52217e-05
-9.0941e-06
-4.81006e-05
-1.29654e-05
-4.89716e-05
-1.77708e-05
-4.76996e-05
-2.31452e-05
-4.44052e-05
-2.86602e-05
-3.86372e-05
-3.39333e-05
-3.00386e-05
-3.855e-05
-1.84052e-05
-4.26076e-05
-4.86323e-06
1.02994e-05
-4.57503e-05
-7.27427e-06
-4.47982e-05
-6.58201e-06
-4.17692e-05
-7.93419e-06
-4.387e-05
-1.08497e-05
-4.51858e-05
-1.49556e-05
-4.48667e-05
-1.98852e-05
-4.27719e-05
-2.53264e-05
-3.8966e-05
-3.08925e-05
-3.30735e-05
-3.62274e-05
-2.47067e-05
-4.09506e-05
-1.36826e-05
-4.50216e-05
-7.96596e-07
-4.81356e-05
1.34109e-05
-3.83669e-05
1.80754e-05
-4.14175e-05
3.12165e-05
-4.46171e-05
4.25268e-05
-4.78306e-05
5.03124e-05
-5.08093e-05
5.42057e-05
-5.30779e-05
5.43784e-05
-5.43745e-05
5.1803e-05
-5.41254e-05
4.70204e-05
-5.20789e-05
4.00324e-05
-4.84239e-05
3.10281e-05
-4.25711e-05
1.94433e-05
2.87958e-06
-3.34447e-05
-4.44838e-05
2.10297e-05
-4.74948e-05
3.42301e-05
-5.00729e-05
4.51147e-05
-5.1951e-05
5.21979e-05
-5.28739e-05
5.51355e-05
-5.26794e-05
5.41902e-05
-5.10739e-05
5.0203e-05
-4.75864e-05
4.35376e-05
-4.27735e-05
3.52233e-05
-3.70818e-05
2.53378e-05
-3.04548e-05
1.28079e-05
-5.33106e-06
-2.22376e-05
-4.86815e-05
2.39613e-05
-5.11142e-05
3.66662e-05
-5.25062e-05
4.6508e-05
-5.27812e-05
5.24796e-05
-5.18647e-05
5.42263e-05
-4.93172e-05
5.16503e-05
-4.49452e-05
4.58382e-05
-3.9461e-05
3.80599e-05
-3.34414e-05
2.92089e-05
-2.72567e-05
1.9154e-05
-2.16193e-05
7.17332e-06
-1.00983e-05
-1.68711e-05
-5.06134e-05
2.64387e-05
-5.20733e-05
3.81271e-05
-5.23008e-05
4.6742e-05
-5.1127e-05
5.13094e-05
-4.81119e-05
5.12149e-05
-4.34457e-05
4.69878e-05
-3.76961e-05
4.00915e-05
-3.13964e-05
3.1763e-05
-2.48507e-05
2.26661e-05
-1.85005e-05
1.28065e-05
-1.32744e-05
1.93796e-06
-1.41021e-05
-9.26213e-06
-2.13644e-05
-1.94899e-05
-1.32085e-05
-3.42072e-05
-9.23044e-06
-4.46555e-05
-8.38311e-06
-5.18852e-05
-9.61581e-06
-5.6009e-05
-1.24639e-05
-5.67377e-05
-1.63709e-05
-5.46827e-05
-2.08034e-05
-4.92705e-05
-2.53953e-05
-4.02573e-05
-2.94928e-05
-2.73318e-05
-3.34623e-05
-1.28554e-05
4.27081e-06
-3.57669e-05
-1.19756e-05
-2.97562e-05
-7.40628e-06
-3.87764e-05
-6.3414e-06
-4.57213e-05
-7.68596e-06
-5.0543e-05
-1.08725e-05
-5.2826e-05
-1.51526e-05
-5.24625e-05
-2.01214e-05
-4.97192e-05
-2.5313e-05
-4.40849e-05
-3.03249e-05
-3.52513e-05
-3.4676e-05
-2.29866e-05
-3.86063e-05
-8.92675e-06
7.10124e-06
-4.14415e-05
-8.56852e-06
-3.80514e-05
-6.19265e-06
-4.11517e-05
-6.64546e-06
-4.52697e-05
-9.07192e-06
-4.81194e-05
-1.29353e-05
-4.89664e-05
-1.77276e-05
-4.7675e-05
-2.30863e-05
-4.43658e-05
-2.85849e-05
-3.85924e-05
-3.38429e-05
-2.99993e-05
-3.84473e-05
-1.83873e-05
-4.24982e-05
-4.88257e-06
1.02459e-05
-4.5643e-05
-7.25875e-06
-4.49012e-05
-6.5651e-06
-4.18459e-05
-7.91496e-06
-4.39201e-05
-1.0825e-05
-4.52097e-05
-1.49215e-05
-4.48714e-05
-1.98365e-05
-4.27619e-05
-2.52612e-05
-3.89436e-05
-3.081e-05
-3.3046e-05
-3.61283e-05
-2.46836e-05
-4.08398e-05
-1.36784e-05
-4.49051e-05
-8.16892e-07
-4.80261e-05
1.33642e-05
-3.83123e-05
1.7988e-05
-4.1367e-05
3.11107e-05
-4.45753e-05
4.24278e-05
-4.78014e-05
5.02451e-05
-5.07908e-05
5.41861e-05
-5.30634e-05
5.44004e-05
-5.43552e-05
5.18479e-05
-5.40939e-05
4.70714e-05
-5.20343e-05
4.00742e-05
-4.83653e-05
3.1065e-05
-4.25043e-05
1.94696e-05
2.89861e-06
-3.33791e-05
-4.44015e-05
2.09492e-05
-4.74246e-05
3.41375e-05
-5.00231e-05
4.50324e-05
-5.19242e-05
5.2153e-05
-5.28639e-05
5.51323e-05
-5.26757e-05
5.42185e-05
-5.10675e-05
5.02455e-05
-4.75699e-05
4.35796e-05
-4.27445e-05
3.52547e-05
-3.70401e-05
2.53653e-05
-3.04067e-05
1.28318e-05
-5.30835e-06
-2.21917e-05
-4.85863e-05
2.38922e-05
-5.10411e-05
3.6595e-05
-5.24623e-05
4.64584e-05
-5.27645e-05
5.24611e-05
-5.18669e-05
5.42415e-05
-4.93303e-05
5.16894e-05
-4.49584e-05
4.58812e-05
-3.94631e-05
3.80919e-05
-3.34297e-05
2.9229e-05
-2.72313e-05
1.91719e-05
-2.1586e-05
7.19399e-06
-1.00738e-05
-1.68344e-05
-5.05224e-05
2.63891e-05
-5.2009e-05
3.80833e-05
-5.22698e-05
4.67213e-05
-5.11276e-05
5.13219e-05
-4.81372e-05
5.12544e-05
-4.34816e-05
4.70372e-05
-3.77293e-05
4.01319e-05
-3.14179e-05
3.17844e-05
-2.4859e-05
2.26754e-05
-1.84962e-05
1.28161e-05
-1.32613e-05
1.9572e-06
-1.407e-05
-9.252e-06
-2.13078e-05
-1.94849e-05
-1.317e-05
-3.42073e-05
-9.20272e-06
-4.46932e-05
-8.36897e-06
-5.19407e-05
-9.61531e-06
-5.6071e-05
-1.24812e-05
-5.67983e-05
-1.64051e-05
-5.47338e-05
-2.08509e-05
-4.92985e-05
-2.54518e-05
-4.02554e-05
-2.95558e-05
-2.72988e-05
-3.35273e-05
-1.27924e-05
4.35765e-06
-3.58258e-05
-1.19382e-05
-2.97437e-05
-7.39658e-06
-3.87497e-05
-6.33824e-06
-4.57536e-05
-7.69608e-06
-5.05854e-05
-1.08979e-05
-5.28729e-05
-1.51941e-05
-5.25068e-05
-2.01797e-05
-4.97536e-05
-2.53841e-05
-4.40998e-05
-3.0404e-05
-3.52418e-05
-3.47574e-05
-2.29488e-05
-3.86875e-05
-8.86911e-06
7.17781e-06
-4.15113e-05
-8.56648e-06
-3.80062e-05
-6.19681e-06
-4.11199e-05
-6.65696e-06
-4.52954e-05
-9.09532e-06
-4.81499e-05
-1.29734e-05
-4.89987e-05
-1.77812e-05
-4.77035e-05
-2.31552e-05
-4.4385e-05
-2.86657e-05
-3.85949e-05
-3.39309e-05
-2.99821e-05
-3.85376e-05
-1.83504e-05
-4.25837e-05
-4.82653e-06
1.0307e-05
-4.57147e-05
-7.27051e-06
-4.48147e-05
-6.56024e-06
-4.18325e-05
-7.93107e-06
-4.39253e-05
-1.08545e-05
-4.52274e-05
-1.49645e-05
-4.489e-05
-1.98943e-05
-4.27759e-05
-2.53325e-05
-3.89491e-05
-3.0892e-05
-3.3038e-05
-3.62166e-05
-2.46605e-05
-4.09277e-05
-1.36398e-05
-4.49867e-05
-7.71855e-07
-4.80904e-05
1.34084e-05
-3.83597e-05
1.8071e-05
-4.13993e-05
3.11728e-05
-4.45889e-05
4.24512e-05
-4.7795e-05
5.02204e-05
-5.07706e-05
5.41165e-05
-5.30419e-05
5.43068e-05
-5.43455e-05
5.17534e-05
-5.41166e-05
4.70034e-05
-5.20945e-05
4.00604e-05
-4.84648e-05
3.10803e-05
-4.26324e-05
1.95143e-05
2.95833e-06
-3.35142e-05
-4.44543e-05
2.10137e-05
-4.74551e-05
3.41764e-05
-5.00276e-05
4.50335e-05
-5.19068e-05
5.21071e-05
-5.28368e-05
5.50535e-05
-5.26559e-05
5.41323e-05
-5.10732e-05
5.01764e-05
-4.76147e-05
4.35499e-05
-4.28252e-05
3.52749e-05
-3.71543e-05
2.54111e-05
-3.05365e-05
1.28885e-05
-5.26001e-06
-2.2311e-05
-4.86357e-05
2.39351e-05
-5.10628e-05
3.66068e-05
-5.24568e-05
4.64289e-05
-5.27405e-05
5.23975e-05
-5.1839e-05
5.41595e-05
-4.93156e-05
5.16166e-05
-4.4971e-05
4.58392e-05
-3.95109e-05
3.80966e-05
-3.3511e-05
2.92805e-05
-2.73415e-05
1.92429e-05
-2.17056e-05
7.25589e-06
-1.0046e-05
-1.69383e-05
-5.05616e-05
2.64061e-05
-5.20214e-05
3.80677e-05
-5.22568e-05
4.66707e-05
-5.1099e-05
5.12434e-05
-4.81072e-05
5.11716e-05
-4.34652e-05
4.69786e-05
-3.77368e-05
4.0114e-05
-3.14553e-05
3.18181e-05
-2.49229e-05
2.27514e-05
-1.85808e-05
1.2904e-05
-1.33491e-05
2.01567e-06
-1.4156e-05
-9.2295e-06
-2.14265e-05
-1.94091e-05
-1.32549e-05
-3.41291e-05
-9.25636e-06
-4.45879e-05
-8.38743e-06
-5.18346e-05
-9.59885e-06
-5.59841e-05
-1.24242e-05
-5.67483e-05
-1.63099e-05
-5.47272e-05
-2.07273e-05
-4.93521e-05
-2.53111e-05
-4.03637e-05
-2.94029e-05
-2.7447e-05
-3.33645e-05
-1.29788e-05
4.15398e-06
-1.20277e-05
-2.96963e-05
-7.43635e-06
-3.87202e-05
-6.35131e-06
-4.56736e-05
-7.67517e-06
-5.05129e-05
-1.08423e-05
-5.28202e-05
-1.51053e-05
-5.249e-05
-2.00585e-05
-4.97792e-05
-2.524e-05
-4.41766e-05
-3.02468e-05
-3.53629e-05
-3.45947e-05
-2.31051e-05
-3.85212e-05
-9.05399e-06
6.9893e-06
-8.60548e-06
-3.8021e-05
-6.20941e-06
-4.11154e-05
-6.64501e-06
-4.5239e-05
-9.05583e-06
-4.81047e-05
-1.29047e-05
-4.89749e-05
-1.76849e-05
-4.77145e-05
-2.30324e-05
-4.4437e-05
-2.85242e-05
-3.86908e-05
-3.37798e-05
-3.01135e-05
-3.83834e-05
-1.85067e-05
-4.24335e-05
-5.01044e-06
1.01397e-05
-7.2804e-06
-4.49025e-05
-6.57477e-06
-4.18214e-05
-7.91187e-06
-4.39019e-05
-1.08101e-05
-4.52068e-05
-1.48961e-05
-4.48902e-05
-1.98032e-05
-4.28091e-05
-2.52211e-05
-3.90215e-05
-3.07666e-05
-3.31476e-05
-3.60853e-05
-2.47974e-05
-4.07987e-05
-1.37961e-05
-4.48667e-05
-9.41895e-07
1.32666e-05
-5.03374e-05
2.82088e-05
4.8507e-05
-5.09348e-05
3.86718e-05
-4.99248e-05
4.571e-05
-4.70307e-05
4.84409e-05
-4.25105e-05
4.67608e-05
-3.69158e-05
4.14871e-05
-3.06806e-05
3.39588e-05
-2.41582e-05
2.53426e-05
-1.75303e-05
1.61505e-05
-1.10087e-05
6.41099e-06
-5.00601e-06
-3.93583e-06
-1.41727e-05
-4.84046e-05
2.92071e-05
4.74075e-05
-4.779e-05
3.80581e-05
-4.54078e-05
4.33285e-05
-4.1407e-05
4.4441e-05
-3.62194e-05
4.15746e-05
-3.03286e-05
3.55981e-05
-2.41305e-05
2.77623e-05
-1.78832e-05
1.90971e-05
-1.18237e-05
1.00941e-05
-6.35165e-06
9.44001e-07
-2.07599e-06
-8.20327e-06
-1.62314e-05
-4.46351e-05
2.92055e-05
4.46362e-05
-4.29806e-05
3.64036e-05
-3.97441e-05
4.00927e-05
-3.52029e-05
3.99007e-05
-2.9827e-05
3.62007e-05
-2.40712e-05
2.98445e-05
-1.82738e-05
2.19666e-05
-1.26963e-05
1.3522e-05
-7.63282e-06
5.03302e-06
-3.47655e-06
-3.20724e-06
-7.34065e-07
-1.0935e-05
-1.69425e-05
-3.98278e-05
2.83054e-05
4.07285e-05
-3.73946e-05
3.39706e-05
-3.36169e-05
3.63146e-05
-2.88713e-05
3.51553e-05
-2.36158e-05
3.09457e-05
-1.82582e-05
2.44876e-05
-1.3115e-05
1.68243e-05
-8.46079e-06
8.86834e-06
-4.54473e-06
1.11915e-06
-1.62596e-06
-6.12236e-06
-6.33905e-11
-1.25532e-05
-1.69341e-05
-3.4559e-05
2.66131e-05
3.62504e-05
-3.15251e-05
3.09357e-05
-2.74301e-05
3.22194e-05
-2.26871e-05
3.04118e-05
-1.77281e-05
2.59877e-05
-1.2933e-05
1.96937e-05
-8.58762e-06
1.24795e-05
-4.93113e-06
5.21373e-06
-2.1162e-06
-1.69507e-06
-2.27737e-07
-8.00746e-06
6.238e-07
-1.3398e-05
-1.62881e-05
-2.92468e-05
2.42293e-05
3.1631e-05
-2.57421e-05
2.74312e-05
-2.14615e-05
2.79388e-05
-1.683e-05
2.57809e-05
-1.22648e-05
2.14234e-05
-8.10425e-06
1.55342e-05
-4.57682e-06
8.95291e-06
-1.86848e-06
2.50601e-06
-3.22085e-08
-3.53052e-06
9.78708e-07
-9.01612e-06
1.16636e-06
-1.35798e-05
-1.51172e-05
-2.42088e-05
2.1237e-05
2.72005e-05
-2.03169e-05
2.35389e-05
-1.59208e-05
2.35426e-05
-1.14483e-05
2.13085e-05
-7.29512e-06
1.7271e-05
-3.75038e-06
1.19894e-05
-9.7338e-07
6.17809e-06
8.99156e-07
6.33265e-07
1.88479e-06
-4.51347e-06
2.11037e-06
-9.23988e-06
1.6706e-06
-1.31352e-05
-1.34296e-05
-1.96724e-05
1.7716e-05
2.31934e-05
-1.54535e-05
1.93206e-05
-1.09678e-05
1.90582e-05
-6.64211e-06
1.69839e-05
-2.85321e-06
1.34838e-05
1.59007e-07
8.98019e-06
2.3019e-06
4.03595e-06
3.47053e-06
-5.31908e-07
3.71835e-06
-4.76181e-06
3.21084e-06
-8.72997e-06
2.12474e-06
-1.20446e-05
-1.12988e-05
-1.57753e-05
1.37493e-05
1.97487e-05
-1.12688e-05
1.48165e-05
-6.68684e-06
1.44764e-05
-2.45502e-06
1.27545e-05
1.06155e-06
9.96873e-06
3.65882e-06
6.37646e-06
5.3039e-06
2.40131e-06
5.89347e-06
-1.134e-06
5.50466e-06
-4.35807e-06
4.29356e-06
-7.52275e-06
2.51457e-06
-1.02569e-05
-8.77972e-06
-1.25376e-05
9.40719e-06
1.68865e-05
-7.77005e-06
1.00556e-05
-3.06338e-06
9.77417e-06
1.14868e-06
8.54631e-06
4.50676e-06
6.61116e-06
6.81943e-06
4.06419e-06
8.09022e-06
1.13273e-06
8.20706e-06
-1.25083e-06
7.25716e-06
-3.40216e-06
5.36133e-06
-5.62378e-06
2.82282e-06
-7.71319e-06
-5.95154e-06
-9.7612e-06
4.77402e-06
1.44053e-05
-4.76407e-06
5.07482e-06
1.0098e-07
4.9218e-06
4.36399e-06
4.29257e-06
7.68357e-06
3.29513e-06
9.81311e-06
1.93529e-06
1.07768e-05
1.7576e-07
1.04494e-05
-9.23999e-07
8.98722e-06
-1.93099e-06
6.41742e-06
-3.0497e-06
3.03514e-06
-4.32415e-06
-2.90409e-06
-6.57359e-06
1.1349e-05
-1.49618e-06
3.42773e-06
7.72113e-06
1.10162e-05
1.29529e-05
1.31283e-05
1.22058e-05
1.02754e-05
7.22663e-06
2.90409e-06
-5.67993e-06
-3.91316e-05
-7.19811e-06
-4.02543e-05
-9.22206e-06
-4.18477e-05
-1.24133e-05
-4.1996e-05
-1.6574e-05
-4.07076e-05
-2.14395e-05
-3.79085e-05
-2.67553e-05
-3.36525e-05
-3.2183e-05
-2.76486e-05
-3.73881e-05
-1.95041e-05
-4.20077e-05
-9.06799e-06
-4.58592e-05
3.05353e-06
1.61556e-05
-4.86047e-05
-5.39466e-06
-3.37457e-05
-7.80693e-06
-3.78446e-05
-1.02917e-05
-3.93632e-05
-1.36488e-05
-3.86384e-05
-1.77741e-05
-3.6582e-05
-2.24636e-05
-3.32188e-05
-2.75127e-05
-2.86036e-05
-3.26335e-05
-2.25277e-05
-3.75097e-05
-1.46285e-05
-4.17912e-05
-4.78533e-06
-4.52176e-05
6.47777e-06
1.83962e-05
-4.74596e-05
-5.35188e-06
-2.84119e-05
-8.27199e-06
-3.49283e-05
-1.11032e-05
-3.65339e-05
-1.45619e-05
-3.51803e-05
-1.85972e-05
-3.25471e-05
-2.3037e-05
-2.87796e-05
-2.77084e-05
-2.39331e-05
-3.23716e-05
-1.78655e-05
-3.67282e-05
-1.02727e-05
-4.04367e-05
-1.07931e-06
-4.31897e-05
9.23067e-06
1.98375e-05
-4.46313e-05
-5.37527e-06
-2.30431e-05
-8.64131e-06
-3.16646e-05
-1.16963e-05
-3.34783e-05
-1.52046e-05
-3.1671e-05
-1.91136e-05
-2.86369e-05
-2.32577e-05
-2.46345e-05
-2.74761e-05
-1.97135e-05
-3.15658e-05
-1.37748e-05
-3.52545e-05
-6.58339e-06
-3.8213e-05
1.88089e-06
-4.01257e-05
1.11422e-05
2.03896e-05
-4.06787e-05
-5.36034e-06
-1.76991e-05
-8.86959e-06
-2.81581e-05
-1.20983e-05
-3.02515e-05
-1.56289e-05
-2.81402e-05
-1.93939e-05
-2.48717e-05
-2.32219e-05
-2.08064e-05
-2.69535e-05
-1.5982e-05
-3.04071e-05
-1.03218e-05
-3.33445e-05
-3.64626e-06
-3.5465e-05
3.99958e-06
-3.64842e-05
1.21616e-05
2.00723e-05
-3.61669e-05
-5.28308e-06
-1.24209e-05
-8.94163e-06
-2.45009e-05
-1.23237e-05
-2.68688e-05
-1.58742e-05
-2.45879e-05
-1.94999e-05
-2.12443e-05
-2.30153e-05
-1.72894e-05
-2.62616e-05
-1.27342e-05
-2.90704e-05
-7.51177e-06
-3.12419e-05
-1.47369e-06
-3.25145e-05
5.27395e-06
-3.26571e-05
1.23029e-05
1.89385e-05
-3.15245e-05
-5.00693e-06
-7.42329e-06
-8.80299e-06
-2.07059e-05
-1.23639e-05
-2.33077e-05
-1.59599e-05
-2.09923e-05
-1.94769e-05
-1.77267e-05
-2.2708e-05
-1.40575e-05
-2.55014e-05
-9.9413e-06
-2.77001e-05
-5.31237e-06
-2.91452e-05
-2.95973e-08
-2.96217e-05
5.75003e-06
-2.89524e-05
1.16334e-05
1.70655e-05
-2.70799e-05
-4.55454e-06
-2.86774e-06
-8.39293e-06
-1.68677e-05
-1.21888e-05
-1.95126e-05
-1.58809e-05
-1.72979e-05
-1.93445e-05
-1.42606e-05
-2.23454e-05
-1.10551e-05
-2.47464e-05
-7.53763e-06
-2.64054e-05
-3.6528e-06
-2.72028e-05
7.69803e-07
-2.69742e-05
5.52209e-06
-2.55889e-05
1.02476e-05
1.45402e-05
-2.30648e-05
-3.72103e-06
8.49035e-07
-7.6041e-06
-1.29843e-05
-1.17369e-05
-1.53719e-05
-1.56039e-05
-1.34365e-05
-1.90885e-05
-1.0776e-05
-2.19343e-05
-8.20563e-06
-2.40284e-05
-5.4492e-06
-2.52413e-05
-2.43236e-06
-2.54965e-05
1.01857e-06
-2.46786e-05
4.71127e-06
-2.26916e-05
8.26041e-06
1.14637e-05
-1.96158e-05
-2.28522e-06
3.13942e-06
-6.27761e-06
-8.98591e-06
-1.0913e-05
-1.07325e-05
-1.5055e-05
-9.29625e-06
-1.86374e-05
-7.19101e-06
-2.14135e-05
-5.42783e-06
-2.32992e-05
-3.56197e-06
-2.41845e-05
-1.54347e-06
-2.40162e-05
8.52383e-07
-2.27409e-05
3.44251e-06
-2.0274e-05
5.79759e-06
7.94058e-06
-1.6751e-05
6.09968e-08
3.09041e-06
-4.17631e-06
-4.73804e-06
-9.53337e-06
-5.3626e-06
-1.40299e-05
-4.79914e-06
-1.77308e-05
-3.48563e-06
-2.05082e-05
-2.64526e-06
-2.23057e-05
-1.76103e-06
-2.30141e-05
-8.2646e-07
-2.25624e-05
4.06398e-07
-2.09583e-05
1.85073e-06
-1.81379e-05
2.9848e-06
4.06997e-06
-1.42663e-05
3.09351e-06
-1.64156e-06
-7.00411e-06
-1.18023e-05
-1.52868e-05
-1.79316e-05
-1.96908e-05
-2.05164e-05
-2.01073e-05
-1.8255e-05
-1.527e-05
-1.12001e-05
-5.04083e-05
2.82425e-05
-5.09708e-05
3.86912e-05
-4.99134e-05
4.56839e-05
-4.69741e-05
4.83738e-05
-4.24223e-05
4.66671e-05
-3.68106e-05
4.13801e-05
-3.057e-05
3.38546e-05
-2.40481e-05
2.52452e-05
-1.74254e-05
1.60474e-05
-1.09194e-05
6.30241e-06
-4.94784e-06
-4.02807e-06
-1.42113e-05
-4.84241e-05
2.9207e-05
-4.77673e-05
3.80347e-05
-4.53445e-05
4.32647e-05
-4.13121e-05
4.43422e-05
-3.61041e-05
4.14599e-05
-3.0205e-05
3.54814e-05
-2.40069e-05
2.76573e-05
-1.77642e-05
1.90038e-05
-1.1717e-05
1.00027e-05
-6.27167e-06
8.60201e-07
-2.04168e-06
-8.25777e-06
-1.62432e-05
-4.46018e-05
2.91777e-05
-4.2915e-05
3.63484e-05
-3.96484e-05
3.9997e-05
-3.50855e-05
3.97797e-05
-2.96984e-05
3.60737e-05
-2.39406e-05
2.97242e-05
-1.81471e-05
2.18648e-05
-1.25785e-05
1.34372e-05
-7.5326e-06
4.95873e-06
-3.40578e-06
-3.26452e-06
-7.01852e-07
-1.0956e-05
-1.69362e-05
-3.97564e-05
2.82552e-05
-3.72996e-05
3.38915e-05
-3.35019e-05
3.61999e-05
-2.87449e-05
3.50226e-05
-2.34856e-05
3.08136e-05
-1.81307e-05
2.43688e-05
-1.29951e-05
1.6729e-05
-8.35297e-06
8.79538e-06
-4.45628e-06
1.06381e-06
-1.56379e-06
-6.15479e-06
3.053e-08
-1.2548e-05
-1.69e-05
-3.44614e-05
2.65498e-05
-3.14131e-05
3.08433e-05
-2.73085e-05
3.20954e-05
-2.25628e-05
3.02749e-05
-1.76059e-05
2.58564e-05
-1.28179e-05
1.95805e-05
-8.48282e-06
1.2394e-05
-4.84004e-06
5.1544e-06
-2.04343e-06
-1.73233e-06
-1.76964e-07
-8.01964e-06
6.49848e-07
-1.33708e-05
-1.62366e-05
-2.91338e-05
2.41585e-05
-2.56238e-05
2.7333e-05
-2.13432e-05
2.78135e-05
-1.67164e-05
2.56483e-05
-1.21589e-05
2.12986e-05
-8.00897e-06
1.54307e-05
-4.49374e-06
8.87895e-06
-1.79922e-06
2.4605e-06
2.12496e-08
-3.55185e-06
1.01531e-06
-9.01214e-06
1.18516e-06
-1.35374e-05
-1.50472e-05
-2.40888e-05
2.11669e-05
-2.02005e-05
2.34444e-05
-1.58126e-05
2.34264e-05
-1.13519e-05
2.11862e-05
-7.21116e-06
1.7158e-05
-3.68006e-06
1.18982e-05
-9.16294e-07
6.11697e-06
9.43265e-07
6.00603e-07
1.91621e-06
-4.52239e-06
2.13045e-06
-9.22493e-06
1.68124e-06
-1.30842e-05
-1.33528e-05
-1.95514e-05
1.7653e-05
-1.53439e-05
1.92368e-05
-1.08742e-05
1.8956e-05
-6.56638e-06
1.68788e-05
-2.79416e-06
1.33864e-05
2.02024e-07
8.90383e-06
2.33112e-06
3.98749e-06
3.48811e-06
-5.53614e-07
3.72655e-06
-4.76185e-06
3.21343e-06
-8.70959e-06
2.12579e-06
-1.19928e-05
-1.12209e-05
-1.56567e-05
1.36934e-05
-1.11687e-05
1.47489e-05
-6.60879e-06
1.43965e-05
-2.40076e-06
1.26701e-05
1.09584e-06
9.89255e-06
3.67473e-06
6.31577e-06
5.30587e-06
2.3668e-06
5.88522e-06
-1.14634e-06
5.49022e-06
-4.35267e-06
4.27917e-06
-7.50102e-06
2.50577e-06
-1.02117e-05
-8.7102e-06
-1.24212e-05
9.36341e-06
-7.67862e-06
1.00067e-05
-2.99989e-06
9.71739e-06
1.18381e-06
8.48672e-06
4.51841e-06
6.55752e-06
6.81083e-06
4.02118e-06
8.06709e-06
1.11085e-06
8.17511e-06
-1.25616e-06
7.22239e-06
-3.39474e-06
5.33126e-06
-5.60578e-06
2.80479e-06
-7.67988e-06
-5.8979e-06
-9.6457e-06
4.74285e-06
-4.67915e-06
5.0405e-06
1.52783e-07
4.88495e-06
4.38323e-06
4.25707e-06
7.67593e-06
3.26515e-06
9.78256e-06
1.9102e-06
1.0731e-05
1.64697e-07
1.03966e-05
-9.25371e-07
8.93523e-06
-1.9257e-06
6.37419e-06
-3.03929e-06
3.007e-06
-4.30482e-06
-2.87439e-06
-6.45714e-06
-1.41674e-06
3.46835e-06
7.72566e-06
1.09898e-05
1.29006e-05
1.30643e-05
1.21402e-05
1.02153e-05
7.17703e-06
2.87439e-06
-5.66879e-06
-3.92409e-05
-7.1836e-06
-4.03328e-05
-9.20361e-06
-4.19012e-05
-1.23888e-05
-4.2026e-05
-1.65401e-05
-4.07221e-05
-2.13918e-05
-3.79126e-05
-2.66916e-05
-3.36465e-05
-3.21028e-05
-2.76377e-05
-3.72926e-05
-1.94968e-05
-4.1901e-05
-9.07232e-06
-4.57519e-05
3.03033e-06
1.61215e-05
-4.85089e-05
-5.3871e-06
-3.38602e-05
-7.79451e-06
-3.79272e-05
-1.02754e-05
-3.942e-05
-1.36273e-05
-3.86739e-05
-1.77444e-05
-3.66048e-05
-2.24222e-05
-3.3235e-05
-2.74571e-05
-2.86117e-05
-3.25637e-05
-2.25312e-05
-3.74269e-05
-1.46335e-05
-4.1701e-05
-4.79847e-06
-4.51283e-05
6.45865e-06
1.83769e-05
-4.73848e-05
-5.34597e-06
-2.85288e-05
-8.26264e-06
-3.50135e-05
-1.1091e-05
-3.65932e-05
-1.45458e-05
-3.52201e-05
-1.8575e-05
-3.25764e-05
-2.30059e-05
-2.8805e-05
-2.7666e-05
-2.39525e-05
-3.23182e-05
-1.78801e-05
-3.6666e-05
-1.02866e-05
-4.03707e-05
-1.09467e-06
-4.31294e-05
9.21615e-06
1.98356e-05
-4.4588e-05
-5.37284e-06
-2.31622e-05
-8.63631e-06
-3.17518e-05
-1.169e-05
-3.35393e-05
-1.51962e-05
-3.17132e-05
-1.91012e-05
-2.86707e-05
-2.32395e-05
-2.46656e-05
-2.74505e-05
-1.97405e-05
-3.15328e-05
-1.37964e-05
-3.5217e-05
-6.60116e-06
-3.81761e-05
1.86558e-06
-4.00962e-05
1.11374e-05
2.04043e-05
-4.06651e-05
-5.36143e-06
-1.78146e-05
-8.87011e-06
-2.82457e-05
-1.20992e-05
-3.03122e-05
-1.56298e-05
-2.8183e-05
-1.93929e-05
-2.49076e-05
-2.32183e-05
-2.08405e-05
-2.69462e-05
-1.60127e-05
-3.03961e-05
-1.03467e-05
-3.33326e-05
-3.665e-06
-3.54562e-05
3.9888e-06
-3.64835e-05
1.21638e-05
2.00996e-05
-3.61785e-05
-5.2888e-06
-1.2531e-05
-8.94854e-06
-2.45875e-05
-1.23328e-05
-2.69277e-05
-1.58855e-05
-2.46291e-05
-1.95116e-05
-2.128e-05
-2.30271e-05
-1.73234e-05
-2.62729e-05
-1.27648e-05
-2.90814e-05
-7.53642e-06
-3.12542e-05
-1.49027e-06
-3.25312e-05
5.26674e-06
-3.26798e-05
1.2314e-05
1.89746e-05
-3.15558e-05
-5.01789e-06
-7.52121e-06
-8.81709e-06
-2.07897e-05
-1.2382e-05
-2.33626e-05
-1.59823e-05
-2.10299e-05
-1.95018e-05
-1.77602e-05
-2.27355e-05
-1.40894e-05
-2.55309e-05
-9.9697e-06
-2.77318e-05
-5.33459e-06
-2.91799e-05
-4.33578e-08
-2.96602e-05
5.74785e-06
-2.89951e-05
1.1648e-05
1.71066e-05
-2.71264e-05
-4.56801e-06
-2.9558e-06
-8.41464e-06
-1.69438e-05
-1.22164e-05
-1.95619e-05
-1.59149e-05
-1.73289e-05
-1.93829e-05
-1.42902e-05
-2.23885e-05
-1.10821e-05
-2.47933e-05
-7.56207e-06
-2.64562e-05
-3.67061e-06
-2.72572e-05
7.59647e-07
-2.70321e-05
5.52304e-06
-2.5648e-05
1.02656e-05
1.45811e-05
-2.31233e-05
-3.73831e-06
7.81619e-07
-7.6341e-06
-1.30505e-05
-1.17741e-05
-1.54113e-05
-1.565e-05
-1.34615e-05
-1.91402e-05
-1.07983e-05
-2.19928e-05
-8.22796e-06
-2.40915e-05
-5.46791e-06
-2.53095e-05
-2.44598e-06
-2.55682e-05
1.01163e-06
-2.47527e-05
4.71495e-06
-2.27644e-05
8.27761e-06
1.15007e-05
-1.96836e-05
-2.30622e-06
3.08833e-06
-6.3159e-06
-9.03676e-06
-1.09609e-05
-1.07612e-05
-1.51128e-05
-9.31157e-06
-1.87026e-05
-7.20626e-06
-2.14864e-05
-5.44354e-06
-2.33778e-05
-3.57514e-06
-2.42684e-05
-1.55234e-06
-2.41032e-05
8.47536e-07
-2.2829e-05
3.44711e-06
-2.03582e-05
5.81184e-06
7.96861e-06
-1.68263e-05
3.55603e-08
3.05656e-06
-4.22401e-06
-4.76987e-06
-9.59334e-06
-5.37631e-06
-1.41003e-05
-4.80464e-06
-1.78099e-05
-3.49255e-06
-2.05958e-05
-2.65429e-06
-2.23996e-05
-1.76834e-06
-2.31132e-05
-8.31531e-07
-2.2664e-05
4.02125e-07
-2.10594e-05
1.85472e-06
-1.82324e-05
2.99359e-06
4.08596e-06
-1.43484e-05
3.05845e-06
-1.70779e-06
-7.08425e-06
-1.1888e-05
-1.53798e-05
-1.80336e-05
-1.98005e-05
-2.06315e-05
-2.02268e-05
-1.83703e-05
-1.53764e-05
-1.12904e-05
-5.03333e-05
2.82133e-05
-5.09263e-05
3.86772e-05
-4.99061e-05
4.5703e-05
-4.70003e-05
4.84191e-05
-4.24691e-05
4.67267e-05
-3.68642e-05
4.14359e-05
-3.06193e-05
3.38909e-05
-2.40873e-05
2.5257e-05
-1.74533e-05
1.6048e-05
-1.09369e-05
6.30647e-06
-4.95767e-06
-4.00954e-06
-1.41937e-05
-4.83753e-05
2.92038e-05
-4.77534e-05
3.80552e-05
-4.5365e-05
4.33149e-05
-4.13587e-05
4.44127e-05
-3.61656e-05
4.15337e-05
-3.02698e-05
3.55401e-05
-2.40672e-05
2.76888e-05
-1.78161e-05
1.90081e-05
-1.17592e-05
9.99552e-06
-6.30131e-06
8.55851e-07
-2.05235e-06
-8.24837e-06
-1.62259e-05
-4.4584e-05
2.91993e-05
-4.2927e-05
3.63979e-05
-3.96876e-05
4.00751e-05
-3.51439e-05
3.98691e-05
-2.97665e-05
3.61562e-05
-2.40095e-05
2.97832e-05
-1.82121e-05
2.18922e-05
-1.2637e-05
1.34348e-05
-7.58188e-06
4.94496e-06
-3.441e-06
-3.27887e-06
-7.1772e-07
-1.09599e-05
-1.69189e-05
-3.97641e-05
2.82979e-05
-3.73305e-05
3.39631e-05
-3.35522e-05
3.62959e-05
-2.88069e-05
3.51223e-05
-2.35526e-05
3.09006e-05
-1.8197e-05
2.44263e-05
-1.30584e-05
1.67527e-05
-8.41066e-06
8.78804e-06
-4.50569e-06
1.0428e-06
-1.59959e-06
-6.17972e-06
1.3212e-08
-1.25635e-05
-1.68951e-05
-3.44885e-05
2.66067e-05
-3.14555e-05
3.09288e-05
-2.73622e-05
3.22003e-05
-2.26211e-05
3.03801e-05
-1.76657e-05
2.59435e-05
-1.28756e-05
1.9635e-05
-8.53801e-06
1.24148e-05
-4.89069e-06
5.14113e-06
-2.08695e-06
-1.75789e-06
-2.08602e-07
-8.05419e-06
6.33299e-07
-1.33986e-05
-1.62379e-05
-2.91744e-05
2.42248e-05
-2.56716e-05
2.74248e-05
-2.13937e-05
2.79215e-05
-1.67662e-05
2.57514e-05
-1.22067e-05
2.13831e-05
-8.05312e-06
1.54804e-05
-4.53604e-06
8.89728e-06
-1.83728e-06
2.44269e-06
-1.23647e-08
-3.58083e-06
9.90795e-07
-9.05458e-06
1.17211e-06
-1.35729e-05
-1.5061e-05
-2.41383e-05
2.1235e-05
-2.0249e-05
2.35341e-05
-1.58567e-05
2.35277e-05
-1.13899e-05
2.1283e-05
-7.24408e-06
1.72353e-05
-3.70727e-06
1.19431e-05
-9.42578e-07
6.13097e-06
9.2115e-07
5.81101e-07
1.89477e-06
-4.55391e-06
2.11503e-06
-9.27044e-06
1.67149e-06
-1.31247e-05
-1.33712e-05
-1.96064e-05
1.77179e-05
-1.53909e-05
1.9318e-05
-1.09096e-05
1.90452e-05
-6.59132e-06
1.69645e-05
-2.81061e-06
1.34545e-05
1.92804e-07
8.93904e-06
2.32261e-06
4.00272e-06
3.48282e-06
-5.79814e-07
3.71826e-06
-4.78548e-06
3.20729e-06
-8.75823e-06
2.12003e-06
-1.20327e-05
-1.12444e-05
-1.57154e-05
1.3748e-05
-1.1213e-05
1.48155e-05
-6.63496e-06
1.44697e-05
-2.41254e-06
1.2739e-05
1.09462e-06
9.94367e-06
3.68494e-06
6.35255e-06
5.31225e-06
2.36518e-06
5.89907e-06
-1.15347e-06
5.49157e-06
-4.38963e-06
4.28261e-06
-7.53463e-06
2.50331e-06
-1.02487e-05
-8.73008e-06
-1.24823e-05
9.40342e-06
-7.71973e-06
1.00551e-05
-3.01792e-06
9.76978e-06
1.18379e-06
8.53515e-06
4.53245e-06
6.59316e-06
6.8357e-06
4.04733e-06
8.09059e-06
1.10828e-06
8.20104e-06
-1.26198e-06
7.23486e-06
-3.42286e-06
5.34009e-06
-5.63054e-06
2.80616e-06
-7.70694e-06
-5.9101e-06
-9.70932e-06
4.76477e-06
-4.71789e-06
5.06842e-06
1.41361e-07
4.91561e-06
4.39285e-06
4.28084e-06
7.70129e-06
3.28068e-06
9.82076e-06
1.92535e-06
1.07671e-05
1.559e-07
1.04328e-05
-9.23671e-07
8.95462e-06
-1.94429e-06
6.38585e-06
-3.05047e-06
3.00989e-06
-4.3189e-06
-2.87073e-06
-6.52474e-06
-1.45515e-06
3.4599e-06
7.73987e-06
1.10202e-05
1.29443e-05
1.31011e-05
1.21772e-05
1.02347e-05
7.18575e-06
2.87073e-06
-5.666e-06
-3.9162e-05
-7.19307e-06
-4.03088e-05
-9.22337e-06
-4.18968e-05
-1.24201e-05
-4.20324e-05
-1.65835e-05
-4.07285e-05
-2.1448e-05
-3.79137e-05
-2.67597e-05
-3.36401e-05
-3.21796e-05
-2.76211e-05
-3.73736e-05
-1.94691e-05
-4.19807e-05
-9.03776e-06
-4.58212e-05
3.06729e-06
1.61456e-05
-4.85591e-05
-5.39044e-06
-3.37825e-05
-7.80628e-06
-3.78961e-05
-1.02962e-05
-3.94075e-05
-1.36575e-05
-3.86709e-05
-1.77847e-05
-3.66014e-05
-2.2473e-05
-3.32256e-05
-2.75177e-05
-2.8596e-05
-3.26308e-05
-2.25082e-05
-3.74963e-05
-1.46043e-05
-4.17664e-05
-4.76668e-06
-4.51835e-05
6.48226e-06
1.83813e-05
-4.74204e-05
-5.35152e-06
-2.845e-05
-8.27509e-06
-3.49768e-05
-1.11105e-05
-3.65742e-05
-1.45728e-05
-3.52095e-05
-1.86098e-05
-3.25652e-05
-2.30487e-05
-2.87876e-05
-2.77161e-05
-2.39297e-05
-3.23725e-05
-1.78531e-05
-3.67202e-05
-1.02576e-05
-4.04194e-05
-1.06992e-06
-4.31659e-05
9.22857e-06
1.9821e-05
-4.46057e-05
-5.37863e-06
-2.30808e-05
-8.64775e-06
-3.17107e-05
-1.17066e-05
-3.35152e-05
-1.52183e-05
-3.16972e-05
-1.91289e-05
-2.86537e-05
-2.32726e-05
-2.46432e-05
-2.74881e-05
-1.97134e-05
-3.15724e-05
-1.37681e-05
-3.52544e-05
-6.57515e-06
-3.82064e-05
1.88374e-06
-4.01151e-05
1.11362e-05
2.03735e-05
-4.06685e-05
-5.36626e-06
-1.77329e-05
-8.8791e-06
-2.82011e-05
-1.21117e-05
-3.02849e-05
-1.56458e-05
-2.81634e-05
-1.94126e-05
-2.48869e-05
-2.32408e-05
-2.08153e-05
-2.69706e-05
-1.5984e-05
-3.04205e-05
-1.03191e-05
-3.33533e-05
-3.64274e-06
-3.54698e-05
3.99835e-06
-3.64872e-05
1.21539e-05
2.00579e-05
-3.61714e-05
-5.29158e-06
-1.24507e-05
-8.95415e-06
-2.45408e-05
-1.23403e-05
-2.68986e-05
-1.58946e-05
-2.46076e-05
-1.95224e-05
-2.12577e-05
-2.30386e-05
-1.72977e-05
-2.62841e-05
-1.27373e-05
-2.90907e-05
-7.51136e-06
-3.12595e-05
-1.47302e-06
-3.25302e-05
5.27092e-06
-3.26725e-05
1.22949e-05
1.89262e-05
-3.15419e-05
-5.01761e-06
-7.44615e-06
-8.81843e-06
-2.0742e-05
-1.23836e-05
-2.33335e-05
-1.5984e-05
-2.10085e-05
-1.95032e-05
-1.7738e-05
-2.27359e-05
-1.40649e-05
-2.55291e-05
-9.9446e-06
-2.77271e-05
-5.31322e-06
-2.91707e-05
-3.02513e-08
-2.9647e-05
5.74635e-06
-2.89783e-05
1.16263e-05
1.70556e-05
-2.7108e-05
-4.5662e-06
-2.88599e-06
-8.41106e-06
-1.68986e-05
-1.22116e-05
-1.95348e-05
-1.59086e-05
-1.73095e-05
-1.93746e-05
-1.42703e-05
-2.23777e-05
-1.10604e-05
-2.47789e-05
-7.5413e-06
-2.64382e-05
-3.65328e-06
-2.7235e-05
7.68124e-07
-2.70073e-05
5.51953e-06
-2.56232e-05
1.02418e-05
1.45328e-05
-2.31012e-05
-3.7335e-06
8.40775e-07
-7.62466e-06
-1.30101e-05
-1.17624e-05
-1.53878e-05
-1.56354e-05
-1.34455e-05
-1.9122e-05
-1.07816e-05
-2.1971e-05
-8.21076e-06
-2.40649e-05
-5.45098e-06
-2.52792e-05
-2.43382e-06
-2.55337e-05
1.01795e-06
-2.47178e-05
4.70871e-06
-2.27322e-05
8.25629e-06
1.14587e-05
-1.96585e-05
-2.29787e-06
3.13352e-06
-6.29949e-06
-9.00556e-06
-1.09412e-05
-1.0744e-05
-1.50893e-05
-9.30076e-06
-1.86745e-05
-7.19459e-06
-2.14535e-05
-5.43118e-06
-2.33395e-05
-3.56363e-06
-2.42261e-05
-1.54447e-06
-2.40575e-05
8.51411e-07
-2.27844e-05
3.44085e-06
-2.03192e-05
5.7944e-06
7.93764e-06
-1.67981e-05
4.88744e-08
3.07916e-06
-4.19921e-06
-4.7543e-06
-9.56448e-06
-5.3707e-06
-1.40674e-05
-4.80094e-06
-1.77714e-05
-3.48717e-06
-2.05516e-05
-2.64806e-06
-2.23498e-05
-1.76258e-06
-2.30589e-05
-8.28275e-07
-2.26074e-05
4.05149e-07
-2.10057e-05
1.84906e-06
-1.8187e-05
2.98201e-06
4.06867e-06
-1.4317e-05
3.07989e-06
-1.6724e-06
-7.0442e-06
-1.18444e-05
-1.53309e-05
-1.79785e-05
-1.97397e-05
-2.05671e-05
-2.01598e-05
-1.83095e-05
-1.53272e-05
-1.12585e-05
-5.03599e-05
2.82072e-05
-5.0927e-05
3.86364e-05
-4.98834e-05
4.56264e-05
-4.69647e-05
4.83283e-05
-4.24346e-05
4.66458e-05
-3.68418e-05
4.13899e-05
-3.06167e-05
3.38928e-05
-2.41063e-05
2.53122e-05
-1.74883e-05
1.61377e-05
-1.09763e-05
6.39436e-06
-4.98349e-06
-3.97069e-06
-1.4213e-05
-4.83866e-05
2.91733e-05
-4.77398e-05
3.79899e-05
-4.53329e-05
4.32231e-05
-4.1319e-05
4.43154e-05
-3.61282e-05
4.14559e-05
-3.02425e-05
3.55048e-05
-2.40543e-05
2.77056e-05
-1.78166e-05
1.90761e-05
-1.17661e-05
1.009e-05
-6.30715e-06
9.39118e-07
-2.05714e-06
-8.21941e-06
-1.62583e-05
-4.45807e-05
2.91485e-05
-4.29046e-05
3.63143e-05
-3.96524e-05
3.99698e-05
-3.51045e-05
3.97679e-05
-2.973e-05
3.60824e-05
-2.39809e-05
2.97567e-05
-1.81924e-05
2.19183e-05
-1.26231e-05
1.3509e-05
-7.56865e-06
5.03789e-06
-3.42738e-06
-3.19949e-06
-7.09643e-07
-1.09304e-05
-1.69577e-05
-3.97517e-05
2.82316e-05
-3.73045e-05
3.38671e-05
-3.35185e-05
3.61843e-05
-2.87725e-05
3.50218e-05
-2.35216e-05
3.08309e-05
-1.81717e-05
2.44064e-05
-1.30369e-05
1.67835e-05
-8.39004e-06
8.86277e-06
-4.48293e-06
1.13292e-06
-1.57815e-06
-6.10148e-06
2.5205e-08
-1.25306e-05
-1.69249e-05
-3.4471e-05
2.65313e-05
-3.14306e-05
3.08268e-05
-2.73348e-05
3.20884e-05
-2.25965e-05
3.02817e-05
-1.76446e-05
2.58789e-05
-1.28582e-05
1.96199e-05
-8.52077e-06
1.24464e-05
-4.87111e-06
5.21516e-06
-2.06408e-06
-1.67331e-06
-1.87445e-07
-7.97593e-06
6.45968e-07
-1.3359e-05
-1.62641e-05
-2.91556e-05
2.41445e-05
-2.56516e-05
2.73225e-05
-2.13769e-05
2.78124e-05
-1.67544e-05
2.56594e-05
-1.21989e-05
2.13231e-05
-8.04785e-06
1.54691e-05
-4.52822e-06
8.92719e-06
-1.82577e-06
2.51352e-06
4.53436e-09
-3.50227e-06
1.00733e-06
-8.97658e-06
1.18234e-06
-1.35297e-05
-1.50753e-05
-2.41205e-05
2.11567e-05
-2.02364e-05
2.34381e-05
-1.5852e-05
2.34288e-05
-1.13929e-05
2.11991e-05
-7.25168e-06
1.7182e-05
-3.71725e-06
1.19336e-05
-9.47821e-07
6.15956e-06
9.20274e-07
6.45541e-07
1.90242e-06
-4.48182e-06
2.12462e-06
-9.19655e-06
1.6797e-06
-1.30797e-05
-1.3381e-05
-1.95908e-05
1.76459e-05
-1.53861e-05
1.92333e-05
-1.09179e-05
1.896e-05
-6.60935e-06
1.68908e-05
-2.83472e-06
1.34083e-05
1.66566e-07
8.93421e-06
2.30215e-06
4.02398e-06
3.46812e-06
-5.17509e-07
3.71536e-06
-4.72944e-06
3.20979e-06
-8.68803e-06
2.12579e-06
-1.19906e-05
-1.1247e-05
-1.57018e-05
1.36888e-05
-1.12154e-05
1.4747e-05
-6.65555e-06
1.44004e-05
-2.44486e-06
1.26809e-05
1.05538e-06
9.90955e-06
3.64108e-06
6.34095e-06
5.27904e-06
2.39536e-06
5.86812e-06
-1.11815e-06
5.48149e-06
-4.32953e-06
4.27798e-06
-7.4849e-06
2.50755e-06
-1.02119e-05
-8.73284e-06
-1.24702e-05
9.36075e-06
-7.72838e-06
1.00054e-05
-3.04856e-06
9.72107e-06
1.13877e-06
8.49469e-06
4.47831e-06
6.56968e-06
6.77843e-06
4.03925e-06
8.04241e-06
1.13203e-06
8.16041e-06
-1.2371e-06
7.21639e-06
-3.37976e-06
5.33252e-06
-5.5952e-06
2.80869e-06
-7.68073e-06
-5.9144e-06
-9.69777e-06
4.74172e-06
-4.73146e-06
5.03975e-06
1.02327e-07
4.8886e-06
4.33687e-06
4.26295e-06
7.63521e-06
3.27202e-06
9.75071e-06
1.92061e-06
1.07083e-05
1.77387e-07
1.03843e-05
-9.15282e-07
8.93188e-06
-1.9186e-06
6.37792e-06
-3.0331e-06
3.01321e-06
-4.30535e-06
-2.87951e-06
-6.51671e-06
-1.47672e-06
3.4125e-06
7.67573e-06
1.0947e-05
1.28683e-05
1.3045e-05
1.21311e-05
1.02137e-05
7.18201e-06
2.87951e-06
-5.68132e-06
-3.92288e-05
-7.19018e-06
-4.03139e-05
-9.20154e-06
-4.18915e-05
-1.23779e-05
-4.20316e-05
-1.65219e-05
-4.0748e-05
-2.13692e-05
-3.7964e-05
-2.66665e-05
-3.37269e-05
-3.2078e-05
-2.77388e-05
-3.72714e-05
-1.9607e-05
-4.18847e-05
-9.18507e-06
-4.57413e-05
2.91105e-06
1.60329e-05
-5.39532e-06
-3.38393e-05
-7.80063e-06
-3.79101e-05
-1.02756e-05
-3.9416e-05
-1.36211e-05
-3.86857e-05
-1.77335e-05
-3.66353e-05
-2.24099e-05
-3.32876e-05
-2.74462e-05
-2.86905e-05
-3.25567e-05
-2.26284e-05
-3.74266e-05
-1.4737e-05
-4.17085e-05
-4.90356e-06
-4.51429e-05
6.34665e-06
1.82966e-05
-5.35313e-06
-2.85e-05
-8.2688e-06
-3.49971e-05
-1.10933e-05
-3.65929e-05
-1.45438e-05
-3.52359e-05
-1.85704e-05
-3.26094e-05
-2.30024e-05
-2.88563e-05
-2.76673e-05
-2.40264e-05
-3.23266e-05
-1.797e-05
-3.66839e-05
-1.03807e-05
-4.03991e-05
-1.18929e-06
-4.31686e-05
9.11472e-06
1.97648e-05
-5.37812e-06
-2.31275e-05
-8.64198e-06
-3.17348e-05
-1.16933e-05
-3.35412e-05
-1.5197e-05
-3.17312e-05
-1.91015e-05
-2.87039e-05
-2.32428e-05
-2.47137e-05
-2.7461e-05
-1.98071e-05
-3.15531e-05
-1.38764e-05
-3.52484e-05
-6.68414e-06
-3.82196e-05
1.78275e-06
-4.01516e-05
1.10476e-05
2.03415e-05
-5.36501e-06
-1.77753e-05
-8.87446e-06
-2.82276e-05
-1.21022e-05
-3.03153e-05
-1.56317e-05
-2.82018e-05
-1.93962e-05
-2.49394e-05
-2.32259e-05
-2.0884e-05
-2.69625e-05
-1.60704e-05
-3.04239e-05
-1.04151e-05
-3.33726e-05
-3.73581e-06
-3.5509e-05
3.91833e-06
-3.65485e-05
1.20858e-05
2.00442e-05
-5.28989e-06
-1.24894e-05
-8.95061e-06
-2.45681e-05
-1.23342e-05
-2.69313e-05
-1.58869e-05
-2.46477e-05
-1.95157e-05
-2.13089e-05
-2.30366e-05
-1.73614e-05
-2.62917e-05
-1.28131e-05
-2.91123e-05
-7.59279e-06
-3.12976e-05
-1.54888e-06
-3.25875e-05
5.20855e-06
-3.27488e-05
1.22483e-05
1.8925e-05
-5.01591e-06
-7.48032e-06
-8.81591e-06
-2.07693e-05
-1.23806e-05
-2.33661e-05
-1.59817e-05
-2.10473e-05
-1.9505e-05
-1.77852e-05
-2.27448e-05
-1.41209e-05
-2.55497e-05
-1.00083e-05
-2.77626e-05
-5.37897e-06
-2.92229e-05
-9.00627e-08
-2.97157e-05
5.70157e-06
-2.90631e-05
1.15938e-05
1.70635e-05
-4.56398e-06
-2.91712e-06
-8.40944e-06
-1.69241e-05
-1.22112e-05
-1.9565e-05
-1.5911e-05
-1.73447e-05
-1.93835e-05
-1.43103e-05
-2.23957e-05
-1.11068e-05
-2.481e-05
-7.59114e-06
-2.64842e-05
-3.70386e-06
-2.72966e-05
7.2372e-07
-2.70833e-05
5.48753e-06
-2.57113e-05
1.0223e-05
1.45429e-05
-3.73117e-06
8.14167e-07
-7.62415e-06
-1.30328e-05
-1.17645e-05
-1.54143e-05
-1.56419e-05
-1.34748e-05
-1.91373e-05
-1.08136e-05
-2.19966e-05
-8.24497e-06
-2.41046e-05
-5.48808e-06
-2.5333e-05
-2.46881e-06
-2.5602e-05
9.85728e-07
-2.47976e-05
4.68956e-06
-2.28213e-05
8.24636e-06
1.14667e-05
-2.29611e-06
3.11356e-06
-6.30094e-06
-9.02308e-06
-1.09461e-05
-1.07632e-05
-1.51002e-05
-9.32202e-06
-1.86954e-05
-7.21585e-06
-2.14859e-05
-5.45325e-06
-2.33857e-05
-3.58684e-06
-2.4286e-05
-1.56554e-06
-2.41302e-05
8.30018e-07
-2.28663e-05
3.43117e-06
-2.04082e-05
5.79032e-06
7.93829e-06
4.87901e-08
3.07326e-06
-4.20391e-06
-4.76095e-06
-9.57327e-06
-5.37633e-06
-1.40831e-05
-4.81083e-06
-1.77977e-05
-3.49634e-06
-2.05895e-05
-2.65711e-06
-2.24004e-05
-1.7729e-06
-2.31234e-05
-8.35914e-07
-2.26824e-05
3.91047e-07
-2.1088e-05
1.84634e-06
-1.82752e-05
2.97848e-06
4.06041e-06
3.0758e-06
-1.68112e-06
-7.05716e-06
-1.18669e-05
-1.53623e-05
-1.8019e-05
-1.97905e-05
-2.06262e-05
-2.02331e-05
-1.83862e-05
-1.54094e-05
)
;

boundaryField
{
    rotor
    {
        type            calculated;
        value           uniform 0;
    }
    stator
    {
        type            calculated;
        value           uniform 0;
    }
    front
    {
        type            empty;
        value           nonuniform 0();
    }
    back
    {
        type            empty;
        value           nonuniform 0();
    }
}


// ************************************************************************* //
