/*--------------------------------*- C++ -*----------------------------------*\
| =========                 |                                                 |
| \\      /  F ield         | OpenFOAM: The Open Source CFD Toolbox           |
|  \\    /   O peration     | Version:  v1912                                 |
|   \\  /    A nd           | Website:  www.openfoam.com                      |
|    \\/     M anipulation  |                                                 |
\*---------------------------------------------------------------------------*/
FoamFile
{
    version     2.0;
    format      ascii;
    class       volVectorField;
    location    "100";
    object      U;
}
// * * * * * * * * * * * * * * * * * * * * * * * * * * * * * * * * * * * * * //

dimensions      [0 1 -1 0 0 0 0];


internalField   nonuniform List<vector> 
3072
(
(-0.314377 2.29731 0)
(-0.238634 1.8718 0)
(-0.127657 1.68516 2.54099e-19)
(0.098707 1.84896 1.35406e-18)
(1.06897 1.89686 -1.87315e-18)
(2.49301 2.04252 4.65658e-19)
(3.20811 2.96676 1.55773e-19)
(3.5945 3.4259 2.11041e-18)
(4.09727 3.87643 -3.80262e-18)
(4.53427 4.10548 2.22391e-18)
(5.02215 4.21672 -4.96516e-19)
(5.41899 4.20869 1.2106e-19)
(-0.662678 2.80862 -2.69605e-19)
(-0.0282405 2.53548 -3.74127e-19)
(1.00767 2.78308 2.78111e-19)
(2.02488 3.36449 0)
(2.84467 3.72791 4.06381e-19)
(3.37963 3.91795 -7.22939e-19)
(3.57417 4.05352 0)
(3.70845 4.1963 0)
(3.91675 4.32777 0)
(4.1423 4.40752 7.94314e-19)
(4.36888 4.46008 -1.49748e-19)
(4.59076 4.44876 7.5833e-19)
(0.0119312 3.14952 1.81004e-19)
(0.958613 3.20872 0)
(1.92069 3.55288 0)
(2.73915 3.79995 -1.61409e-18)
(3.33007 3.87871 7.86929e-19)
(3.67989 3.85291 -1.5139e-18)
(3.83993 3.88482 1.57955e-18)
(4.00863 3.88014 0)
(4.1737 3.88136 0)
(4.3316 3.86617 -5.16494e-19)
(4.4846 3.83799 -2.63097e-19)
(4.63111 3.79061 1.31703e-18)
(0.399318 3.35111 -1.40482e-18)
(1.42352 3.50879 -1.39693e-18)
(2.30329 3.72159 8.76549e-19)
(2.96703 3.78839 -1.02989e-18)
(3.38706 3.75873 2.9997e-18)
(3.6423 3.70817 -2.63787e-18)
(3.78391 3.64869 -1.66494e-18)
(3.91168 3.61799 -3.84954e-18)
(4.02721 3.59023 3.35142e-20)
(4.13569 3.56355 1.83602e-18)
(4.23886 3.53546 1.92414e-18)
(4.33605 3.50132 -1.50565e-18)
(0.922 3.44471 0)
(1.78365 3.64902 5.8122e-19)
(2.52053 3.70893 -1.25568e-18)
(3.04071 3.67065 2.12351e-18)
(3.35698 3.58055 2.75362e-19)
(3.54354 3.48947 1.59509e-18)
(3.66553 3.41187 1.3793e-18)
(3.7744 3.35108 1.17798e-18)
(3.86937 3.2989 -2.33444e-18)
(3.95439 3.2557 2.11445e-18)
(4.03016 3.21887 -2.71442e-18)
(4.09621 3.1855 3.75965e-18)
(1.22192 3.53382 -1.17628e-18)
(1.96209 3.74473 7.25028e-19)
(2.55525 3.6739 2.48528e-18)
(2.9951 3.55844 0)
(3.25396 3.41549 -4.26381e-18)
(3.41267 3.28705 4.19892e-18)
(3.52426 3.18129 0)
(3.61746 3.09552 -2.94171e-18)
(3.69467 3.02609 2.62895e-18)
(3.75847 2.97239 0)
(3.80946 2.93183 1.94524e-19)
(3.84792 2.90254 2.27764e-18)
(1.3548 3.65166 0)
(1.9991 3.83281 -1.90512e-18)
(2.5048 3.66786 1.53623e-18)
(2.8725 3.47909 0)
(3.10099 3.27878 -2.58042e-18)
(3.2498 3.10746 4.27076e-19)
(3.35687 2.96872 3.70416e-18)
(3.44062 2.85846 3.22369e-18)
(3.50456 2.77268 -2.90645e-18)
(3.55083 2.70902 2.78539e-18)
(3.5805 2.6645 -2.43055e-18)
(3.59429 2.63743 -6.66838e-18)
(1.33945 3.79039 0)
(1.93513 3.95232 1.90131e-18)
(2.37174 3.68584 -2.98167e-18)
(2.68861 3.42778 3.42408e-18)
(2.90819 3.17037 0)
(3.06131 2.95273 -4.42331e-18)
(3.17161 2.77847 4.03393e-18)
(3.25215 2.64289 -3.90882e-20)
(3.30724 2.54045 -6.37879e-18)
(3.33938 2.46691 -2.87118e-18)
(3.35066 2.41856 -1.21328e-19)
(3.34345 2.39293 5.10059e-18)
(1.24352 3.97272 0)
(1.78735 4.1053 -2.69252e-18)
(2.15528 3.75147 -4.59082e-18)
(2.45872 3.4148 -3.40994e-18)
(2.68689 3.09716 6.31221e-18)
(2.85511 2.8297 0)
(2.97644 2.61674 0)
(3.05996 2.45377 0)
(3.11036 2.33365 0)
(3.13144 2.25 3.09048e-18)
(3.12701 2.19753 -2.97991e-18)
(3.10092 2.1726 2.81802e-18)
(1.06434 4.19561 0)
(1.60547 4.33596 3.01994e-18)
(1.89446 3.87458 -5.45383e-19)
(2.19422 3.44461 4.267e-18)
(2.4431 3.06263 3.81331e-18)
(2.63641 2.74228 -5.80389e-18)
(2.77721 2.48888 0)
(2.87009 2.29707 -1.79723e-19)
(2.92057 2.15829 -1.20476e-17)
(2.93409 2.06403 0)
(2.9166 2.00672 6.96568e-18)
(2.87404 1.98137 -3.1111e-18)
(1.10063 4.50213 0)
(1.29282 4.49402 3.65369e-18)
(1.53702 3.96126 9.85993e-18)
(1.87958 3.45634 -8.25966e-18)
(2.17121 3.03278 -1.05124e-17)
(2.40519 2.67644 1.54344e-17)
(2.57604 2.39133 -1.82179e-19)
(2.68668 2.17396 -5.32311e-18)
(2.74322 2.01776 4.05957e-18)
(2.75318 1.91333 -8.31156e-18)
(2.72546 1.85098 -1.10411e-17)
(2.66853 1.82446 1.10081e-17)
(0.394115 3.85812 -1.7572e-18)
(0.803332 3.91657 -1.20461e-17)
(1.11658 3.52239 2.37618e-18)
(1.50701 3.15687 0)
(1.87081 2.85249 0)
(2.16224 2.55393 3.03661e-19)
(2.37328 2.28741 1.80193e-17)
(2.5097 2.06927 1.06733e-17)
(2.57986 1.90654 0)
(2.59143 1.79666 8.88927e-18)
(2.55689 1.73097 0)
(2.48783 1.70381 5.16452e-19)
(5.77277 4.10462 4.11807e-18)
(6.02847 3.92265 -2.04821e-18)
(6.19371 3.67712 1.10782e-18)
(6.25117 3.39055 -1.51054e-19)
(6.21002 3.06102 6.99759e-20)
(6.04513 2.71894 0)
(5.7534 2.36922 0)
(5.33003 2.03722 9.21184e-19)
(4.77108 1.72799 -1.09083e-18)
(4.02623 1.41834 0)
(3.23259 1.03622 0)
(2.82281 0.233299 2.73098e-20)
(4.8061 4.38681 -2.69395e-19)
(4.99823 4.27355 0)
(5.16362 4.11003 -8.87662e-19)
(5.28424 3.90251 -3.65009e-19)
(5.33145 3.67692 -7.32148e-20)
(5.29794 3.44423 1.59324e-18)
(5.17512 3.21712 -2.81375e-18)
(4.96138 3.01505 5.30707e-19)
(4.65766 2.85834 0)
(4.15499 2.74136 0)
(3.60647 2.63578 0)
(3.45212 2.35246 7.50464e-19)
(4.76654 3.72314 5.3077e-19)
(4.87824 3.63876 -1.46446e-18)
(4.95548 3.54276 3.49775e-19)
(4.98853 3.44326 1.18962e-18)
(4.97001 3.34589 -1.23971e-18)
(4.89611 3.26018 0)
(4.76346 3.19532 0)
(4.57354 3.16391 -5.17438e-20)
(4.33284 3.17916 8.65572e-19)
(3.96999 3.24337 0)
(3.55337 3.30975 0)
(3.51659 3.27342 -4.29637e-19)
(4.4216 3.4592 2.42009e-19)
(4.48759 3.4105 1.88509e-18)
(4.52703 3.35889 1.4163e-18)
(4.53426 3.3115 -1.43441e-18)
(4.50595 3.27659 0)
(4.44089 3.26135 9.65748e-19)
(4.33962 3.27356 0)
(4.20501 3.323 1.91444e-18)
(4.04541 3.42135 -7.00558e-19)
(3.8427 3.57749 0)
(3.50937 3.79755 -3.25017e-19)
(3.68416 4.07707 3.75811e-19)
(4.14868 3.15488 -1.40351e-18)
(4.18092 3.13011 0)
(4.19121 3.11386 0)
(4.17911 3.1076 0)
(4.14331 3.12217 0)
(4.08536 3.16096 -1.79943e-18)
(4.00851 3.22885 -6.22089e-20)
(3.91737 3.33268 -9.85556e-19)
(3.81931 3.48379 0)
(3.72246 3.69748 -7.40563e-19)
(3.48526 3.993 2.9392e-19)
(3.79937 4.42641 -1.06468e-19)
(3.86974 2.88575 -1.48028e-19)
(3.87598 2.87969 -3.57876e-18)
(3.86683 2.88823 1.81911e-18)
(3.84237 2.91606 3.40857e-21)
(3.80378 2.96646 1.363e-19)
(3.75503 3.04273 2.82905e-18)
(3.70169 3.14693 -4.53131e-20)
(3.65208 3.28285 -3.37595e-18)
(3.61561 3.46056 -1.40275e-18)
(3.60224 3.69978 6.49232e-19)
(3.49845 4.04457 -9.27788e-19)
(3.9319 4.63115 -2.26026e-19)
(3.59286 2.62801 6.35785e-18)
(3.57824 2.63688 2.05658e-18)
(3.55216 2.665 0)
(3.51668 2.71513 0)
(3.47499 2.7902 1.39318e-19)
(3.4326 2.89112 -2.09482e-18)
(3.39788 3.01641 3.44542e-18)
(3.38368 3.16572 -6.55041e-20)
(3.4021 3.34561 1.23526e-18)
(3.47171 3.575 0)
(3.51173 3.9191 -1.78822e-19)
(3.98773 4.56772 -8.85819e-20)
(3.32091 2.38922 -2.45877e-18)
(3.28634 2.40731 -2.21906e-18)
(3.24295 2.44783 2.41747e-18)
(3.19434 2.51277 -2.28543e-18)
(3.14516 2.60381 -1.25423e-20)
(3.10237 2.71943 4.79857e-18)
(3.07807 2.85378 -2.2875e-18)
(3.09174 3.00137 1.35964e-18)
(3.16037 3.165 0)
(3.31304 3.3623 8.81253e-19)
(3.47964 3.66705 3.84294e-19)
(4.03882 4.27881 -6.24317e-19)
(3.05935 2.17266 2.63379e-18)
(3.00411 2.19642 -2.65182e-18)
(2.94104 2.24442 -2.46178e-18)
(2.87455 2.3177 -5.24382e-18)
(2.80981 2.41714 5.18932e-18)
(2.7552 2.53853 -5.13057e-18)
(2.72767 2.67019 0)
(2.7566 2.80032 -1.33833e-18)
(2.86342 2.92688 0)
(3.09102 3.06192 0)
(3.38862 3.28525 0)
(3.98904 3.8238 3.08226e-19)
(2.81308 1.98403 3.04343e-18)
(2.73635 2.01179 -6.13317e-18)
(2.65024 2.06392 6.01979e-18)
(2.55876 2.14091 5.87099e-18)
(2.46681 2.24314 2.91191e-18)
(2.3846 2.36317 0)
(2.3365 2.48134 0)
(2.36578 2.57996 3.28922e-18)
(2.49426 2.65082 0)
(2.78556 2.69538 -1.0381e-18)
(3.18989 2.77739 5.96885e-19)
(3.85873 3.04493 -9.75181e-19)
(2.58805 1.82912 -7.09042e-18)
(2.48844 1.85966 6.40311e-18)
(2.37343 1.91401 -6.29089e-18)
(2.24618 1.99164 -1.62449e-17)
(2.11114 2.0927 -1.89033e-19)
(1.98218 2.20576 1.2755e-19)
(1.89667 2.30138 -3.53803e-18)
(1.91394 2.35843 -3.30885e-18)
(2.04245 2.35815 0)
(2.37033 2.2873 3.14744e-18)
(2.84897 2.14837 8.87879e-19)
(3.5746 1.87883 -1.41722e-18)
(2.38841 1.71068 -5.15176e-19)
(2.26118 1.74323 0)
(2.10621 1.79795 0)
(1.9262 1.87346 3.44388e-18)
(1.72707 1.97043 1.06723e-17)
(1.5335 2.07286 -3.48544e-18)
(1.40514 2.14118 -1.68296e-19)
(1.40706 2.14936 -1.70093e-18)
(1.51655 2.0819 -1.63505e-18)
(1.82545 1.88567 -1.93571e-18)
(2.34584 1.4738 0)
(2.91981 0.171792 1.8725e-18)
(2.2904 0.303245 3.79236e-22)
(1.86956 0.230344 0)
(1.68447 0.120979 -2.54874e-19)
(1.85054 -0.107019 0)
(1.89505 -1.08005 -8.10144e-19)
(2.0516 -2.50028 4.59469e-19)
(2.97079 -3.20325 0)
(3.42817 -3.59141 1.79109e-18)
(3.87567 -4.09115 -3.33462e-18)
(4.10322 -4.52798 2.57784e-18)
(4.21277 -5.01386 -1.69957e-19)
(4.20394 -5.41016 -1.2194e-19)
(2.80743 0.654128 -1.82977e-19)
(2.53501 0.0227638 -8.15603e-20)
(2.78429 -1.01104 1.8062e-19)
(3.36562 -2.02641 0)
(3.72603 -2.84356 -4.10612e-19)
(3.91618 -3.37301 3.63057e-19)
(4.05121 -3.56538 0)
(4.19395 -3.70052 7.40419e-19)
(4.32448 -3.90812 -1.65536e-18)
(4.40358 -4.13408 9.00654e-19)
(4.45506 -4.36031 -2.6933e-19)
(4.4431 -4.58228 -1.59101e-18)
(3.1462 -0.0170622 -1.81431e-19)
(3.20689 -0.964199 0)
(3.55121 -1.92461 -8.29827e-19)
(3.798 -2.73988 0)
(3.87539 -3.32708 0)
(3.85044 -3.67323 -7.00847e-19)
(3.88249 -3.83164 3.19612e-18)
(3.87789 -3.99998 -2.30593e-18)
(3.87891 -4.16458 6.14306e-19)
(3.86352 -4.32258 0)
(3.83495 -4.47564 1.18474e-18)
(3.78718 -4.62249 -6.78345e-19)
(3.34953 -0.404442 8.03239e-19)
(3.50769 -1.4281 7.22851e-19)
(3.71999 -2.30566 6.91642e-19)
(3.78644 -2.96583 1.63764e-18)
(3.75651 -3.38275 -1.45911e-18)
(3.70639 -3.63554 -1.00224e-18)
(3.64755 -3.77606 0)
(3.61723 -3.90362 0)
(3.58948 -4.01912 1.20862e-18)
(3.5626 -4.12788 0)
(3.53409 -4.23139 3.24882e-19)
(3.49933 -4.32907 5.57388e-19)
(3.44383 -0.925833 6.73463e-19)
(3.64837 -1.78722 -4.7343e-19)
(3.70784 -2.52193 -1.25103e-18)
(3.66959 -3.03877 0)
(3.57983 -3.35241 0)
(3.48942 -3.53737 2.02332e-18)
(3.41245 -3.65881 0)
(3.35204 -3.76754 -2.67155e-18)
(3.30003 -3.86259 -9.94232e-19)
(3.25668 -3.94791 2.10652e-18)
(3.21944 -4.0241 -2.70766e-18)
(3.18539 -4.09065 1.78921e-18)
(3.53314 -1.22509 -6.08222e-19)
(3.74436 -1.96515 -6.78081e-19)
(3.67338 -2.55611 1.11479e-18)
(3.55829 -2.99312 1.6503e-19)
(3.41606 -3.24989 2.16783e-18)
(3.28849 -3.40753 -4.01314e-18)
(3.18347 -3.51875 3.39545e-18)
(3.09823 -3.61189 2.38738e-19)
(3.02909 -3.68926 0)
(2.97536 -3.7534 0)
(2.93445 -3.80489 4.46838e-18)
(2.90449 -3.84398 -4.1099e-20)
(3.6513 -1.35753 -7.8315e-20)
(3.83243 -2.00184 -1.07281e-18)
(3.6675 -2.50564 0)
(3.47946 -2.87092 -2.50971e-18)
(3.2802 -3.09775 2.73202e-18)
(3.10998 -3.24581 6.64235e-18)
(2.97218 -3.35264 3.94036e-18)
(2.86266 -3.4364 4.35687e-19)
(2.77735 -3.50057 -5.90804e-18)
(2.71381 -3.54726 2.63646e-18)
(2.66906 -3.57758 2.70935e-18)
(2.64135 -3.59225 1.14192e-19)
(3.7898 -1.34206 9.55259e-20)
(3.95171 -1.9377 1.89286e-18)
(3.68542 -2.37271 0)
(3.42827 -2.68767 -3.41438e-18)
(3.17213 -2.90601 -2.6032e-18)
(2.95584 -3.05855 2.93144e-19)
(2.78277 -3.16867 -7.81674e-18)
(2.64815 -3.24928 1.79751e-19)
(2.54637 -3.30464 -2.0238e-19)
(2.47313 -3.33728 3.05104e-18)
(2.42468 -3.34931 -2.38469e-18)
(2.39849 -3.34306 1.70398e-19)
(3.97237 -1.24543 -2.94223e-18)
(4.10444 -1.78964 1.0972e-18)
(3.75061 -2.1565 -6.66843e-18)
(3.4149 -2.45854 3.39546e-18)
(3.09871 -2.68579 0)
(2.83282 -2.85354 0)
(2.6213 -2.97472 4.60175e-18)
(2.45953 -3.0583 7.93493e-18)
(2.3403 -3.10899 -3.54647e-18)
(2.25713 -3.13059 -3.07962e-18)
(2.20471 -3.12697 -2.8678e-18)
(2.1793 -3.10182 0)
(4.19413 -1.06554 6.16645e-21)
(4.33415 -1.60724 4.53152e-18)
(3.87293 -1.89587 9.83435e-18)
(3.44403 -2.19485 0)
(3.06353 -2.44307 6.78365e-18)
(2.74489 -2.63598 0)
(2.49314 -2.7766 1.62159e-19)
(2.30277 -2.86948 -4.21205e-18)
(2.16509 -2.92021 4.13572e-18)
(2.07152 -2.93423 0)
(2.01442 -2.91752 0)
(1.98875 -2.87589 -6.50624e-18)
(4.50193 -1.0992 -6.33193e-18)
(4.4936 -1.29419 3.65139e-18)
(3.9604 -1.53911 4.76463e-19)
(3.45583 -1.88117 -8.92103e-18)
(3.03334 -2.17233 -3.33577e-18)
(2.67847 -2.40593 -3.09589e-18)
(2.39496 -2.57648 -5.55784e-18)
(2.17912 -2.68699 -1.46879e-17)
(2.0242 -2.74363 -4.04678e-18)
(1.92063 -2.754 -8.28815e-18)
(1.85866 -2.72697 7.78215e-18)
(1.83199 -2.67093 6.88629e-18)
(3.86055 -0.394606 3.3368e-18)
(3.91945 -0.805013 -1.42638e-18)
(3.5246 -1.11866 3.02536e-19)
(3.15861 -1.50931 7.85968e-18)
(2.8543 -1.87294 0)
(2.5563 -2.16401 -6.7136e-18)
(2.2907 -2.37464 5.81932e-18)
(2.07381 -2.51079 4.90528e-18)
(1.9123 -2.58087 -1.51265e-17)
(1.80335 -2.59266 8.86867e-18)
(1.73817 -2.55866 -8.29659e-18)
(1.71103 -2.49034 0)
(4.09891 -5.76278 -2.09045e-18)
(3.91675 -6.01831 5.29183e-18)
(3.6709 -6.18311 -2.05255e-18)
(3.38448 -6.24106 -2.19888e-18)
(3.05545 -6.20014 1.80199e-18)
(2.71388 -6.03626 -1.77321e-19)
(2.36502 -5.74542 4.13028e-20)
(2.03367 -5.32336 4.68779e-20)
(1.72523 -4.76572 -1.09017e-18)
(1.41608 -4.02228 0)
(1.03431 -3.23057 0)
(0.231034 -2.82148 2.70692e-20)
(4.38053 -4.79746 3.8124e-20)
(4.26695 -4.98966 4.37586e-19)
(4.10324 -5.15517 -8.87698e-19)
(3.8957 -5.2761 0)
(3.67018 -5.3238 5.16598e-19)
(3.43776 -5.29096 0)
(3.21105 -5.16891 7.86087e-19)
(3.00945 -4.9561 1.99511e-18)
(2.85328 -4.65339 -1.67108e-18)
(2.73679 -4.1517 0)
(2.63145 -3.60475 0)
(2.34791 -3.45139 4.50846e-20)
(3.71916 -4.75826 2.10114e-19)
(3.63419 -4.87043 -2.06207e-19)
(3.53762 -4.94825 3.52044e-19)
(3.43758 -4.98197 0)
(3.3398 -4.96415 -5.70955e-19)
(3.25387 -4.89096 1.88919e-18)
(3.18897 -4.75904 -2.69179e-18)
(3.15765 -4.5699 -3.69462e-18)
(3.1731 -4.32999 2.49627e-18)
(3.23765 -3.96791 0)
(3.30401 -3.55227 4.96783e-19)
(3.26798 -3.51618 1.56356e-19)
(3.45642 -4.41519 5.2074e-19)
(3.40696 -4.48178 -1.31092e-18)
(3.3546 -4.52186 1.41842e-18)
(3.30643 -4.52977 -1.43736e-18)
(3.27079 -4.50213 0)
(3.25501 -4.43769 9.67387e-19)
(3.26694 -4.33704 8.99921e-19)
(3.31628 -4.20303 6.44211e-19)
(3.41463 -4.04398 -1.36937e-18)
(3.57098 -3.84173 0)
(3.79121 -3.50885 -2.7987e-19)
(4.07051 -3.68417 3.89059e-19)
(3.15395 -4.14367 1.61221e-18)
(3.12803 -4.1768 -8.13555e-19)
(3.11076 -4.18783 0)
(3.1036 -4.17654 0)
(3.11718 -4.14142 9.22417e-19)
(3.15513 -4.08409 -8.293e-19)
(3.22248 -4.00776 -1.34492e-19)
(3.32596 -3.91703 0)
(3.47698 -3.81924 -6.24988e-19)
(3.69069 -3.72258 7.42562e-19)
(3.9866 -3.48529 -6.10043e-19)
(4.41993 -3.79984 -1.32497e-19)
(2.88668 -3.8668 -3.41402e-18)
(2.87964 -3.87386 1.72956e-18)
(2.88681 -3.86558 3.7779e-18)
(2.91334 -3.8419 3.39127e-21)
(2.96248 -3.80397 -4.69586e-18)
(3.03765 -3.75574 -2.05546e-18)
(3.14104 -3.70276 -1.37147e-19)
(3.27647 -3.65331 0)
(3.454 -3.61683 0)
(3.69329 -3.60326 -6.50438e-19)
(4.03831 -3.49899 -5.37023e-19)
(4.62503 -3.93267 9.48686e-20)
(2.63093 -3.59182 2.14377e-18)
(2.63854 -3.57815 -4.32802e-18)
(2.66523 -3.55298 -1.91069e-18)
(2.71386 -3.51824 -1.20135e-19)
(2.78743 -3.47714 1.93705e-18)
(2.88703 -3.43515 2.00098e-18)
(3.01128 -3.40062 1.18752e-18)
(3.15997 -3.38637 1.18628e-18)
(3.33961 -3.40454 -1.32264e-18)
(3.56912 -3.47371 0)
(3.91345 -3.51314 7.46532e-19)
(4.56236 -3.9887 -2.82087e-19)
(2.39379 -3.32157 0)
(2.41059 -3.28801 2.21646e-18)
(2.4496 -3.24553 0)
(2.51291 -3.19766 -1.24264e-19)
(2.60231 -3.14898 -1.23551e-20)
(2.7164 -3.10648 4.80161e-18)
(2.84957 -3.08221 -1.05909e-18)
(2.9964 -3.09565 -2.62672e-18)
(3.15977 -3.1638 -1.51894e-18)
(3.35716 -3.31575 8.82492e-19)
(3.66231 -3.48145 -1.46026e-18)
(4.2751 -4.0401 7.48946e-19)
(2.17852 -3.06134 2.62608e-18)
(2.20099 -3.00718 -2.64611e-18)
(2.24748 -2.94499 -2.69174e-18)
(2.3191 -2.87919 2.67565e-18)
(2.4168 -2.81488 2.60403e-18)
(2.53655 -2.76046 -7.88724e-18)
(2.66689 -2.73287 0)
(2.79622 -2.76141 1.34008e-18)
(2.92248 -2.86756 1.4357e-18)
(3.05773 -3.09428 0)
(3.28151 -3.39089 1.96516e-18)
(3.82114 -3.99024 -1.54696e-18)
(1.99065 -2.81603 0)
(2.01723 -2.74031 -6.12487e-18)
(2.06791 -2.65506 -3.23599e-18)
(2.14326 -2.56419 -5.65299e-18)
(2.24375 -2.47259 2.91228e-18)
(2.36207 -2.39054 2.85417e-18)
(2.47889 -2.34232 0)
(2.5767 -2.37111 0)
(2.64728 -2.49885 0)
(2.69208 -2.78914 0)
(2.77474 -3.19243 -5.7266e-19)
(3.04427 -3.86025 -7.00482e-20)
(1.83603 -2.59145 3.38748e-18)
(1.86551 -2.49278 3.0453e-18)
(1.9185 -2.37852 1.3041e-17)
(1.99458 -2.2518 3.47368e-18)
(2.09397 -2.11703 1.33754e-17)
(2.20531 -1.98827 -3.33183e-18)
(2.29959 -1.90265 -3.54052e-18)
(2.35591 -1.91943 0)
(2.35537 -2.0471 -3.61355e-18)
(2.28483 -2.37398 -2.05697e-18)
(2.14683 -2.85179 -1.61371e-18)
(1.87988 -3.57591 -9.26733e-26)
(1.71741 -2.39179 0)
(1.74905 -2.26534 0)
(1.80253 -2.11099 -1.4799e-17)
(1.87662 -1.9314 -1.07817e-17)
(1.97197 -1.73254 -3.40102e-18)
(2.07275 -1.53926 0)
(2.13978 -1.41077 3.51278e-18)
(2.14734 -1.41216 0)
(2.07973 -1.52099 -1.01934e-19)
(1.8839 -1.82901 1.93782e-18)
(1.47324 -2.3488 5.3934e-19)
(0.174195 -2.92161 3.72115e-18)
(0.304245 -2.29015 5.97491e-20)
(0.231336 -1.86908 3.83599e-19)
(0.121951 -1.6838 -5.5156e-19)
(-0.106288 -1.85 1.73752e-19)
(-1.08072 -1.89475 0)
(-2.50267 -2.05263 2.70973e-19)
(-3.20673 -2.97323 0)
(-3.59569 -3.43173 6.01915e-20)
(-4.09629 -3.88026 2.66711e-18)
(-4.53388 -4.10847 -1.39832e-18)
(-5.02042 -4.21855 -3.35592e-18)
(-5.41724 -4.20997 2.05622e-18)
(0.655109 -2.80729 4.69564e-19)
(0.0235724 -2.53464 -3.80136e-19)
(-1.01121 -2.78406 2.30086e-19)
(-2.02818 -3.36622 -6.1844e-20)
(-2.84696 -3.72734 -4.11078e-19)
(-3.37763 -3.91816 -9.89136e-20)
(-3.57041 -4.05369 -7.9923e-19)
(-3.70571 -4.19712 -1.27869e-18)
(-3.91352 -4.32826 2.2637e-18)
(-4.13965 -4.40795 -3.94374e-19)
(-4.36605 -4.45986 8.58286e-19)
(-4.58816 -4.44821 6.58264e-19)
(-0.016101 -3.14665 -3.63198e-19)
(-0.964532 -3.20698 0)
(-1.92652 -3.55181 0)
(-2.74348 -3.79912 -6.42579e-19)
(-3.33198 -3.87682 0)
(-3.67865 -3.85211 -8.10694e-19)
(-3.83718 -3.88461 6.96722e-19)
(-4.00569 -3.88032 1.54749e-18)
(-4.17036 -3.88173 -1.01067e-18)
(-4.32838 -3.86674 -9.65756e-19)
(-4.4814 -3.83855 -1.44223e-18)
(-4.62818 -3.79113 1.31119e-18)
(-0.403874 -3.35002 -1.6097e-18)
(-1.42905 -3.50804 -7.23417e-19)
(-2.30825 -3.72065 1.08578e-18)
(-2.96995 -3.78725 6.09194e-19)
(-3.38783 -3.75734 0)
(-3.64101 -3.70732 -2.90458e-18)
(-3.78166 -3.64857 2.83851e-18)
(-3.90927 -3.61857 0)
(-4.02469 -3.59117 1.68176e-18)
(-4.13331 -3.56472 -2.53924e-18)
(-4.23663 -3.53669 1.59135e-18)
(-4.3341 -3.5024 2.35992e-19)
(-0.925799 -3.44438 1.00442e-18)
(-1.78852 -3.64863 1.3381e-18)
(-2.52476 -3.70814 2.92208e-19)
(-3.04294 -3.66971 0)
(-3.35735 -3.57978 -1.97416e-18)
(-3.5426 -3.48931 3.37888e-18)
(-3.66411 -3.41241 0)
(-3.77279 -3.3522 -1.48522e-18)
(-3.86771 -3.3005 -1.29956e-18)
(-3.95281 -3.25758 2.10402e-18)
(-4.02874 -3.22085 0)
(-4.09498 -3.18737 -1.5328e-18)
(-1.22466 -3.53382 5.63826e-19)
(-1.9663 -3.74411 2.6578e-19)
(-2.55876 -3.67296 -1.1152e-18)
(-2.99701 -3.55763 -4.99806e-18)
(-3.25443 -3.41508 -7.9458e-20)
(-3.41229 -3.28733 4.17577e-18)
(-3.52354 -3.18228 0)
(-3.61659 -3.09715 4.51531e-18)
(-3.69376 -3.02827 -2.58156e-18)
(-3.75762 -2.97494 2.36537e-18)
(-3.80874 -2.93455 1.93524e-19)
(-3.84741 -2.90522 4.1447e-20)
(-1.36174 -3.64571 -7.20236e-19)
(-2.00382 -3.83209 -7.68044e-19)
(-2.50819 -3.6667 0)
(-2.87438 -3.47818 5.29276e-18)
(-3.10173 -3.27841 -7.79921e-18)
(-3.24998 -3.10785 -1.44323e-19)
(-3.35679 -2.96989 -7.62374e-18)
(-3.44042 -2.86038 2.11068e-19)
(-3.50432 -2.77525 -2.89173e-18)
(-3.55064 -2.71206 -2.77228e-18)
(-3.58046 -2.6678 2.70339e-18)
(-3.59449 -2.64075 -2.29222e-18)
(-1.3344 -3.79916 -2.72997e-20)
(-1.93735 -3.95096 -9.6902e-19)
(-2.37449 -3.68455 0)
(-2.69046 -3.42648 3.41324e-18)
(-2.90929 -3.16968 2.45633e-18)
(-3.06201 -2.95288 2.07103e-18)
(-3.17211 -2.77951 -2.23795e-19)
(-3.25253 -2.64479 3.88975e-20)
(-3.30757 -2.54311 -3.28396e-18)
(-3.33974 -2.47015 -2.49415e-19)
(-3.35113 -2.42216 1.79861e-19)
(-3.34415 -2.39664 0)
(-1.2548 -3.9636 1.44659e-18)
(-1.79091 -4.1035 0)
(-2.15797 -3.74904 0)
(-2.46067 -3.41276 -3.39538e-18)
(-2.68835 -3.09578 2.83232e-18)
(-2.85627 -2.82923 -5.32233e-18)
(-2.97743 -2.61728 0)
(-3.06081 -2.4553 3.86919e-18)
(-3.11111 -2.33607 -1.91283e-19)
(-3.13216 -2.25313 3.07666e-18)
(-3.12779 -2.20112 -3.12446e-18)
(-3.10189 -2.17643 5.7874e-18)
(-1.0604 -4.198 4.65287e-18)
(-1.60727 -4.33347 -1.51757e-18)
(-1.89653 -3.87193 -5.18185e-18)
(-2.1962 -3.44175 -8.18815e-18)
(-2.44488 -3.06029 0)
(-2.638 -2.74087 5.34501e-18)
(-2.77862 -2.48857 -9.85842e-18)
(-2.87129 -2.2979 4.16296e-18)
(-2.92158 -2.16014 4.13164e-18)
(-2.93499 -2.06672 0)
(-2.91746 -2.00997 -3.71972e-18)
(-2.87504 -1.98499 -6.00521e-18)
(-1.09863 -4.503 -6.39062e-18)
(-1.29353 -4.4926 1.6363e-18)
(-1.53903 -3.95889 4.68464e-18)
(-1.88168 -3.45328 3.93627e-18)
(-2.17337 -3.02984 1.61926e-20)
(-2.40726 -2.67417 -9.35997e-18)
(-2.57786 -2.39006 1.0674e-17)
(-2.68818 -2.17385 1.93328e-17)
(-2.74437 -2.01879 -1.28235e-17)
(-2.75407 -1.91531 -8.27792e-18)
(-2.72622 -1.85363 7.26864e-18)
(-2.66927 -1.82757 0)
(-0.393469 -3.86012 5.22939e-18)
(-0.803769 -3.91796 1.83014e-18)
(-1.11803 -3.52245 2.07458e-18)
(-1.50928 -3.15572 8.30827e-18)
(-1.87341 -2.85058 0)
(-2.16475 -2.55176 6.39759e-18)
(-2.37549 -2.28561 -1.21689e-17)
(-2.5115 -2.06835 -5.20712e-18)
(-2.58112 -1.9067 -4.97473e-18)
(-2.5922 -1.79778 8.85332e-18)
(-2.55737 -1.73284 4.55571e-18)
(-2.48814 -1.70622 1.2429e-17)
(-5.77017 -4.10503 7.06113e-19)
(-6.02586 -3.92274 9.19414e-20)
(-6.19063 -3.6766 1.61306e-18)
(-6.24837 -3.38972 -4.41842e-18)
(-6.20698 -3.06011 1.73791e-18)
(-6.04245 -2.71785 0)
(-5.75083 -2.36827 -3.42991e-19)
(-5.32786 -2.03623 2.19456e-19)
(-4.76931 -1.72715 0)
(-4.02499 -1.41752 3.58163e-20)
(-3.23197 -1.03547 0)
(-2.8225 -0.232826 -3.81215e-19)
(-4.80345 -4.3858 -8.95388e-19)
(-4.99569 -4.27227 1.34519e-18)
(-5.16112 -4.1085 5.97005e-19)
(-5.28177 -3.90091 -1.45684e-19)
(-5.32908 -3.67525 0)
(-5.29576 -3.44256 0)
(-5.17317 -3.21552 1.09764e-18)
(-4.95973 -3.0135 -1.22279e-18)
(-4.6563 -2.85683 0)
(-4.15406 -2.73992 6.2925e-19)
(-3.60593 -2.63444 -7.03155e-20)
(-3.45174 -2.3512 -1.16829e-18)
(-4.76381 -3.72344 6.33909e-19)
(-4.87575 -3.63876 -9.37231e-19)
(-4.95325 -3.54244 0)
(-4.98659 -3.44258 -1.15737e-18)
(-4.96834 -3.3449 -1.47519e-18)
(-4.8947 -3.25893 3.46775e-18)
(-4.76228 -3.19389 -3.3703e-18)
(-4.5726 -3.16233 0)
(-4.33208 -3.17745 0)
(-3.96946 -3.24164 0)
(-3.55307 -3.30809 -5.66082e-19)
(-3.51633 -3.27183 1.1664e-19)
(-4.41995 -3.45997 -5.18366e-19)
(-4.48619 -3.41092 -2.87469e-19)
(-4.52586 -3.35897 0)
(-4.5333 -3.31117 -2.46448e-19)
(-4.50518 -3.27584 0)
(-4.44026 -3.26023 0)
(-4.33911 -3.27219 9.41561e-19)
(-4.20462 -3.32143 -1.26757e-18)
(-4.04507 -3.41961 1.40412e-18)
(-3.84241 -3.57569 0)
(-3.50924 -3.79577 -3.25172e-19)
(-3.68399 -4.07516 -3.76061e-19)
(-4.14765 -3.15651 3.39194e-18)
(-4.18022 -3.1313 -8.04994e-19)
(-4.19076 -3.11459 1.45024e-18)
(-4.17888 -3.10792 7.47826e-19)
(-4.14322 -3.12198 -2.5927e-18)
(-4.08537 -3.16031 0)
(-4.00858 -3.22783 -1.05811e-18)
(-3.91745 -3.33135 0)
(-3.81934 -3.48222 0)
(-3.72243 -3.69573 7.40947e-19)
(-3.4853 -3.99125 6.08029e-20)
(-3.79932 -4.42449 4.21585e-19)
(-3.86955 -2.88817 -1.50633e-18)
(-3.87606 -2.88177 -1.16852e-19)
(-3.86715 -2.88976 0)
(-3.84285 -2.91704 0)
(-3.80436 -2.96687 -2.99128e-18)
(-3.75564 -3.04258 1.90684e-18)
(-3.70225 -3.1463 2.04623e-18)
(-3.65254 -3.28183 1.12167e-18)
(-3.61595 -3.45925 -2.70389e-18)
(-3.60244 -3.69824 -6.49439e-19)
(-3.49859 -4.0429 0)
(-3.93191 -4.62928 3.578e-19)
(-3.59335 -2.63113 -4.43281e-18)
(-3.57899 -2.63961 1.83541e-18)
(-3.55311 -2.66723 2.03744e-18)
(-3.51774 -2.71678 1.14077e-19)
(-3.47608 -2.79122 -2.51005e-19)
(-3.43363 -2.89152 -2.22756e-18)
(-3.39877 -3.01625 -3.3655e-18)
(-3.3844 -3.1651 -1.25954e-18)
(-3.40263 -3.34462 1.23492e-18)
(-3.47206 -3.57372 0)
(-3.51196 -3.91762 1.2914e-18)
(-3.9878 -4.56603 -3.46764e-19)
(-3.32187 -2.39279 4.68675e-18)
(-3.28752 -2.41056 -2.61489e-18)
(-3.24428 -2.4506 -2.41117e-18)
(-3.19572 -2.51497 -4.4374e-18)
(-3.14649 -2.60538 4.46874e-18)
(-3.10356 -2.72035 -1.52523e-19)
(-3.07905 -2.85408 7.24444e-18)
(-3.09251 -3.00113 1.20091e-18)
(-3.16091 -3.16433 1.51662e-18)
(-3.31339 -3.36125 0)
(-3.47985 -3.66576 -8.93348e-19)
(-4.0389 -4.2774 -4.29054e-19)
(-3.06051 -2.17643 0)
(-3.00542 -2.19995 2.49511e-18)
(-2.94243 -2.24754 2.45587e-18)
(-2.87592 -2.32029 -2.56239e-18)
(-2.81105 -2.41913 -1.1132e-19)
(-2.75621 -2.53986 -2.74967e-18)
(-2.72846 -2.67085 -2.57908e-18)
(-2.75717 -2.80041 0)
(-2.86377 -2.92648 -1.43377e-18)
(-3.09124 -3.06107 -9.59575e-19)
(-3.38873 -3.2841 3.1435e-18)
(-3.98908 -3.82242 -7.12068e-19)
(-2.81416 -1.98771 0)
(-2.73749 -2.01534 0)
(-2.65136 -2.06715 0)
(-2.55975 -2.14369 -8.85684e-18)
(-2.46758 -2.24536 5.78531e-18)
(-2.38509 -2.36475 5.80021e-18)
(-2.3368 -2.48223 0)
(-2.36594 -2.58026 -3.28947e-18)
(-2.49427 -2.65058 0)
(-2.78554 -2.69463 -2.05019e-18)
(-3.18984 -2.77633 -5.72422e-19)
(-3.85874 -3.04371 -9.75593e-19)
(-2.58877 -1.83246 0)
(-2.48909 -1.86299 0)
(-2.37392 -1.91712 6.74324e-18)
(-2.24642 -1.99439 9.50305e-18)
(-2.11107 -2.09499 3.27998e-19)
(-1.98183 -2.20742 3.45497e-18)
(-1.89626 -2.30231 -1.76535e-18)
(-1.91356 -2.35878 4.98276e-18)
(-2.04201 -2.35794 3.61091e-18)
(-2.37006 -2.28653 1.9121e-18)
(-2.84879 -2.14731 -1.6128e-18)
(-3.57461 -1.87766 -1.6315e-18)
(-2.38855 -1.71345 0)
(-2.26104 -1.74612 0)
(-2.10574 -1.80073 -7.1417e-18)
(-1.92536 -1.876 3.90643e-18)
(-1.72587 -1.97257 -3.39419e-18)
(-1.53211 -2.07439 -3.48341e-18)
(-1.40393 -2.14196 3.67558e-18)
(-1.40602 -2.1496 0)
(-1.51574 -2.08157 -3.30647e-18)
(-1.82514 -1.88473 -1.97156e-18)
(-2.3457 -1.47269 2.0405e-18)
(-2.92009 -0.170884 -3.61698e-18)
(-2.28943 -0.303119 5.70776e-20)
(-1.86924 -0.229943 0)
(-1.68245 -0.121839 0)
(-1.8473 0.102671 1.06899e-18)
(-1.89666 1.06955 -1.06673e-18)
(-2.04248 2.49255 0)
(-2.96586 3.20648 0)
(-3.42466 3.59247 6.15638e-20)
(-3.87447 4.09443 3.33993e-19)
(-4.10303 4.531 -9.43623e-19)
(-4.21379 5.01825 -3.51857e-18)
(-4.20542 5.41477 1.35037e-18)
(-2.80631 -0.655092 -6.09258e-19)
(-2.53465 -0.0279921 0)
(-2.7802 1.00456 0)
(-3.36057 2.02322 -3.62049e-19)
(-3.72495 2.84363 6.9459e-19)
(-3.91505 3.3775 -1.60102e-18)
(-4.05114 3.57138 1.164e-18)
(-4.19384 3.70512 6.97144e-19)
(-4.32519 3.91297 1.07589e-19)
(-4.4047 4.13824 7.94219e-19)
(-4.45695 4.36447 0)
(-4.44542 4.58615 1.82888e-19)
(-3.14636 0.0117454 3.61312e-19)
(-3.20493 0.959505 0)
(-3.5498 1.92217 0)
(-3.79727 2.7404 -3.8983e-19)
(-3.87639 3.32984 3.12875e-19)
(-3.85064 3.67799 -1.16323e-18)
(-3.88263 3.83716 0)
(-3.878 4.005 -2.25203e-18)
(-3.87917 4.16952 2.36573e-18)
(-3.86382 4.32701 -5.1723e-19)
(-3.83541 4.47974 -1.01732e-18)
(-3.78776 4.62615 1.32011e-18)
(-3.35074 0.399536 -8.08742e-19)
(-3.50747 1.42452 7.2427e-19)
(-3.72046 2.3047 0)
(-3.78708 2.96786 6.08147e-19)
(-3.7574 3.38642 -5.89879e-19)
(-3.70691 3.64035 9.99962e-19)
(-3.64756 3.78101 0)
(-3.61683 3.908 -1.4176e-18)
(-3.58897 4.02298 -2.9005e-18)
(-3.56208 4.13108 1.83372e-18)
(-3.53368 4.23403 1.59852e-18)
(-3.49909 4.33121 -3.25173e-18)
(-3.44482 0.920864 5.0338e-19)
(-3.64857 1.78419 -5.78978e-19)
(-3.70857 2.52173 1.25253e-18)
(-3.67014 3.04113 0)
(-3.58009 3.35604 -4.14611e-18)
(-3.48918 3.54144 3.81727e-18)
(-3.41171 3.66257 1.74949e-18)
(-3.35096 3.77077 1.17551e-18)
(-3.29872 3.86526 0)
(-3.25529 3.94997 0)
(-3.21809 4.02559 0)
(-3.18419 4.09164 -4.27703e-19)
(-3.53428 1.22063 1.22088e-18)
(-3.74471 1.96258 0)
(-3.67396 2.55623 -1.11718e-18)
(-3.55848 2.99535 2.58475e-18)
(-3.41572 3.25298 2.17479e-18)
(-3.28759 3.41067 -3.90283e-18)
(-3.18208 3.52146 1.84058e-18)
(-3.09647 3.61407 -6.12471e-18)
(-3.02707 3.69086 3.33087e-20)
(-2.97322 3.75442 -1.67266e-19)
(-2.93232 3.80535 1.9397e-19)
(-2.90248 3.84393 5.80167e-18)
(-3.65195 1.35398 -2.76943e-18)
(-3.83286 1.99976 1.90048e-18)
(-3.668 2.50576 -2.65737e-18)
(-3.47941 2.87277 -2.51265e-18)
(-3.27949 3.10017 -4.92823e-18)
(-3.10864 3.24807 -2.49852e-18)
(-2.97033 3.35442 -3.70119e-18)
(-2.8604 3.43764 6.24722e-18)
(-2.77481 3.50124 0)
(-2.71113 3.54738 5.21806e-18)
(-2.66635 3.57715 -7.22683e-18)
(-2.63873 3.59132 2.4359e-18)
(-3.79073 1.33883 -1.52365e-18)
(-3.95241 1.93589 -3.05466e-18)
(-3.68598 2.3728 4.52909e-18)
(-3.42822 2.68904 0)
(-3.17132 2.90769 -2.96066e-18)
(-2.95433 3.05999 4.41446e-18)
(-2.7807 3.16965 -2.28555e-19)
(-2.64564 3.24973 -3.83227e-20)
(-2.54355 3.30456 -3.21004e-18)
(-2.47013 3.33668 -5.80812e-18)
(-2.42163 3.34821 2.55477e-18)
(-2.39552 3.3415 -2.52109e-18)
(-3.97309 1.24304 1.79693e-18)
(-4.10527 1.78816 0)
(-3.75147 2.15643 0)
(-3.41514 2.45935 0)
(-3.09811 2.68678 2.84147e-18)
(-2.83145 2.85427 0)
(-2.6193 2.97502 -1.91481e-19)
(-2.45704 3.05813 7.8168e-18)
(-2.33745 3.10835 1.1664e-19)
(-2.25407 3.1295 3.08698e-18)
(-2.20157 3.12545 -2.98162e-18)
(-2.17622 3.09991 8.6356e-18)
(-4.19552 1.06391 6.27792e-21)
(-4.33565 1.60618 8.21946e-18)
(-3.87432 1.89568 -2.40616e-18)
(-3.44481 2.19514 0)
(-3.06344 2.44343 0)
(-2.74395 2.6361 0)
(-2.49149 2.77636 0)
(-2.30055 2.86885 4.29329e-18)
(-2.16245 2.9192 -1.57956e-17)
(-2.06862 2.93286 -7.45255e-18)
(-2.01142 2.91582 6.96678e-18)
(-1.98577 2.87388 3.60107e-18)
(-4.5029 1.09901 -6.38587e-18)
(-4.49487 1.29352 -5.14602e-18)
(-3.96192 1.53861 -2.74854e-18)
(-3.457 1.88093 0)
(-3.03376 2.17206 0)
(-2.6781 2.40548 6.35179e-18)
(-2.39385 2.57576 -1.09601e-17)
(-2.17738 2.686 1.9591e-17)
(-2.02197 2.7424 1.30516e-17)
(-1.91809 2.75255 7.79353e-18)
(-1.85599 2.7253 -7.2945e-18)
(-1.82931 2.66906 4.96955e-19)
(-3.86145 0.394794 -1.75957e-18)
(-3.92019 0.804702 0)
(-3.52555 1.11804 4.00788e-18)
(-3.15941 1.50857 -1.23719e-17)
(-2.85466 1.87208 1.11399e-17)
(-2.55616 2.16302 3.04661e-19)
(-2.29003 2.37352 5.82374e-18)
(-2.07258 2.50951 -5.22628e-18)
(-1.91057 2.57952 -2.48137e-17)
(-1.80128 2.59125 0)
(-1.73593 2.55719 0)
(-1.70875 2.48882 5.16183e-19)
(-4.10103 5.76822 -9.71104e-20)
(-3.91896 6.02388 5.81475e-19)
(-3.67336 6.18907 2.10878e-18)
(-3.38694 6.24683 -3.91551e-18)
(-3.05783 6.20596 1.37862e-18)
(-2.71616 6.04168 -1.78169e-19)
(-2.36706 5.75051 -3.41806e-19)
(-2.03559 5.32786 1.30355e-18)
(-1.72695 4.7696 -7.40091e-19)
(-1.41775 4.02523 -3.58269e-20)
(-1.03593 3.23221 0)
(-0.233406 2.82283 0)
(-4.38327 4.80129 1.67014e-19)
(-4.26994 4.99336 -1.02211e-18)
(-4.10636 5.15882 -8.88135e-19)
(-3.89879 5.27972 0)
(-3.67323 5.3273 -5.86926e-19)
(-3.44071 5.29424 0)
(-3.21386 5.17193 -5.77518e-19)
(-3.01214 4.95878 1.22233e-18)
(-2.85591 4.65569 0)
(-2.73943 4.15331 1.68874e-18)
(-2.63424 3.60572 -1.74761e-18)
(-2.35153 3.45196 2.34741e-19)
(-3.71994 4.76157 5.32451e-19)
(-3.63519 4.87339 -1.46983e-18)
(-3.53886 4.95089 3.51826e-19)
(-3.4391 4.9843 0)
(-3.3416 4.96618 5.70981e-19)
(-3.25592 4.89272 1.89049e-18)
(-3.19123 4.76055 -2.66182e-18)
(-3.16013 4.57115 1.54212e-18)
(-3.17583 4.33102 -7.61967e-19)
(-3.24064 3.9686 0)
(-3.30733 3.55251 0)
(-3.27168 3.51654 -1.56319e-19)
(-3.45645 4.41688 -1.40582e-18)
(-3.40729 4.48308 1.08886e-18)
(-3.35525 4.52285 1.41974e-18)
(-3.30743 4.53051 -7.6467e-19)
(-3.27216 4.50271 -1.54713e-18)
(-3.25674 4.43817 0)
(-3.26897 4.33745 4.43455e-20)
(-3.31861 4.20334 2.49635e-18)
(-3.41733 4.04423 -2.10834e-18)
(-3.57401 3.84201 7.20209e-19)
(-3.79462 3.50875 -6.83211e-20)
(-4.07474 3.68449 -3.88665e-19)
(-3.153 4.14424 1.61174e-18)
(-3.12744 4.17695 -8.10735e-19)
(-3.11054 4.18769 1.4589e-18)
(-3.10374 4.17618 -8.97522e-19)
(-3.11777 4.14096 0)
(-3.15617 4.08362 0)
(-3.22396 4.00732 -9.27736e-19)
(-3.3279 3.91665 -2.33875e-18)
(-3.47938 3.81893 1.2971e-18)
(-3.69356 3.72239 7.42149e-19)
(-3.98983 3.48496 -6.09945e-19)
(-4.42385 3.79998 0)
(-2.88492 3.86626 -1.48431e-19)
(-2.87816 3.87295 -3.58188e-18)
(-2.88575 3.86439 0)
(-2.9127 3.84057 1.83016e-18)
(-2.9623 3.80264 -1.85368e-18)
(-3.03799 3.7545 0)
(-3.14195 3.70169 -6.43802e-20)
(-3.27794 3.65244 -6.31602e-20)
(-3.45602 3.61616 0)
(-3.69585 3.6028 -1.4087e-18)
(-4.04136 3.49857 7.38677e-19)
(-4.62891 3.93279 -2.69482e-19)
(-2.62854 3.59043 -2.32155e-18)
(-2.63644 3.5764 6.28577e-18)
(-2.66349 3.551 0)
(-2.71251 3.5162 -2.04148e-18)
(-2.78652 3.4752 2.05879e-18)
(-2.88665 3.43343 2.12451e-18)
(-3.01152 3.39918 -2.38552e-18)
(-3.16088 3.38523 -1.17245e-18)
(-3.34117 3.40368 0)
(-3.57128 3.47311 -9.65761e-19)
(-3.91614 3.51272 9.24936e-19)
(-4.56598 3.98871 0)
(-2.39102 3.31959 4.86666e-18)
(-2.40807 3.28573 -4.59493e-18)
(-2.44739 3.2431 4.71447e-18)
(-2.51102 3.19525 -4.58707e-18)
(-2.60079 3.14677 -1.23031e-20)
(-2.71537 3.1046 2.33792e-18)
(-2.84918 3.0807 2.29317e-18)
(-2.99674 3.09449 0)
(-3.16088 3.16296 -1.52094e-18)
(-3.35899 3.3152 3.49378e-18)
(-3.66471 3.48107 -8.93478e-19)
(-4.27822 4.04009 0)
(-2.17559 3.05908 2.63282e-18)
(-2.19829 3.00469 8.83546e-20)
(-2.24502 2.94246 -2.46461e-18)
(-2.31687 2.87678 0)
(-2.41484 2.81279 0)
(-2.53501 2.75878 0)
(-2.66598 2.73157 0)
(-2.79606 2.76044 -2.9884e-18)
(-2.92316 2.86689 1.43768e-18)
(-3.05925 3.09385 2.79158e-19)
(-3.28365 3.39063 0)
(-3.82433 3.99013 0)
(-1.9878 2.81377 -3.04342e-18)
(-2.01455 2.73796 -8.97081e-18)
(-2.06541 2.65278 0)
(-2.14091 2.56217 3.1068e-18)
(-2.24156 2.471 5.94364e-18)
(-2.36022 2.38942 0)
(-2.47765 2.3415 0)
(-2.57618 2.37046 1.36703e-18)
(-2.64761 2.49841 -5.12824e-18)
(-2.69335 2.78884 2.2799e-19)
(-2.77669 3.19223 0)
(-3.04714 3.86003 0)
(-1.83342 2.58947 -3.69859e-18)
(-1.86303 2.49085 -3.83743e-18)
(-1.91614 2.37683 6.76668e-18)
(-1.99229 2.25051 -9.53517e-18)
(-2.09172 2.1163 3.59757e-18)
(-2.20335 1.98799 6.80231e-18)
(-2.29825 1.90244 -1.77671e-18)
(-2.35524 1.91913 1.63787e-18)
(-2.35549 2.04687 3.39188e-18)
(-2.28592 2.37367 -3.9772e-18)
(-2.14862 2.85156 -1.61507e-18)
(-1.88254 3.57555 0)
(-1.71517 2.39031 -5.14764e-19)
(-1.74687 2.26409 7.29538e-18)
(-1.80043 2.11015 -7.16738e-18)
(-1.87452 1.93112 0)
(-1.96986 1.73289 -7.04943e-18)
(-2.07092 1.53994 -1.08693e-17)
(-2.13857 1.41118 -1.68582e-19)
(-2.14674 1.4123 0)
(-2.07987 1.52077 0)
(-1.88496 1.82816 1.04597e-18)
(-1.47485 2.34816 6.88118e-20)
(-0.175786 2.92067 1.86961e-18)
(0.211121 1.44184 5.06761e-19)
(0.439542 1.77459 2.16619e-18)
(0.833865 2.08834 1.17241e-20)
(1.24165 2.25584 0)
(1.62444 2.30667 6.3261e-18)
(1.94451 2.23889 -6.04327e-18)
(2.18531 2.09954 -1.75128e-17)
(2.34631 1.94083 -1.12176e-17)
(2.43269 1.80353 -4.12485e-20)
(2.44863 1.70365 -4.89152e-18)
(2.41056 1.64128 9.53739e-18)
(2.33157 1.61655 -8.61141e-18)
(0.336779 1.03968 0)
(0.705551 1.14411 0)
(1.04094 1.32232 -2.30826e-18)
(1.33347 1.51353 4.81957e-18)
(1.60501 1.68474 -1.30838e-17)
(1.85107 1.78705 -8.21e-18)
(2.05642 1.80384 1.08847e-17)
(2.21446 1.75316 2.69759e-17)
(2.30791 1.67901 -5.20936e-18)
(2.32466 1.60949 0)
(2.28299 1.56534 4.82447e-19)
(2.19344 1.5514 0)
(0.383011 1.03151 -3.61719e-19)
(0.767172 1.0745 3.82273e-19)
(1.12714 1.13716 3.25814e-18)
(1.42202 1.21988 -1.01249e-19)
(1.65125 1.32167 4.46097e-18)
(1.8439 1.42838 -4.20021e-20)
(1.99837 1.50273 0)
(2.12376 1.53888 -5.03516e-18)
(2.19874 1.52683 -5.40692e-18)
(2.1983 1.51056 1.24862e-17)
(2.15451 1.49686 -1.24878e-17)
(2.03854 1.49686 9.12401e-18)
(0.363976 1.17878 -6.20206e-19)
(0.768744 1.21516 1.31522e-18)
(1.15092 1.24008 -8.94967e-20)
(1.46756 1.26672 -3.1218e-18)
(1.71878 1.30464 -7.29423e-18)
(1.90764 1.34671 -3.50404e-20)
(2.03738 1.37275 -8.28011e-18)
(2.13524 1.38704 4.87209e-18)
(2.17452 1.36913 -5.51014e-18)
(2.14596 1.34778 -8.63208e-18)
(2.05855 1.32081 0)
(1.86491 1.30207 9.41577e-18)
(2.21041 1.62747 8.21227e-18)
(2.04315 1.66086 8.34132e-18)
(1.82562 1.71313 0)
(1.56731 1.78357 0)
(1.28382 1.87315 3.524e-18)
(1.02766 1.96242 -3.41721e-18)
(0.881345 1.99644 1.49636e-18)
(0.875624 1.96873 4.21741e-18)
(0.981912 1.85066 0)
(1.22214 1.55392 0)
(1.65287 1.02875 4.92539e-19)
(1.54197 -0.229444 -1.48307e-18)
(2.03721 1.57099 -8.88817e-18)
(1.79936 1.601 5.04612e-19)
(1.48302 1.64416 0)
(1.12461 1.70468 -3.56123e-18)
(0.760664 1.78374 3.74295e-20)
(0.488673 1.86115 3.23593e-18)
(0.384521 1.86175 0)
(0.404318 1.80498 -2.55215e-18)
(0.560516 1.65186 0)
(0.805732 1.31078 -2.93893e-18)
(1.18828 0.865098 -1.36078e-18)
(1.1846 -0.0421784 -1.28979e-26)
(1.81024 1.52615 -6.1555e-19)
(1.44428 1.53333 -7.99492e-18)
(0.996562 1.55523 0)
(0.551604 1.6104 7.12081e-18)
(0.177515 1.68223 3.06189e-18)
(0.011937 1.73751 -2.90361e-20)
(0.0255508 1.73106 -5.66766e-18)
(0.136757 1.66343 7.14381e-18)
(0.376227 1.48545 -1.29944e-18)
(0.63592 1.13447 6.02744e-18)
(0.97477 0.724963 1.89558e-18)
(1.07719 0.0276714 -3.3893e-19)
(1.47502 1.31484 2.48941e-17)
(0.870319 1.31015 0)
(0.320087 1.34936 0)
(-0.0746046 1.42869 -5.87566e-18)
(-0.251144 1.53165 -5.34833e-18)
(-0.225903 1.62102 5.47784e-18)
(-0.103643 1.63688 9.33578e-18)
(0.0958817 1.55634 -5.04392e-18)
(0.385842 1.37441 2.50189e-18)
(0.667108 1.03469 -2.60446e-18)
(0.973984 0.640366 -1.26089e-18)
(1.15107 0.0648682 -2.81867e-19)
(1.44231 -0.214452 -1.01386e-18)
(1.77727 -0.441557 0)
(2.09256 -0.83618 1.23119e-20)
(2.26048 -1.24439 0)
(2.31111 -1.62708 0)
(2.24296 -1.94689 6.04931e-18)
(2.10352 -2.18735 0)
(1.94526 -2.34796 1.0735e-17)
(1.80873 -2.43406 1.00553e-17)
(1.70957 -2.45001 9.9825e-18)
(1.6477 -2.41228 -4.6167e-18)
(1.62308 -2.33384 -4.67361e-18)
(1.04101 -0.340508 -4.64304e-19)
(1.14618 -0.708745 -5.10357e-19)
(1.32559 -1.04423 -1.19064e-18)
(1.51793 -1.33648 0)
(1.68966 -1.60766 -2.62938e-18)
(1.79218 -1.85347 1.36867e-17)
(1.80878 -2.05857 0)
(1.75793 -2.21635 5.40387e-18)
(1.68395 -2.3094 -5.21206e-18)
(1.61471 -2.32594 -1.01471e-17)
(1.57089 -2.28442 -9.81483e-18)
(1.55705 -2.19515 8.63305e-18)
(1.03449 -0.387098 -7.07911e-19)
(1.0776 -0.770901 1.15964e-18)
(1.14081 -1.13103 -2.51941e-18)
(1.22399 -1.42557 1.79027e-18)
(1.32625 -1.6542 0)
(1.43316 -1.84628 -1.9131e-17)
(1.50761 -2.00028 0)
(1.54375 -2.12522 1.0552e-17)
(1.53166 -2.1998 -5.62982e-18)
(1.51532 -2.19918 8.40781e-18)
(1.50159 -2.15531 4.03892e-18)
(1.5015 -2.03928 -9.1277e-18)
(1.18319 -0.367918 9.4591e-19)
(1.21924 -0.772486 1.3168e-18)
(1.24424 -1.15496 0)
(1.27086 -1.47128 0)
(1.30893 -1.72184 0)
(1.35079 -1.90994 1.54102e-17)
(1.37656 -2.03894 8.30062e-18)
(1.39098 -2.13673 -1.44573e-17)
(1.37295 -2.17521 1.65742e-17)
(1.35149 -2.14627 -8.64996e-18)
(1.32432 -2.05843 0)
(1.30537 -1.86428 8.78164e-18)
(1.63365 -2.21335 -8.74235e-18)
(1.66626 -2.04664 -8.34447e-18)
(1.71741 -1.82955 7.4662e-18)
(1.78655 -1.57157 -7.54262e-18)
(1.87464 -1.28835 0)
(1.96235 -1.0326 -6.98904e-18)
(1.99515 -0.886048 8.08449e-18)
(1.96701 -0.879912 -1.40388e-18)
(1.84883 -0.985695 3.14432e-18)
(1.5525 -1.22536 -9.10511e-19)
(1.02857 -1.65553 8.91941e-19)
(-0.226825 -1.54497 -8.07834e-19)
(1.57635 -2.0393 8.36652e-18)
(1.60565 -1.80163 7.97397e-18)
(1.6478 -1.48555 0)
(1.70712 -1.1274 3.41793e-18)
(1.78484 -0.763835 6.79254e-18)
(1.86082 -0.492267 3.09023e-18)
(1.86041 -0.387901 -1.21349e-17)
(1.80328 -0.407369 -2.55448e-18)
(1.65008 -0.5632 -2.68628e-18)
(1.30953 -0.808021 -7.62717e-19)
(0.864924 -1.19007 7.02977e-19)
(-0.0401769 -1.18673 4.28102e-19)
(1.53047 -1.81094 0)
(1.53689 -1.44476 -1.26283e-17)
(1.5579 -0.997276 3.8204e-18)
(1.61201 -0.552619 3.70898e-18)
(1.68276 -0.179163 6.18415e-18)
(1.73671 -0.0139611 -2.88625e-18)
(1.72961 -0.0274326 5.59552e-18)
(1.66145 -0.138514 5.93546e-18)
(1.48351 -0.377891 1.42716e-18)
(1.13319 -0.637241 -1.33304e-18)
(0.724658 -0.975534 -3.21082e-19)
(0.0292506 -1.078 -2.47202e-20)
(1.31781 -1.47362 0)
(1.31247 -0.868427 -4.02284e-19)
(1.35098 -0.318799 0)
(1.4294 0.0750634 -1.2048e-17)
(1.53159 0.250699 2.59213e-18)
(1.61995 0.225014 -8.23562e-18)
(1.63517 0.102672 0)
(1.55434 -0.0969411 -5.03352e-18)
(1.37237 -0.386462 2.56498e-18)
(1.03331 -0.667334 -2.479e-18)
(0.63993 -0.973582 -8.86245e-19)
(0.0660962 -1.15039 -3.06702e-19)
(-0.212256 -1.44526 -1.01451e-18)
(-0.439799 -1.77899 1.58933e-20)
(-0.835143 -2.09235 0)
(-1.24392 -2.25853 -3.0368e-18)
(-1.62711 -2.3076 6.32599e-18)
(-1.94729 -2.23847 -9.39329e-18)
(-2.18787 -2.09838 -2.40317e-19)
(-2.34839 -1.9398 1.09524e-17)
(-2.43402 -1.80318 -5.15964e-18)
(-2.44923 -1.70402 0)
(-2.41066 -1.64234 -1.85225e-17)
(-2.33134 -1.61817 5.25422e-19)
(-0.338207 -1.04364 9.15498e-19)
(-0.706343 -1.14851 -6.38286e-19)
(-1.04214 -1.32693 4.4148e-18)
(-1.33518 -1.51773 -9.75808e-18)
(-1.6072 -1.68788 5.21831e-18)
(-1.85364 -1.78894 -1.16287e-19)
(-2.05905 -1.80445 0)
(-2.2168 -1.75305 1.6334e-17)
(-2.30931 -1.67887 -5.19961e-18)
(-2.32498 -1.60954 0)
(-2.28274 -1.56588 9.29664e-18)
(-2.19259 -1.55232 -8.61728e-18)
(-0.384699 -1.03557 -3.73208e-19)
(-0.768055 -1.07865 -9.31661e-20)
(-1.1283 -1.14152 -3.41868e-18)
(-1.42358 -1.22406 3.66303e-18)
(-1.65328 -1.32544 -4.46283e-18)
(-1.84628 -1.43139 1.42938e-17)
(-2.0009 -1.50485 1.52355e-17)
(-2.12611 -1.54021 -5.03114e-18)
(-2.19992 -1.52761 5.64218e-18)
(-2.19858 -1.51105 0)
(-2.15396 -1.49723 -8.67552e-18)
(-2.03684 -1.49726 0)
(-0.365727 -1.18268 -1.24145e-18)
(-0.769706 -1.21892 -2.68465e-18)
(-1.15207 -1.24401 2.84161e-18)
(-1.46901 -1.27058 -1.56935e-18)
(-1.72059 -1.30829 3.64199e-18)
(-1.90984 -1.34986 -1.34624e-17)
(-2.03971 -1.37527 -8.27367e-18)
(-2.13761 -1.38905 9.67381e-18)
(-2.1753 -1.37028 -1.6371e-17)
(-2.14583 -1.34849 0)
(-2.05701 -1.32102 8.55764e-18)
(-1.86188 -1.30209 -1.8191e-17)
(-2.20977 -1.62955 1.29189e-17)
(-2.04195 -1.66315 -4.07015e-18)
(-1.82389 -1.7154 0)
(-1.56511 -1.78569 -7.09818e-18)
(-1.28127 -1.87497 0)
(-1.02524 -1.96363 0)
(-0.879483 -1.99689 -3.11713e-18)
(-0.874066 -1.96879 0)
(-0.980915 -1.85006 0)
(-1.22197 -1.55262 3.53169e-20)
(-1.65302 -1.02742 1.77024e-18)
(-1.54237 0.230419 1.6167e-18)
(-2.03552 -1.57235 -8.35285e-18)
(-1.79676 -1.60257 0)
(-1.47979 -1.64578 0)
(-1.12093 -1.70623 -3.55665e-18)
(-0.75693 -1.78511 3.40904e-18)
(-0.485624 -1.86194 0)
(-0.382403 -1.86177 -4.6034e-18)
(-0.402766 -1.80462 -1.26232e-18)
(-0.560076 -1.65081 0)
(-0.805992 -1.30925 -6.42188e-19)
(-1.1888 -0.863604 -1.81387e-18)
(-1.18526 0.0433603 -4.40416e-19)
(-1.80717 -1.52675 8.99291e-18)
(-1.44013 -1.53406 -4.06912e-18)
(-0.991919 -1.55615 -7.71191e-18)
(-0.546844 -1.61141 3.49232e-18)
(-0.173496 -1.6831 -6.32558e-18)
(-0.00942693 -1.73774 0)
(-0.0238731 -1.73097 8.97175e-18)
(-0.136204 -1.66301 0)
(-0.376614 -1.48408 1.31415e-18)
(-0.636696 -1.13276 7.71366e-19)
(-0.975656 -0.723333 9.58137e-19)
(-1.07807 -0.0265379 -1.56235e-20)
(-1.47021 -1.31495 -8.0258e-18)
(-0.864833 -1.31045 0)
(-0.314813 -1.34995 6.62356e-18)
(0.0789412 -1.42941 -9.13739e-18)
(0.253761 -1.53241 1.31432e-17)
(0.227379 -1.6214 -5.46455e-18)
(0.104301 -1.63671 -9.33083e-18)
(-0.0961929 -1.55528 0)
(-0.386825 -1.37286 0)
(-0.668333 -1.03288 0)
(-0.975129 -0.638644 -1.18555e-18)
(-1.15195 -0.0636428 -9.34745e-19)
(-1.44283 0.214951 -5.93577e-20)
(-1.77764 0.441385 5.56464e-19)
(-2.0929 0.835464 0)
(-2.26052 1.24332 6.12932e-18)
(-2.31081 1.62582 -3.06865e-18)
(-2.24237 1.94547 -9.15317e-18)
(-2.10275 2.18586 -5.82582e-18)
(-1.94421 2.34643 5.51628e-18)
(-1.80733 2.43265 1.00623e-17)
(-1.70793 2.44874 9.99044e-18)
(-1.64593 2.41111 -9.54438e-18)
(-1.62127 2.33278 -8.61956e-18)
(-1.04175 0.340939 -1.45142e-26)
(-1.14689 0.708354 1.97222e-18)
(-1.32616 1.04318 4.41708e-18)
(-1.51807 1.33506 0)
(-1.68925 1.60608 5.22372e-18)
(-1.79123 1.8518 0)
(-1.80761 2.05687 5.51689e-18)
(-1.7567 2.21459 -1.38529e-20)
(-1.68258 2.30794 -1.58144e-17)
(-1.6133 2.32487 -1.01499e-17)
(-1.56945 2.28358 9.34296e-18)
(-1.55565 2.19465 9.13758e-18)
(-1.0353 0.38746 3.46223e-19)
(-1.0783 0.770359 -3.84118e-18)
(-1.14135 1.12969 -5.85445e-18)
(-1.22423 1.42371 -1.82861e-18)
(-1.32607 1.65219 -1.33467e-17)
(-1.43243 1.84434 7.13989e-18)
(-1.50647 1.9985 -4.796e-20)
(-1.54229 2.12357 5.17922e-18)
(-1.53008 2.19865 -4.05478e-19)
(-1.51388 2.1984 0)
(-1.50033 2.15495 0)
(-1.50048 2.03958 5.51294e-19)
(-1.18378 0.368341 2.9545e-19)
(-1.21962 0.771953 1.36922e-18)
(-1.24441 1.15352 2.9334e-18)
(-1.27085 1.46923 -3.07076e-18)
(-1.30861 1.71951 1.46423e-17)
(-1.35016 1.90762 -7.68178e-18)
(-1.37566 2.03688 0)
(-1.38985 2.13475 9.75929e-18)
(-1.37181 2.1742 1.0915e-17)
(-1.35048 2.14586 0)
(-1.32361 2.05895 0)
(-1.30494 1.86585 -2.69791e-17)
(-1.63183 2.21252 8.22214e-18)
(-1.66447 2.04628 -8.35303e-18)
(-1.71565 1.82978 -1.17811e-17)
(-1.78474 1.5725 4.53337e-20)
(-1.87278 1.28991 7.23618e-18)
(-1.96083 1.03413 1.71108e-17)
(-1.99431 0.886896 3.12405e-18)
(-1.96659 0.880295 -2.88221e-18)
(-1.84926 0.985285 0)
(-1.55385 1.22372 3.49197e-20)
(-1.0302 1.65376 0)
(0.225137 1.54228 -8.07752e-19)
(-1.57495 2.03932 0)
(-1.6043 1.80244 -5.04386e-19)
(-1.64645 1.48708 7.47041e-18)
(-1.7057 1.12968 -1.0946e-17)
(-1.78335 0.766453 -1.01423e-17)
(-1.85974 0.494228 -6.33306e-18)
(-1.86005 0.388798 7.69546e-18)
(-1.80336 0.40753 3.83578e-18)
(-1.6511 0.561956 -2.6867e-18)
(-1.31119 0.805734 1.53742e-18)
(-0.866845 1.18738 0)
(0.0376487 1.18338 0)
(-1.52959 1.81211 -9.00864e-18)
(-1.5361 1.44694 3.92361e-18)
(-1.55701 1.0001 -3.99933e-18)
(-1.61097 0.555928 3.31419e-18)
(-1.68168 0.18197 9.16309e-18)
(-1.7362 0.0153023 0)
(-1.72944 0.0278465 6.1823e-20)
(-1.66167 0.137539 -2.38892e-18)
(-1.48496 0.375666 1.11451e-19)
(-1.13517 0.634351 -2.58575e-18)
(-0.726905 0.972183 3.21214e-19)
(-0.0319984 1.07414 -3.54813e-19)
(-1.31748 1.47645 -8.83273e-18)
(-1.31207 0.871939 0)
(-1.35037 0.322371 6.63881e-18)
(-1.42861 -0.0720294 -9.16329e-18)
(-1.53062 -0.249163 2.67973e-18)
(-1.61931 -0.22472 0)
(-1.63514 -0.103368 6.04441e-20)
(-1.55537 0.0949292 4.98394e-18)
(-1.37407 0.383375 2.56637e-18)
(-1.03549 0.663784 1.25897e-19)
(-0.642384 0.969669 0)
(-0.0691171 1.14619 6.08589e-19)
(0.50282 1.46277 9.21445e-19)
(0.927885 1.51249 3.55522e-20)
(1.31847 1.5248 -4.72314e-18)
(1.62782 1.51647 0)
(1.85004 1.49953 7.65755e-18)
(1.99037 1.47738 1.79481e-17)
(2.05885 1.43628 2.31555e-17)
(2.06978 1.37349 0)
(1.99241 1.27455 0)
(1.83401 1.17556 -6.45148e-18)
(1.57556 1.09072 6.60015e-18)
(1.14967 1.04724 -2.82622e-17)
(0.521572 1.70168 -5.42549e-19)
(0.963926 1.75847 1.87436e-18)
(1.36476 1.7571 -6.42858e-18)
(1.67625 1.71031 0)
(1.8785 1.63155 9.77926e-18)
(1.97586 1.51789 -1.01699e-17)
(1.99842 1.39335 -5.01461e-18)
(1.9154 1.23305 8.33293e-20)
(1.73537 1.05448 -6.72953e-18)
(1.491 0.905053 0)
(1.16384 0.808363 0)
(0.709441 0.804088 3.53943e-17)
(0.578474 1.87336 0)
(1.01182 1.916 -2.41538e-18)
(1.38741 1.8824 5.12172e-18)
(1.66238 1.78579 2.3555e-18)
(1.83263 1.64326 -1.34033e-17)
(1.88189 1.47343 7.48662e-18)
(1.80869 1.26824 -1.79854e-17)
(1.63849 1.0456 6.72384e-18)
(1.41004 0.843968 3.86566e-20)
(1.12671 0.683226 1.27609e-20)
(0.794418 0.610252 -4.93856e-17)
(0.384044 0.698452 -4.96192e-17)
(0.626829 1.96406 0)
(1.03445 1.97641 4.55457e-18)
(1.36904 1.90165 0)
(1.60972 1.76644 9.03953e-18)
(1.71737 1.57394 0)
(1.68517 1.33736 5.9986e-18)
(1.54905 1.09026 2.5923e-17)
(1.34165 0.854847 -6.96354e-18)
(1.08707 0.650917 0)
(0.791716 0.493033 0)
(0.473467 0.420806 -1.30552e-17)
(0.148897 0.582085 1.80029e-17)
(0.491315 1.04666 -2.93949e-17)
(-0.0431982 1.05898 -5.76077e-18)
(-0.329041 1.16426 2.33905e-17)
(-0.426646 1.30546 -1.25305e-17)
(-0.380679 1.43607 1.43964e-17)
(-0.216035 1.51245 -1.54396e-17)
(0.0382014 1.52523 -1.81641e-17)
(0.343943 1.43207 0)
(0.678185 1.21651 -3.3903e-18)
(0.979491 0.860152 0)
(1.24775 0.440688 0)
(1.40914 -0.0804751 -8.78868e-19)
(0.0603222 0.866175 0)
(-0.29991 0.898273 0)
(-0.43289 1.03297 -1.88427e-17)
(-0.433067 1.18331 4.37003e-18)
(-0.301193 1.32274 3.96367e-18)
(-0.0753844 1.40898 -1.42554e-19)
(0.216688 1.42563 8.85882e-18)
(0.548545 1.34286 5.42057e-18)
(0.891211 1.14382 0)
(1.19826 0.814444 0)
(1.45599 0.408154 -4.65288e-19)
(1.62311 -0.0818663 2.41877e-18)
(-0.209998 0.898237 0)
(-0.387796 0.883512 -5.08263e-18)
(-0.423377 0.992672 -1.50614e-17)
(-0.349966 1.12611 1.70801e-17)
(-0.175099 1.23986 1.54786e-17)
(0.0765541 1.30435 3.6642e-18)
(0.382076 1.30505 -5.45965e-18)
(0.718703 1.21641 -5.39448e-18)
(1.05913 1.02182 7.73931e-18)
(1.3654 0.71144 0)
(1.61759 0.320992 5.2057e-19)
(1.7871 -0.140394 1.70018e-18)
(-0.37096 0.957312 -5.58062e-17)
(-0.392839 0.883992 -2.40024e-17)
(-0.358135 0.966756 2.00986e-17)
(-0.240975 1.07295 -2.12274e-17)
(-0.0445452 1.15891 4.04798e-18)
(0.214981 1.20061 0)
(0.519627 1.18463 -1.96491e-18)
(0.849378 1.0895 4.30338e-20)
(1.17968 0.898928 -5.89632e-18)
(1.47839 0.60481 0)
(1.7225 0.231632 -4.04119e-18)
(1.88671 -0.203745 -5.25345e-18)
(1.46845 -0.506449 -1.86529e-18)
(1.51765 -0.931764 -2.08111e-18)
(1.52958 -1.32251 0)
(1.52069 -1.63121 0)
(1.50324 -1.85229 7.72353e-18)
(1.48081 -1.99164 -7.78377e-18)
(1.439 -2.05946 3.22522e-20)
(1.376 -2.06956 1.81297e-17)
(1.27659 -1.99113 -6.46885e-18)
(1.17748 -1.83207 6.45842e-18)
(1.09247 -1.57294 -3.28932e-17)
(1.04884 -1.1463 0)
(1.70798 -0.524741 1.59896e-18)
(1.764 -0.967513 1.82198e-18)
(1.7617 -1.36836 -5.18242e-18)
(1.71379 -1.67888 -2.79292e-18)
(1.63389 -1.87977 -7.27494e-18)
(1.51973 -1.97629 0)
(1.39462 -1.99797 -1.52518e-17)
(1.23336 -1.91347 -6.23396e-18)
(1.0549 -1.73282 -1.36255e-17)
(0.905454 -1.48785 0)
(0.808947 -1.16027 3.20241e-17)
(0.804809 -0.705497 0)
(1.87948 -0.581022 1.18429e-18)
(1.92096 -1.01465 -4.92427e-18)
(1.88611 -1.38988 5.13105e-18)
(1.78791 -1.66368 2.36029e-18)
(1.64443 -1.833 -4.505e-18)
(1.47371 -1.88093 2.47961e-18)
(1.26748 -1.80636 0)
(1.04452 -1.63552 6.69018e-18)
(0.843146 -1.4066 7.17968e-18)
(0.682637 -1.12276 8.13177e-18)
(0.610121 -0.790342 -4.95758e-17)
(0.698863 -0.379883 0)
(1.96909 -0.628592 -2.43405e-18)
(1.98002 -1.03628 6.77168e-18)
(1.90405 -1.37033 0)
(1.76725 -1.60997 -9.07134e-18)
(1.57325 -1.7161 0)
(1.33561 -1.68255 -6.02331e-18)
(1.08809 -1.54573 -6.47117e-18)
(0.852719 -1.33803 3.5025e-17)
(0.649134 -1.08306 1.87166e-20)
(0.491729 -0.787332 -9.41439e-18)
(0.420031 -0.469216 5.42524e-17)
(0.581659 -0.145441 -7.20559e-17)
(1.04804 -0.487618 0)
(1.06009 0.0460726 -1.16991e-17)
(1.16495 0.330652 0)
(1.30548 0.427324 4.12699e-18)
(1.43541 0.380721 3.69758e-18)
(1.51102 0.215865 1.90395e-17)
(1.52321 -0.0382251 5.41584e-18)
(1.4298 -0.343575 -1.77364e-18)
(1.21446 -0.677201 3.47559e-18)
(0.858964 -0.977931 -6.24412e-20)
(0.440674 -1.24559 1.65022e-18)
(-0.078958 -1.40678 0)
(0.867079 -0.0566311 8.88474e-18)
(0.899122 0.30237 -1.04809e-17)
(1.03348 0.434373 4.73618e-18)
(1.18325 0.433865 0)
(1.32205 0.301662 7.8663e-18)
(1.40758 0.0758944 -7.30618e-18)
(1.42366 -0.215787 -1.43444e-17)
(1.3406 -0.547027 0)
(1.1417 -0.888931 -3.52215e-18)
(0.813092 -1.19532 -1.50191e-19)
(0.407956 -1.45247 -4.64424e-19)
(-0.0806267 -1.61943 4.92815e-19)
(0.899389 0.213198 0)
(0.884342 0.389691 2.59649e-20)
(0.993093 0.424677 -2.01299e-17)
(1.126 0.350849 1.70867e-17)
(1.23918 0.175878 -7.64912e-18)
(1.30307 -0.0755305 -3.62687e-18)
(1.30327 -0.380507 9.08639e-18)
(1.21441 -0.716427 7.47965e-18)
(1.01993 -1.05601 1.92973e-18)
(0.710234 -1.36152 3.90955e-18)
(0.320857 -1.61315 0)
(-0.139266 -1.78259 1.12602e-18)
(0.95832 0.373203 -5.57578e-17)
(0.884848 0.39443 1.80075e-17)
(0.9672 0.359347 4.53423e-17)
(1.07288 0.241951 -2.1234e-17)
(1.15835 0.0455503 -1.16235e-17)
(1.19956 -0.213635 -1.1254e-17)
(1.18314 -0.517688 -3.75556e-18)
(1.08782 -0.846719 -7.51455e-18)
(0.897366 -1.17618 0)
(0.603837 -1.47412 1.05982e-18)
(0.231607 -1.71772 -1.14063e-18)
(-0.202797 -1.88199 -2.32953e-18)
(-0.504035 -1.46621 1.84462e-18)
(-0.928749 -1.51573 2.07593e-18)
(-1.31955 -1.52812 -4.72485e-18)
(-1.6291 -1.51969 0)
(-1.85153 -1.50249 2.61553e-18)
(-1.99205 -1.47992 7.81342e-18)
(-2.06041 -1.43788 0)
(-2.07053 -1.3743 1.19886e-17)
(-1.99146 -1.27442 0)
(-1.83182 -1.17503 3.19316e-17)
(-1.57191 -1.08993 -1.32676e-17)
(-1.14494 -1.04665 3.53203e-17)
(-0.522578 -1.70454 -5.43042e-19)
(-0.964719 -1.76108 2.98802e-18)
(-1.36566 -1.75964 -5.17341e-18)
(-1.67709 -1.71259 -8.29546e-18)
(-1.8793 -1.63332 7.90354e-20)
(-1.97675 -1.51928 -1.27119e-17)
(-1.99883 -1.39398 -1.52275e-17)
(-1.91426 -1.23237 -1.86001e-17)
(-1.73308 -1.05351 -2.69918e-17)
(-1.48765 -0.903725 -2.90034e-17)
(-1.15958 -0.807044 0)
(-0.704746 -0.803167 0)
(-0.579131 -1.87535 2.36435e-18)
(-1.01236 -1.91768 -3.66041e-18)
(-1.38792 -1.88397 6.40585e-18)
(-1.66272 -1.78694 -2.13719e-19)
(-1.83296 -1.64415 9.06373e-18)
(-1.88171 -1.47372 5.00356e-18)
(-1.80748 -1.26756 1.795e-17)
(-1.63641 -1.04432 4.68831e-17)
(-1.40698 -0.842523 2.16574e-17)
(-1.12275 -0.681607 -3.23693e-17)
(-0.79 -0.608722 0)
(-0.379657 -0.697467 0)
(-0.627145 -1.96499 -4.85811e-18)
(-1.03472 -1.977 1.13277e-18)
(-1.36922 -1.90222 -1.1321e-18)
(-1.60967 -1.76669 1.11223e-17)
(-1.71685 -1.57363 -1.32588e-17)
(-1.68393 -1.33642 -5.94169e-18)
(-1.54715 -1.08894 -6.08682e-20)
(-1.33902 -0.853291 6.9472e-18)
(-1.0836 -0.649322 -3.12129e-17)
(-0.78759 -0.491479 3.76883e-17)
(-0.469354 -0.419357 -5.37183e-17)
(-0.145553 -0.580687 0)
(-0.486096 -1.04647 -2.9401e-17)
(0.0476422 -1.05925 -5.75307e-18)
(0.332435 -1.16499 4.72186e-18)
(0.428853 -1.3064 -4.28514e-18)
(0.381932 -1.43673 -3.44732e-18)
(0.216231 -1.5127 -1.86049e-19)
(-0.0386724 -1.52489 8.9008e-18)
(-0.344939 -1.43101 -1.77229e-18)
(-0.679313 -1.21489 0)
(-0.98046 -0.85844 0)
(-1.24837 -0.439285 1.64907e-18)
(-1.40934 0.0812337 1.72543e-18)
(-0.0559244 -0.865953 7.12811e-17)
(0.302841 -0.89873 0)
(0.435215 -1.03394 0)
(0.434385 -1.18422 8.6445e-18)
(0.301682 -1.32349 -4.00869e-18)
(0.0752164 -1.40925 3.55728e-18)
(-0.217289 -1.42531 0)
(-0.549389 -1.34187 -5.46805e-18)
(-0.891952 -1.14227 -1.8293e-18)
(-1.19866 -0.812771 3.7325e-18)
(-1.45591 -0.406805 -2.36441e-18)
(-1.62253 0.0825246 -4.67986e-19)
(0.21328 -0.898248 -4.82899e-17)
(0.388348 -0.883949 1.74441e-17)
(0.42481 -0.993625 5.04796e-18)
(0.350734 -1.12703 4.20529e-18)
(0.175248 -1.24051 3.75249e-18)
(-0.0768355 -1.30456 0)
(-0.382598 -1.30469 1.79429e-18)
(-0.719268 -1.21547 3.57162e-18)
(-1.05943 -1.02041 1.93018e-18)
(-1.36522 -0.709965 -3.91117e-18)
(-1.61684 -0.31989 2.04137e-18)
(-1.7858 0.140768 -1.12649e-18)
(0.372637 -0.957162 5.58396e-17)
(0.393579 -0.884497 -2.79332e-17)
(0.359113 -0.967671 -4.99084e-18)
(0.241448 -1.07378 6.99456e-20)
(0.0445563 -1.15949 -1.16129e-17)
(-0.21526 -1.2008 -3.66717e-18)
(-0.520022 -1.18431 1.12402e-17)
(-0.849694 -1.08866 0)
(-1.17965 -0.897713 8.11302e-18)
(-1.47778 -0.60358 0)
(-1.72127 -0.230807 -4.59962e-18)
(-1.88497 0.203865 2.33124e-18)
(-1.46825 0.506351 9.58418e-19)
(-1.51714 0.930642 0)
(-1.52886 1.32049 4.79502e-18)
(-1.51988 1.62866 5.00542e-18)
(-1.50237 1.84967 -1.02786e-17)
(-1.47995 1.98934 5.12461e-18)
(-1.4383 2.05765 9.1979e-18)
(-1.37556 2.06848 4.1061e-20)
(-1.27656 1.99155 6.505e-18)
(-1.17773 1.8336 -1.9082e-17)
(-1.09304 1.57565 -6.60531e-18)
(-1.0494 1.14973 2.82771e-17)
(-1.70692 0.524475 -1.56247e-18)
(-1.7626 0.966159 -5.8505e-19)
(-1.76021 1.36611 -5.01629e-18)
(-1.71243 1.6762 0)
(-1.63285 1.87725 -1.22601e-17)
(-1.51908 1.97429 -7.69193e-18)
(-1.39444 1.99673 1.88363e-20)
(-1.23396 1.91372 6.2198e-18)
(-1.05575 1.73451 -2.03619e-17)
(-0.9066 1.49058 2.90417e-17)
(-0.81025 1.16378 0)
(-0.805931 0.709131 3.54297e-17)
(-1.87773 0.580476 -2.95233e-18)
(-1.91901 1.01312 6.11031e-19)
(-1.88426 1.38766 0)
(-1.78651 1.66128 -9.41181e-18)
(-1.64357 1.83084 1.12193e-17)
(-1.47347 1.87962 1.26382e-17)
(-1.26803 1.80629 -1.79926e-17)
(-1.04563 1.63677 -2.68437e-17)
(-0.844409 1.40911 -2.87683e-17)
(-0.684072 1.12616 4.05371e-17)
(-0.611655 0.794118 -9.93129e-18)
(-0.700163 0.383341 -9.8711e-17)
(-1.96702 0.627868 4.25136e-18)
(-1.97795 1.03473 5.57732e-19)
(-1.90229 1.36833 0)
(-1.76609 1.60794 1.11516e-17)
(-1.5729 1.7147 5.06427e-20)
(-1.33603 1.68224 -2.8904e-18)
(-1.08906 1.54647 0)
(-0.853999 1.33989 7.03052e-18)
(-0.650426 1.08597 2.35642e-17)
(-0.493002 0.790867 -2.02525e-19)
(-0.42135 0.472652 5.37661e-17)
(-0.583212 0.147936 1.44512e-16)
(-1.04829 0.491203 2.94259e-17)
(-1.05983 -0.0429429 5.7651e-18)
(-1.16426 -0.328365 -4.73359e-18)
(-1.30451 -0.426073 8.24063e-18)
(-1.43462 -0.380463 0)
(-1.5106 -0.216995 1.14913e-17)
(-1.52346 0.0359517 -1.64036e-17)
(-1.43089 0.340318 -8.68455e-18)
(-1.21629 0.673426 0)
(-0.861192 0.974038 3.38372e-18)
(-0.443305 1.24148 0)
(0.0762337 1.40273 -8.57306e-19)
(-0.867598 0.0596899 0)
(-0.898887 -0.300108 0)
(-1.0328 -0.432903 0)
(-1.18249 -0.433408 -4.26096e-18)
(-1.32135 -0.302233 1.10504e-19)
(-1.40737 -0.0775306 -3.56257e-18)
(-1.42407 0.21325 7.09068e-18)
(-1.34179 0.543768 -7.23506e-18)
(-1.14357 0.88536 0)
(-0.815364 1.19172 2.82937e-18)
(-0.410654 1.44878 1.40611e-18)
(0.0779538 1.61591 -4.92153e-19)
(-0.899935 -0.21087 0)
(-0.884163 -0.388265 1.53802e-17)
(-0.992579 -0.423895 7.48176e-20)
(-1.12539 -0.350865 8.64114e-20)
(-1.23878 -0.176754 3.89282e-18)
(-1.30318 0.0738552 3.77851e-18)
(-1.30402 0.378143 5.48931e-18)
(-1.21583 0.713551 3.57913e-18)
(-1.0219 1.053 1.93305e-18)
(-0.71253 1.35856 -3.91318e-18)
(-0.323532 1.61023 -2.11586e-18)
(0.13684 1.77995 0)
(-0.959072 -0.372106 1.38608e-17)
(-0.884757 -0.393495 -5.93591e-18)
(-0.966853 -0.358935 0)
(-1.07253 -0.242156 0)
(-1.15823 -0.0464373 -3.82549e-18)
(-1.19996 0.212146 5.00252e-20)
(-1.18419 0.515707 -1.12578e-17)
(-1.08947 0.844428 0)
(-0.899456 1.17391 -8.12318e-18)
(-0.606177 1.47202 0)
(-0.23425 1.71578 -2.37056e-18)
(0.200597 1.88051 0)
(0.65598 1.97123 -1.16247e-18)
(1.02682 1.95355 -4.26201e-18)
(1.32073 1.84711 0)
(1.49571 1.66236 -1.05241e-17)
(1.53404 1.41837 -2.97268e-18)
(1.45347 1.15734 -1.55796e-17)
(1.28362 0.905086 6.67386e-18)
(1.05676 0.678064 0)
(0.79125 0.48666 0)
(0.495401 0.342576 1.0336e-17)
(0.180007 0.254742 4.76803e-17)
(-0.0635628 0.203119 0)
(0.663381 1.91422 1.13783e-18)
(0.989026 1.85807 0)
(1.22258 1.7062 -1.06981e-17)
(1.33806 1.4858 2.85671e-18)
(1.33042 1.22685 -2.9838e-18)
(1.21711 0.966986 1.91638e-17)
(1.03003 0.728475 1.39226e-17)
(0.798146 0.523503 -7.82752e-18)
(0.537065 0.358855 0)
(0.262762 0.248163 0)
(-0.00641294 0.204289 0)
(-0.22445 0.237658 0)
(0.648705 1.78487 -1.28025e-18)
(0.920058 1.69 -6.64757e-18)
(1.09963 1.51131 1.22669e-17)
(1.16698 1.27787 0)
(1.12402 1.02247 0)
(0.991365 0.778544 -5.90695e-17)
(0.799053 0.564717 3.62411e-17)
(0.573311 0.390127 0)
(0.333328 0.261403 -9.04358e-18)
(0.0985415 0.188616 2.17804e-17)
(-0.109121 0.178171 -1.68089e-17)
(-0.249794 0.219904 0)
(0.614477 1.61008 1.27978e-18)
(0.835077 1.48714 5.28234e-18)
(0.965885 1.29231 -1.11408e-17)
(0.994093 1.05844 8.78697e-18)
(0.92658 0.817152 -9.34931e-18)
(0.784306 0.597005 -6.73023e-18)
(0.595302 0.413406 -5.05532e-17)
(0.386332 0.274358 -7.97849e-18)
(0.177413 0.184373 9.08975e-18)
(-0.012915 0.147084 4.33994e-17)
(-0.166868 0.160859 0)
(-0.25485 0.209099 0)
(0.565692 1.41466 0)
(0.739904 1.26964 0)
(0.829411 1.06681 1.1175e-17)
(0.827485 0.839918 -1.18311e-17)
(0.74388 0.617499 -1.56605e-17)
(0.599375 0.4245 6.30283e-17)
(0.421101 0.273844 1.4409e-17)
(0.23509 0.170811 3.99804e-17)
(0.0599858 0.117165 0)
(-0.0899153 0.110177 -4.38469e-17)
(-0.202563 0.141195 -6.41337e-17)
(-0.251189 0.187195 0)
(0.505959 1.2157 0)
(0.639655 1.0533 1.35554e-18)
(0.695647 0.847504 -1.41979e-18)
(0.671492 0.630338 2.93849e-18)
(0.57877 0.428387 4.6362e-17)
(0.438157 0.263235 -3.30652e-17)
(0.275011 0.144466 7.24274e-18)
(0.114059 0.0743141 -3.23952e-17)
(-0.0291129 0.0520351 -9.334e-18)
(-0.144817 0.0706736 1.13838e-17)
(-0.225007 0.116598 6.62346e-17)
(-0.239944 0.161517 0)
(0.438181 1.02632 0)
(0.537929 0.850019 1.36887e-18)
(0.567772 0.643413 -1.41414e-18)
(0.528268 0.436701 0)
(0.432337 0.254228 -2.79619e-17)
(0.299778 0.114559 -3.33747e-18)
(0.153608 0.0238458 -1.48129e-17)
(0.0170398 -0.0186539 -4.19581e-17)
(-0.0976619 -0.0151297 3.93564e-17)
(-0.184439 0.0254784 0)
(-0.237671 0.0861981 1.43758e-16)
(-0.221562 0.131162 0)
(0.364671 0.855796 0)
(0.436822 0.668422 1.4024e-18)
(0.4472 0.461891 1.01499e-17)
(0.398391 0.264277 3.01904e-18)
(0.303865 0.0980872 2.25748e-17)
(0.181914 -0.0206556 -7.01583e-18)
(0.0528057 -0.0887914 3.93163e-17)
(-0.0612121 -0.109706 7.2414e-17)
(-0.150748 -0.0857026 4.33997e-17)
(-0.212298 -0.0263043 1.39512e-17)
(-0.241683 0.0498174 -2.05124e-17)
(-0.196502 0.0988593 0)
(0.286896 0.709786 0)
(0.337118 0.51373 0)
(0.333892 0.307092 -1.25393e-17)
(0.280785 0.115976 0)
(0.19121 -0.0384475 4.16079e-20)
(0.0813089 -0.142107 -7.79645e-18)
(-0.0313564 -0.193813 8.89186e-18)
(-0.124771 -0.199153 -4.16803e-17)
(-0.191564 -0.159591 -1.27864e-17)
(-0.230395 -0.0845987 1.52438e-16)
(-0.237346 0.00756059 -2.0534e-16)
(-0.164839 0.0655912 5.35426e-16)
(0.206985 0.589128 0)
(0.240056 0.386414 7.45957e-18)
(0.227852 0.178882 -1.53761e-17)
(0.174038 -0.0089451 4.0359e-18)
(0.0916368 -0.15641 -4.38145e-17)
(-0.00573042 -0.251348 3.43913e-17)
(-0.10268 -0.292425 -4.52877e-17)
(-0.177232 -0.287153 1.3516e-17)
(-0.223133 -0.235785 -1.33371e-16)
(-0.240849 -0.148317 -1.58357e-16)
(-0.225708 -0.0398695 -3.5804e-17)
(-0.127891 0.0327001 -7.11258e-16)
(0.133519 0.485273 0)
(0.154037 0.27769 -3.68128e-17)
(0.135637 0.0683051 2.52035e-17)
(0.0806899 -0.119301 0)
(0.00420715 -0.263271 -7.2099e-18)
(-0.0836308 -0.355409 -3.83883e-17)
(-0.165374 -0.389197 -6.81846e-17)
(-0.223141 -0.374284 -3.92538e-17)
(-0.248731 -0.312593 2.39888e-16)
(-0.24473 -0.216955 2.25735e-16)
(-0.203483 -0.0974065 0)
(-0.0904571 0.00508808 0)
(0.0761361 0.360549 -1.45994e-17)
(0.0856188 0.152768 -1.47506e-19)
(0.062402 -0.0523099 0)
(0.00551055 -0.239896 1.72377e-17)
(-0.0647107 -0.380074 -1.60144e-17)
(-0.14155 -0.475195 -1.57821e-16)
(-0.210764 -0.489469 7.14058e-16)
(-0.239967 -0.45454 0)
(-0.244605 -0.382086 -3.25132e-16)
(-0.225514 -0.286002 -3.86585e-16)
(-0.175364 -0.15215 -6.94692e-16)
(-0.0515332 -0.0150299 2.61496e-15)
(-0.491801 0.813042 8.99316e-17)
(-0.358379 0.851939 3.00877e-17)
(-0.281552 0.932239 -2.04842e-17)
(-0.135469 1.01751 0)
(0.0726542 1.0787 -1.95331e-17)
(0.332086 1.09879 -1.13748e-17)
(0.628199 1.06662 9.45115e-18)
(0.943923 0.964865 5.94946e-18)
(1.25739 0.778109 0)
(1.54058 0.499758 1.12492e-18)
(1.76916 0.14742 3.45595e-18)
(1.91677 -0.258034 2.35835e-18)
(-0.384142 0.658 7.98593e-17)
(-0.303962 0.801619 -7.68221e-18)
(-0.205334 0.889713 2.61675e-17)
(-0.0412443 0.958245 0)
(0.172625 0.999093 0)
(0.427028 1.0005 1.92308e-17)
(0.709454 0.953682 1.17785e-17)
(1.00552 0.845578 -1.00721e-17)
(1.29576 0.662457 2.18496e-18)
(1.55516 0.399386 1.06339e-17)
(1.75941 0.070735 -1.21235e-18)
(1.88255 -0.300406 1.2325e-18)
(-0.308522 0.576039 -8.74185e-17)
(-0.248065 0.742313 0)
(-0.134257 0.840456 0)
(0.0405953 0.896076 0)
(0.255966 0.92093 0)
(0.501785 0.90718 1.99585e-17)
(0.766714 0.848174 -3.81558e-17)
(1.03828 0.734677 1.04907e-17)
(1.29935 0.555694 0)
(1.52707 0.307991 -9.41758e-18)
(1.69788 0.005016 -4.32842e-18)
(1.7876 -0.329091 -1.86242e-18)
(-0.218044 0.478328 1.02475e-16)
(-0.189926 0.681295 4.0557e-17)
(-0.0689999 0.786832 -2.84757e-17)
(0.111279 0.832555 1.93362e-17)
(0.324823 0.845302 0)
(0.559332 0.820095 4.22044e-18)
(0.804138 0.752125 1.43896e-17)
(1.04763 0.635071 -1.28039e-17)
(1.27499 0.461383 2.27463e-18)
(1.46522 0.229983 -1.19568e-18)
(1.59652 -0.0455148 6.13752e-18)
(1.64714 -0.340523 0)
(-0.142144 0.397395 1.04874e-19)
(-0.135383 0.617716 -3.39208e-17)
(-0.0101263 0.73047 3.02296e-17)
(0.172089 0.768845 -4.61646e-17)
(0.381515 0.773078 1.85068e-17)
(0.602829 0.740077 8.75383e-20)
(0.826103 0.666697 -2.14346e-18)
(1.03976 0.548755 2.21135e-17)
(1.23108 0.382001 -2.31571e-18)
(1.38123 0.168023 0)
(1.47083 -0.0792145 6.21251e-19)
(1.48244 -0.335555 -3.18477e-18)
(-0.067399 0.31664 -1.52758e-16)
(-0.0860424 0.551432 0)
(0.0421385 0.671796 0)
(0.224081 0.705396 2.76823e-17)
(0.42816 0.704668 -4.46812e-17)
(0.635326 0.667428 -2.31685e-17)
(0.836712 0.592203 2.3049e-18)
(1.02049 0.476415 -1.83024e-17)
(1.17582 0.318586 2.37815e-18)
(1.28638 0.123001 -1.22306e-18)
(1.33539 -0.0961986 1.88272e-18)
(1.31063 -0.316065 -6.59245e-19)
(-0.00499549 0.239351 -4.0584e-16)
(-0.0453461 0.481328 -8.97361e-17)
(0.0871161 0.610044 1.47789e-17)
(0.267834 0.641813 1.84817e-17)
(0.466405 0.639773 4.36516e-17)
(0.659446 0.601941 5.04187e-18)
(0.839637 0.52835 -4.9159e-18)
(0.994899 0.41775 0)
(1.11627 0.270875 0)
(1.19 0.0943576 8.83971e-18)
(1.202 -0.0975949 1.28276e-18)
(1.14484 -0.284007 2.59093e-18)
(0.0431013 0.164665 4.42229e-16)
(-0.0164297 0.405381 -3.78399e-20)
(0.124009 0.543396 -6.9245e-17)
(0.303444 0.576773 -8.53639e-17)
(0.497186 0.577242 -2.48705e-17)
(0.67703 0.5427 5.69e-18)
(0.83773 0.474202 -8.18407e-18)
(0.967026 0.371763 2.68256e-18)
(1.058 0.237653 2.123e-17)
(1.09916 0.0806122 -2.25735e-17)
(1.07919 -0.0852588 2.01538e-18)
(0.994356 -0.241458 -3.39693e-18)
(0.0723693 0.091502 -4.24731e-16)
(-0.00373891 0.320316 9.99168e-17)
(0.15136 0.46853 8.65784e-17)
(0.330299 0.508197 -6.32082e-20)
(0.520404 0.515233 0)
(0.68868 0.487978 2.72858e-17)
(0.83248 0.428059 3.15681e-18)
(0.939225 0.336578 -1.76106e-20)
(1.00432 0.216964 -5.03069e-17)
(1.01811 0.0796465 1.17351e-17)
(0.971884 -0.0612688 0)
(0.864514 -0.190257 2.96399e-18)
(0.0732555 0.0203996 1.13232e-15)
(-0.0135608 0.221206 0)
(0.165332 0.382304 1.54234e-17)
(0.346294 0.434242 1.81001e-16)
(0.533918 0.451641 9.00299e-17)
(0.692446 0.435482 -4.74356e-20)
(0.822489 0.387484 -1.20694e-17)
(0.910795 0.30946 3.41082e-17)
(0.95539 0.206063 2.91434e-17)
(0.947321 0.0885924 1.26022e-17)
(0.880823 -0.0284697 1.79695e-18)
(0.756046 -0.133019 0)
(0.0394882 -0.0505592 -8.24115e-16)
(-0.0530252 0.0984608 0)
(0.157763 0.281557 0)
(0.345298 0.353247 -1.61798e-16)
(0.528531 0.383378 -1.28887e-16)
(0.678115 0.381223 -5.53131e-17)
(0.798219 0.347654 -4.96895e-17)
(0.873602 0.284366 -8.65888e-17)
(0.904671 0.199582 -5.52935e-18)
(0.879642 0.101423 -2.43643e-17)
(0.798908 0.00602133 2.7197e-18)
(0.661195 -0.0776897 0)
(-0.0425628 -0.106565 -1.40638e-15)
(-0.104536 -0.0233747 0)
(0.112412 0.156233 0)
(0.316195 0.245819 4.3915e-17)
(0.477959 0.282131 -3.20556e-17)
(0.606774 0.291511 2.72363e-17)
(0.714377 0.275492 -2.45658e-17)
(0.781351 0.236461 1.03736e-16)
(0.814083 0.176995 0)
(0.776119 0.0924757 -5.22871e-17)
(0.686795 0.023134 -4.22232e-17)
(0.540351 -0.0385828 1.29798e-17)
(1.97457 -0.657026 -3.41144e-20)
(1.95578 -1.02783 -4.27737e-18)
(1.8477 -1.32067 0)
(1.66113 -1.49429 7.8828e-18)
(1.41605 -1.53149 1.48547e-17)
(1.15435 -1.45003 6.18848e-18)
(0.901989 -1.27976 6.69296e-18)
(0.675179 -1.05278 -2.96374e-17)
(0.484214 -0.786992 0)
(0.340821 -0.491 -3.10798e-17)
(0.253904 -0.176248 4.75495e-17)
(0.202686 0.0661952 1.32387e-16)
(1.91581 -0.663804 2.31083e-18)
(1.85807 -0.9889 0)
(1.70459 -1.22123 1.07497e-17)
(1.48303 -1.33553 0)
(1.22342 -1.32702 8.81748e-20)
(0.963253 -1.21317 2.56371e-17)
(0.724832 -1.02594 6.9926e-18)
(0.520158 -0.794069 -3.9255e-17)
(0.35604 -0.53289 0)
(0.246176 -0.258857 3.24856e-17)
(0.203362 0.0090783 -5.13269e-17)
(0.237346 0.225389 0)
(1.78416 -0.64835 -1.26066e-18)
(1.6882 -0.919039 5.33589e-18)
(1.5083 -1.09747 -1.09336e-17)
(1.27412 -1.16374 1.44982e-17)
(1.01845 -1.12019 -6.05535e-18)
(0.774481 -0.987246 -1.64339e-17)
(0.56086 -0.794987 -4.3607e-17)
(0.386627 -0.569384 3.98313e-17)
(0.258505 -0.329568 0)
(0.186539 -0.0953733 -3.26345e-17)
(0.176973 0.11093 -1.67566e-17)
(0.219313 0.25028 0)
(1.60775 -0.613602 -6.4815e-19)
(1.484 -0.833411 -5.96846e-18)
(1.28843 -0.963131 1.3895e-18)
(1.05423 -0.990512 7.10871e-20)
(0.812963 -0.922625 -1.24632e-17)
(0.592963 -0.780266 0)
(0.409665 -0.591481 3.62154e-17)
(0.271015 -0.382802 -7.99603e-18)
(0.181632 -0.174264 0)
(0.145046 0.0153477 8.67347e-17)
(0.159441 0.168072 0)
(0.208066 0.254888 0)
(1.41116 -0.564458 -2.6036e-18)
(1.26563 -0.737831 0)
(1.06252 -0.826375 8.47347e-18)
(0.835675 -0.823841 -1.18705e-17)
(0.613501 -0.740039 6.16083e-21)
(0.420805 -0.595625 2.99608e-17)
(0.27052 -0.417717 -7.21735e-18)
(0.167893 -0.232132 -2.4024e-17)
(0.114782 -0.0575358 9.13603e-18)
(0.108325 0.0916461 -4.37747e-17)
(0.139728 0.203183 -3.19175e-17)
(0.18595 0.25084 4.25219e-17)
(1.21144 -0.504536 2.59882e-18)
(1.04883 -0.637401 0)
(0.843185 -0.692579 -1.13605e-17)
(0.626371 -0.668001 2.9487e-18)
(0.424876 -0.575236 -3.10794e-18)
(0.260156 -0.43487 -3.31783e-17)
(0.141805 -0.272207 2.90312e-17)
(0.0720358 -0.11178 4.05776e-17)
(0.0501859 0.0308294 0)
(0.069167 0.14587 1.137e-17)
(0.115269 0.225077 -1.64741e-17)
(0.160142 0.239231 0)
(1.02164 -0.436713 6.64918e-19)
(0.845424 -0.535689 -6.1956e-18)
(0.63932 -0.564877 0)
(0.433238 -0.525104 0)
(0.251412 -0.429264 0)
(0.112285 -0.297071 -6.72366e-18)
(0.0220174 -0.151472 -2.22888e-17)
(-0.0201437 -0.0154858 -3.36333e-17)
(-0.0163063 0.0986468 9.84795e-18)
(0.0244592 0.184844 1.42844e-20)
(0.0851713 0.237255 -1.60878e-16)
(0.129766 0.22061 -3.89922e-16)
(0.850921 -0.363305 2.75431e-18)
(0.66392 -0.434762 7.02949e-18)
(0.458184 -0.444639 -1.45527e-18)
(0.261446 -0.395688 3.02994e-18)
(0.0960721 -0.301352 1.9432e-17)
(-0.0220365 -0.179853 2.47178e-17)
(-0.0897072 -0.0513662 -3.15337e-17)
(-0.110333 0.0620467 8.16582e-17)
(-0.0861257 0.151044 0)
(-0.0267337 0.21212 0)
(0.0492189 0.240872 1.43583e-16)
(0.0975903 0.195403 5.53049e-17)
(0.704863 -0.285701 -2.98791e-18)
(0.509435 -0.335366 -1.52296e-18)
(0.303815 -0.331771 1.57764e-18)
(0.11379 -0.278628 0)
(-0.0396699 -0.189316 -5.68603e-17)
(-0.142608 -0.0799032 -3.91771e-17)
(-0.19383 0.0321112 3.56419e-17)
(-0.198922 0.124942 -4.17754e-17)
(-0.159251 0.191247 1.28062e-17)
(-0.0843966 0.22973 1.69287e-17)
(0.00745479 0.236249 -2.55197e-17)
(0.0645692 0.163675 5.39388e-16)
(0.58418 -0.206007 -3.69231e-18)
(0.382321 -0.23869 0)
(0.175991 -0.226227 -1.54244e-17)
(-0.0105619 -0.172458 4.05056e-18)
(-0.156941 -0.0903763 2.6378e-17)
(-0.251063 0.00650711 -4.88834e-18)
(-0.291629 0.1028 -2.27442e-17)
(-0.286122 0.176819 9.48072e-17)
(-0.234734 0.222303 -1.16946e-16)
(-0.147512 0.239808 4.06698e-20)
(-0.0394758 0.224413 -3.56914e-17)
(0.0320784 0.126825 0)
(0.480283 -0.132795 4.30983e-18)
(0.273755 -0.153029 -2.00356e-17)
(0.0657077 -0.134424 4.74934e-17)
(-0.120453 -0.0796268 0)
(-0.26324 -0.00350944 -7.23644e-18)
(-0.354441 0.0838173 7.74389e-18)
(-0.38766 0.164938 5.12075e-17)
(-0.37254 0.222216 -2.95324e-16)
(-0.310922 0.247499 1.92467e-16)
(-0.215633 0.243436 0)
(-0.0964635 0.202141 0)
(0.00502375 0.0895024 0)
(0.355525 -0.0756054 2.93583e-17)
(0.149097 -0.0849203 7.03126e-17)
(-0.0546067 -0.0614875 -1.60388e-16)
(-0.240603 -0.00487413 1.72765e-17)
(-0.3795 0.0649375 -3.20081e-17)
(-0.47348 0.141237 -7.9314e-17)
(-0.487237 0.209908 -8.44283e-17)
(-0.452253 0.238827 3.43979e-17)
(-0.380056 0.243361 -2.85909e-16)
(-0.2843 0.224322 -4.85527e-17)
(-0.15082 0.174163 0)
(-0.0145462 0.0506863 -2.61912e-15)
(0.814062 0.493552 8.96719e-17)
(0.852834 0.359837 3.02234e-17)
(0.932738 0.282736 -2.04304e-17)
(1.01754 0.136496 -2.166e-17)
(1.07834 -0.0715412 1.95897e-17)
(1.09805 -0.330622 1.87376e-17)
(1.06551 -0.626165 -1.95549e-18)
(0.96359 -0.941211 -3.92965e-18)
(0.776946 -1.25392 2.11062e-18)
(0.499063 -1.53641 0)
(0.147453 -1.76463 0)
(-0.257268 -1.91252 -3.50431e-20)
(0.659372 0.385807 0)
(0.802574 0.305369 9.20918e-20)
(0.890293 0.206472 0)
(0.958418 0.0422467 1.77186e-17)
(0.998948 -0.171535 -3.99747e-18)
(1.0001 -0.425632 7.72251e-18)
(0.952987 -0.707572 -2.15575e-17)
(0.844737 -1.00305 2.04162e-18)
(0.661707 -1.29267 0)
(0.39898 -1.55153 -9.43752e-18)
(0.0708079 -1.7556 0)
(-0.299971 -1.8791 2.43333e-18)
(0.577481 0.310206 0)
(0.743362 0.249394 -3.93145e-17)
(0.841138 0.135296 5.44669e-18)
(0.896415 -0.0397094 0)
(0.92102 -0.255026 1.67279e-17)
(0.907106 -0.500614 3.9543e-18)
(0.847891 -0.765179 1.39068e-17)
(0.734263 -1.03629 -1.25358e-17)
(0.555328 -1.29694 2.22859e-18)
(0.307837 -1.52433 1.8942e-17)
(0.00508926 -1.69514 4.92705e-18)
(-0.328947 -1.78538 -1.23391e-18)
(0.479833 0.219629 -1.02147e-16)
(0.682443 0.191137 0)
(0.787633 0.0698778 0)
(0.833067 -0.110596 2.41408e-17)
(0.845629 -0.324139 -2.17878e-17)
(0.820326 -0.558506 4.11396e-18)
(0.752219 -0.803093 -4.15906e-18)
(0.63504 -1.04629 8.50106e-18)
(0.461338 -1.27343 9.07294e-18)
(0.230005 -1.46356 1.23054e-19)
(-0.0454834 -1.59503 -4.88543e-18)
(-0.340683 -1.6462 1.2708e-18)
(0.398929 0.143623 1.22648e-16)
(0.618965 0.136438 0)
(0.731397 0.0107866 6.03848e-18)
(0.76953 -0.171681 -4.61732e-17)
(0.773634 -0.381168 0)
(0.740575 -0.602436 -2.17695e-17)
(0.667107 -0.825638 2.37173e-17)
(0.549044 -1.03918 -1.98775e-17)
(0.38221 -1.23044 -6.86248e-18)
(0.168173 -1.38065 -2.16716e-17)
(-0.0792345 -1.47055 0)
(-0.335972 -1.48263 -2.52999e-18)
(0.318156 0.068675 3.78747e-17)
(0.552773 0.0869065 -4.53591e-17)
(0.672848 -0.0417484 0)
(0.706246 -0.224002 -6.4009e-20)
(0.705434 -0.428217 0)
(0.668158 -0.635429 4.54447e-18)
(0.592861 -0.836873 -2.26665e-17)
(0.476956 -1.02069 1.60031e-17)
(0.318987 -1.1761 1.18589e-17)
(0.12324 -1.28681 9.7268e-18)
(-0.0962645 -1.33611 -5.02222e-18)
(-0.316644 -1.3117 1.2677e-18)
(0.240823 0.00604867 0)
(0.482755 0.0459878 1.19765e-16)
(0.611216 -0.087041 6.66484e-17)
(0.642811 -0.268125 1.84294e-17)
(0.640729 -0.46691 0)
(0.602871 -0.660083 2.52472e-17)
(0.52921 -0.840441 -2.4761e-18)
(0.418487 -0.995862 -1.72791e-20)
(0.271423 -1.11741 -1.23375e-17)
(0.0946713 -1.19134 0)
(-0.0976773 -1.20358 -3.22287e-20)
(-0.284663 -1.14664 3.86649e-26)
(0.166025 -0.0423124 -4.42013e-16)
(0.40686 0.0168075 -1.95744e-16)
(0.544676 -0.124286 -6.05421e-17)
(0.577897 -0.304137 -5.69601e-17)
(0.578364 -0.498165 0)
(0.543803 -0.678217 5.68685e-18)
(0.475225 -0.839172 -8.17656e-18)
(0.372652 -0.968711 1.71285e-20)
(0.238316 -1.05991 2.65154e-18)
(0.0809933 -1.1013 0)
(-0.0853122 -1.0815 5.34398e-18)
(-0.242113 -0.996725 2.71226e-18)
(0.0927143 -0.0717791 5.22067e-19)
(0.32179 0.00381667 1.1442e-16)
(0.46991 -0.152027 0)
(0.509427 -0.33141 8.68585e-18)
(0.516503 -0.521866 -6.30842e-20)
(0.489217 -0.690417 -2.73232e-17)
(0.42922 -0.834535 2.21345e-17)
(0.337577 -0.94158 -2.72844e-17)
(0.217728 -1.00692 0)
(0.0800903 -1.02094 -1.17512e-17)
(-0.0612706 -0.974794 0)
(-0.190839 -0.867336 -5.92627e-18)
(0.0213337 -0.0728768 5.67017e-16)
(0.222609 0.013327 -2.03922e-17)
(0.383787 -0.166423 1.54885e-16)
(0.435568 -0.347831 8.44264e-17)
(0.453043 -0.535859 -7.00548e-17)
(0.436837 -0.694716 3.50634e-17)
(0.388768 -0.825114 -8.01396e-18)
(0.310547 -0.91376 2.64335e-17)
(0.206925 -0.958593 3.65035e-18)
(0.0890909 -0.950732 2.68846e-17)
(-0.0283851 -0.884225 -5.39057e-18)
(-0.133457 -0.759227 3.59113e-18)
(-0.0498445 -0.0391768 0)
(0.0996769 0.0524572 0)
(0.28315 -0.159368 -2.28472e-16)
(0.354666 -0.347252 0)
(0.384895 -0.530924 1.44784e-16)
(0.382697 -0.680881 -1.38158e-16)
(0.349048 -0.801369 -3.09513e-17)
(0.285548 -0.877113 4.03579e-17)
(0.200522 -0.908414 0)
(0.102016 -0.883552 7.44524e-20)
(0.00621459 -0.802718 3.25682e-17)
(-0.0779263 -0.664676 0)
(-0.106131 0.0426095 -1.23483e-15)
(-0.022068 0.103619 -8.37419e-16)
(0.157911 -0.114852 8.78038e-17)
(0.2472 -0.318721 0)
(0.283543 -0.480775 -3.17312e-17)
(0.292894 -0.609989 2.72421e-16)
(0.276788 -0.717972 -2.44539e-17)
(0.237583 -0.785321 -1.16183e-16)
(0.177987 -0.818276 1.38389e-17)
(0.0930163 -0.780505 -4.62307e-17)
(0.0233698 -0.690922 -9.60475e-17)
(-0.0386818 -0.544082 1.29292e-17)
(-0.656076 -1.97112 1.09452e-18)
(-1.02691 -1.95333 -1.09091e-18)
(-1.32048 -1.84663 1.13038e-18)
(-1.49502 -1.66142 1.07092e-17)
(-1.53296 -1.41718 1.18727e-17)
(-1.4518 -1.15582 -1.24188e-17)
(-1.28134 -0.903468 -6.70966e-18)
(-1.05385 -0.676431 -2.21823e-17)
(-0.787711 -0.485153 6.83558e-17)
(-0.491579 -0.341342 0)
(-0.176951 -0.253991 6.35196e-17)
(0.0654249 -0.202776 0)
(-0.663339 -1.91323 1.13854e-18)
(-0.988843 -1.85674 0)
(-1.22201 -1.70463 0)
(-1.33705 -1.48409 1.4231e-19)
(-1.329 -1.2251 -1.19296e-17)
(-1.21516 -0.965159 -3.19398e-17)
(-1.02756 -0.726727 -2.08969e-17)
(-0.795177 -0.521907 0)
(-0.533735 -0.357548 -3.55671e-17)
(-0.259637 -0.247271 1.07633e-17)
(0.00828976 -0.203819 3.40988e-17)
(0.224732 -0.23727 2.6841e-16)
(-0.648505 -1.7829 -1.28113e-18)
(-0.919742 -1.68795 1.32528e-18)
(-1.09893 -1.50914 9.67333e-18)
(-1.16579 -1.27569 -2.01375e-17)
(-1.12244 -1.02039 -1.83113e-17)
(-0.98929 -0.776558 -3.33695e-18)
(-0.796554 -0.562933 4.3455e-17)
(-0.570459 -0.388649 2.37847e-17)
(-0.330428 -0.260347 -3.61009e-17)
(-0.0961351 -0.187995 0)
(0.110285 -0.177757 -6.6984e-17)
(0.249729 -0.219409 7.42182e-20)
(-0.61424 -1.60758 2.57802e-18)
(-0.834683 -1.48461 0)
(-0.965095 -1.28979 -1.10365e-17)
(-0.992841 -1.056 2.84917e-18)
(-0.924946 -0.814905 1.24181e-17)
(-0.782222 -0.59496 5.6961e-17)
(-0.592918 -0.411685 -3.60623e-17)
(-0.383752 -0.273057 -3.98666e-17)
(-0.174999 -0.18355 8.16605e-17)
(0.0147583 -0.146643 -4.32931e-17)
(0.167627 -0.160422 0)
(0.254537 -0.208392 -1.68534e-16)
(-0.565455 -1.41189 -2.58324e-18)
(-0.73948 -1.26686 0)
(-0.828593 -1.06413 0)
(-0.82624 -0.837387 8.86784e-18)
(-0.742279 -0.61521 3.12523e-17)
(-0.597393 -0.422514 -2.98286e-17)
(-0.418944 -0.272262 2.87813e-17)
(-0.232852 -0.169719 -3.19338e-17)
(-0.0580387 -0.116541 -7.29242e-17)
(0.0913345 -0.109872 2.39114e-20)
(0.20301 -0.14077 6.39279e-17)
(0.250688 -0.186418 0)
(-0.505753 -1.21284 1.29573e-18)
(-0.639235 -1.05044 -5.43814e-18)
(-0.69486 -0.844806 0)
(-0.670311 -0.627837 0)
(-0.577285 -0.426193 -2.77793e-17)
(-0.436357 -0.261407 -2.31318e-17)
(-0.273157 -0.143086 0)
(-0.112184 -0.0734538 3.23517e-17)
(0.0306296 -0.0515934 2.79571e-17)
(0.145883 -0.0705196 5.68128e-17)
(0.225196 -0.116246 -1.32107e-16)
(0.239289 -0.160702 3.57105e-16)
(-0.438019 -1.02354 -3.951e-26)
(-0.537539 -0.847231 6.83175e-18)
(-0.567057 -0.640833 -1.4133e-18)
(-0.527201 -0.434358 -2.93221e-18)
(-0.431029 -0.252237 6.21533e-18)
(-0.298224 -0.112964 2.34557e-17)
(-0.152084 -0.022715 0)
(-0.0155409 0.0192705 0)
(0.0987887 0.0153752 3.92937e-17)
(0.185176 -0.0255084 0)
(0.237639 -0.0859844 5.37103e-17)
(0.22081 -0.1304 -3.40327e-16)
(-0.364581 -0.853187 2.74601e-18)
(-0.436481 -0.665816 5.62415e-18)
(-0.446585 -0.459521 1.15936e-17)
(-0.397477 -0.262171 0)
(-0.302777 -0.0963628 3.21418e-18)
(-0.18062 0.0219688 -1.05321e-17)
(-0.0516377 0.0896628 1.57164e-17)
(0.062369 0.110057 -5.42628e-17)
(0.151483 0.085759 -3.25024e-17)
(0.212735 0.0260407 0)
(0.241466 -0.0497874 1.64656e-16)
(0.195688 -0.0982384 4.4396e-16)
(-0.28683 -0.707395 -5.97021e-18)
(-0.336852 -0.511363 -6.07389e-18)
(-0.333383 -0.304964 -1.25322e-17)
(-0.280055 -0.114125 3.28496e-18)
(-0.190323 0.0398783 -2.10636e-20)
(-0.0803304 0.143164 -3.91452e-18)
(0.0322456 0.194406 0)
(0.125522 0.19929 -1.13539e-20)
(0.192015 0.159429 -1.27888e-17)
(0.230488 0.0840978 1.52252e-16)
(0.236998 -0.00773651 -2.0486e-16)
(0.163975 -0.0651673 -5.37676e-16)
(-0.206892 -0.586914 3.66575e-18)
(-0.239866 -0.384255 -7.45503e-18)
(-0.227436 -0.17697 1.53689e-17)
(-0.173484 0.0105704 0)
(-0.0909126 0.157602 0)
(0.00638664 0.252194 -2.94645e-17)
(0.103358 0.292771 3.39635e-17)
(0.177559 0.287136 1.61971e-16)
(0.223361 0.235368 1.33347e-16)
(0.240611 0.147662 2.26784e-17)
(0.225195 0.0394417 -3.57696e-17)
(0.127108 -0.0324371 0)
(-0.133412 -0.483179 0)
(-0.153877 -0.275692 1.22268e-17)
(-0.135266 -0.0665471 -2.5194e-17)
(-0.080233 0.120766 6.66338e-18)
(-0.00363821 0.264295 -7.26049e-18)
(0.0840831 0.356073 6.14165e-17)
(0.165803 0.389364 -6.79759e-17)
(0.223176 0.374086 -1.56901e-16)
(0.248668 0.312029 -1.91901e-16)
(0.244256 0.216163 -2.58109e-16)
(0.202788 0.0967175 4.65788e-16)
(0.0897261 -0.00511227 -1.54995e-16)
(-0.075991 -0.358527 2.92343e-17)
(-0.0854849 -0.150975 -7.01365e-17)
(-0.0620316 0.0538962 0)
(-0.00513523 0.241217 -1.38292e-16)
(0.0651363 0.380895 -1.27465e-16)
(0.141782 0.475645 0)
(0.21092 0.489367 4.19501e-17)
(0.239837 0.45419 -6.86342e-17)
(0.244366 0.381504 -1.12849e-20)
(0.225041 0.285216 4.83933e-17)
(0.174629 0.151158 -1.39588e-15)
(0.0508664 0.0146546 0)
(0.492661 -0.813259 -8.97551e-17)
(0.359408 -0.852689 -3.76761e-17)
(0.282239 -0.933107 2.56029e-17)
(0.135759 -1.01827 0)
(-0.072717 -1.07925 1.56207e-17)
(-0.332354 -1.099 3.73707e-18)
(-0.628513 -1.06638 -1.13906e-17)
(-0.944087 -0.964187 -5.97486e-18)
(-1.25716 -0.777139 -1.03888e-17)
(-1.53976 -0.49881 0)
(-1.76774 -0.146857 4.63325e-18)
(-1.91494 0.257952 -1.17796e-18)
(0.38486 -0.658621 0)
(0.304791 -0.802418 3.84889e-17)
(0.205824 -0.890551 -2.61473e-17)
(0.0413991 -0.958969 0)
(-0.172754 -0.999617 1.2153e-17)
(-0.427314 -1.00075 3.89069e-18)
(-0.709754 -0.953559 -1.56938e-17)
(-1.00564 -0.845095 -1.15957e-19)
(-1.29549 -0.661757 0)
(-1.55434 -0.398737 0)
(-1.7581 -0.0704143 0)
(-1.88093 0.300197 -1.23119e-18)
(0.30922 -0.576739 0)
(0.248716 -0.743143 2.36743e-17)
(0.134591 -0.84127 2.71396e-17)
(-0.040565 -0.896777 0)
(-0.25618 -0.921457 -1.24767e-17)
(-0.50213 -0.907487 8.01669e-18)
(-0.767067 -0.84818 2.19887e-17)
(-1.03846 -0.734396 -4.26467e-18)
(-1.2992 -0.555255 -6.69559e-18)
(-1.52647 -0.307612 0)
(-1.6969 -0.00490039 -4.9338e-18)
(-1.78644 0.328809 1.23556e-18)
(0.218607 -0.479055 0)
(0.190422 -0.682137 -3.23818e-17)
(0.0691883 -0.787633 -4.54292e-17)
(-0.111377 -0.833248 0)
(-0.325144 -0.845847 -4.33403e-18)
(-0.559772 -0.820464 -1.23344e-17)
(-0.804598 -0.752256 1.65997e-17)
(-1.04795 -0.634978 8.50701e-18)
(-1.27507 -0.461171 -1.00722e-19)
(-1.46497 -0.22983 1.19393e-18)
(-1.59602 0.0454799 4.2747e-18)
(-1.64656 0.340225 -6.32251e-19)
(0.142612 -0.398117 3.06013e-17)
(0.135742 -0.61856 -1.69765e-17)
(0.0101723 -0.731265 2.42203e-17)
(-0.172324 -0.769539 5.14416e-18)
(-0.381962 -0.773651 2.30775e-17)
(-0.603391 -0.740508 -4.37363e-18)
(-0.826707 -0.666938 -3.22699e-17)
(-1.04028 -0.548822 -1.99586e-20)
(-1.23142 -0.381974 9.14993e-18)
(-1.38137 -0.168043 -1.21058e-17)
(-1.47083 0.0790767 0)
(-1.48245 0.33527 2.54761e-18)
(0.0677212 -0.317322 0)
(0.0862709 -0.55227 -9.02438e-18)
(-0.0422375 -0.67259 6.60897e-18)
(-0.224459 -0.706096 0)
(-0.428747 -0.705271 -1.48619e-17)
(-0.63603 -0.667917 -1.86472e-17)
(-0.837481 -0.592536 1.35469e-17)
(-1.02122 -0.476615 -2.28674e-18)
(-1.17645 -0.318702 2.37502e-18)
(-1.2869 -0.123146 9.73982e-18)
(-1.33585 0.0959971 0)
(-1.31116 0.315803 -2.53889e-18)
(0.00518101 -0.239975 4.04642e-16)
(0.0454521 -0.482152 6.97839e-17)
(-0.0873617 -0.610837 4.12615e-20)
(-0.268354 -0.642519 6.17792e-18)
(-0.467138 -0.640406 2.18362e-17)
(-0.660298 -0.602482 2.52413e-17)
(-0.840576 -0.528758 -4.91091e-18)
(-0.995844 -0.418051 0)
(-1.11718 -0.271094 0)
(-1.19086 -0.0945864 0)
(-1.20286 0.0973576 4.49583e-18)
(-1.14581 0.283773 6.49305e-19)
(-0.0430572 -0.16521 -3.86711e-16)
(0.0164186 -0.406171 -1.03443e-16)
(-0.124398 -0.544184 0)
(-0.304103 -0.57748 0)
(-0.49806 -0.577899 -4.35574e-17)
(-0.678025 -0.543284 2.28105e-17)
(-0.83883 -0.474668 -2.45504e-17)
(-0.968163 -0.372139 -2.67396e-17)
(-1.05914 -0.237944 2.65341e-18)
(-1.10031 -0.080895 -1.32615e-18)
(-1.08037 0.0850046 -4.00996e-18)
(-0.995655 0.241255 -2.71648e-18)
(-0.0724303 -0.0919491 0)
(0.00362562 -0.321035 -1.42592e-17)
(-0.151879 -0.469304 1.08309e-17)
(-0.331085 -0.50889 8.73959e-18)
(-0.521403 -0.515915 3.01875e-17)
(-0.689807 -0.488584 -2.72758e-17)
(-0.833718 -0.428575 1.8928e-17)
(-0.940525 -0.336997 4.84421e-17)
(-1.00565 -0.21731 0)
(-1.01948 -0.0799516 1.46799e-18)
(-0.973296 0.0610143 -1.47637e-18)
(-0.866057 0.190087 2.96171e-18)
(-0.0733807 -0.0206885 0)
(0.0133849 -0.221807 -2.03337e-17)
(-0.165951 -0.38305 6.25906e-20)
(-0.34718 -0.434909 1.08561e-16)
(-0.535012 -0.452341 -8.99442e-17)
(-0.693679 -0.436098 5.27202e-17)
(-0.823827 -0.388042 -4.05499e-18)
(-0.912217 -0.309901 -3.77855e-17)
(-0.956849 -0.20645 3.6534e-18)
(-0.948841 -0.0888899 1.43866e-17)
(-0.882385 0.0282292 0)
(-0.757741 0.132882 3.61327e-18)
(-0.0395607 0.0503931 0)
(0.0528562 -0.0988824 0)
(-0.158448 -0.282256 0)
(-0.346225 -0.353884 -1.61602e-16)
(-0.529664 -0.384069 2.73483e-16)
(-0.679396 -0.381849 -6.91218e-17)
(-0.799607 -0.348232 6.18734e-18)
(-0.875083 -0.284826 -5.78144e-18)
(-0.906193 -0.199987 0)
(-0.881239 -0.101714 -4.60514e-17)
(-0.800539 -0.00624361 2.58596e-17)
(-0.662964 0.0775725 -6.89036e-18)
(0.0425626 0.106546 1.406e-15)
(0.104378 0.0230482 0)
(-0.113204 -0.156866 -8.76529e-17)
(-0.317111 -0.246359 3.95975e-16)
(-0.478998 -0.282693 -2.23377e-16)
(-0.60797 -0.292048 -5.45761e-17)
(-0.715681 -0.275988 1.34343e-16)
(-0.782771 -0.23688 -2.59195e-17)
(-0.815587 -0.177392 1.38479e-17)
(-0.777726 -0.0927012 9.27532e-17)
(-0.688416 -0.0233137 -4.80989e-17)
(-0.542136 0.0384953 -2.59235e-17)
(-1.97259 0.65622 -1.09587e-18)
(-1.95391 1.02639 -1.09328e-18)
(-1.84632 1.31902 1.13584e-18)
(-1.66055 1.49292 0)
(-1.41626 1.53084 -1.48871e-17)
(-1.15516 1.45035 -9.35062e-18)
(-0.903123 1.281 3.36045e-17)
(-0.676408 1.05494 2.22441e-17)
(-0.485287 0.789918 0)
(-0.341644 0.494168 -1.62282e-19)
(-0.254406 0.178603 -6.37296e-17)
(-0.202977 -0.0651816 -1.32244e-16)
(-1.91414 0.663017 -2.30901e-18)
(-1.85673 0.987721 -1.23852e-18)
(-1.70389 1.22009 -9.41626e-18)
(-1.48303 1.33478 2.86427e-18)
(-1.22406 1.32696 8.97486e-18)
(-0.964275 1.21394 -3.20466e-17)
(-0.725991 1.02747 -2.09554e-17)
(-0.521241 0.796306 0)
(-0.35682 0.535575 0)
(-0.246573 0.261339 -3.25179e-17)
(-0.203482 -0.00776213 -1.71421e-17)
(-0.237692 -0.225535 -2.13992e-16)
(-1.78311 0.647684 6.20893e-19)
(-1.68753 0.918186 5.99208e-18)
(-1.50822 1.09677 1.09287e-17)
(-1.27461 1.16348 0)
(-1.01938 1.12054 -9.19486e-18)
(-0.775612 0.988286 4.27881e-17)
(-0.561986 0.796635 -2.18114e-17)
(-0.38754 0.571529 0)
(-0.259012 0.331859 0)
(-0.186643 0.0972085 0)
(-0.176942 -0.110178 0)
(-0.219628 -0.250569 1.76227e-16)
(-1.60734 0.613083 0)
(-1.48396 0.832848 -3.95916e-18)
(-1.28886 0.962793 -1.38883e-18)
(-1.05508 0.990603 2.92961e-18)
(-0.814078 0.92324 6.21925e-18)
(-0.594149 0.781452 -3.02684e-17)
(-0.410728 0.593125 7.26385e-18)
(-0.271772 0.384748 0)
(-0.18195 0.176151 -3.63826e-17)
(-0.145012 -0.0139785 3.2548e-17)
(-0.159395 -0.167596 -4.85317e-17)
(-0.20843 -0.255233 -1.68421e-16)
(-1.41136 0.564077 1.95309e-18)
(-1.26612 0.737506 6.71056e-19)
(-1.06337 0.826314 0)
(-0.836787 0.824175 -2.97186e-18)
(-0.614746 0.740818 -1.88351e-17)
(-0.422009 0.596862 -3.3318e-18)
(-0.271516 0.419278 1.90748e-20)
(-0.168534 0.233842 -3.20511e-17)
(-0.114997 0.0590779 2.74483e-17)
(-0.10825 -0.090591 -3.28679e-17)
(-0.139695 -0.202872 6.39025e-17)
(-0.186326 -0.251205 -1.31464e-19)
(-1.21214 0.50427 -3.2489e-18)
(-1.04977 0.637258 2.03851e-18)
(-0.84436 0.692715 -1.42385e-18)
(-0.627692 0.668494 2.94776e-18)
(-0.42621 0.576097 2.47836e-17)
(-0.261359 0.436089 3.30464e-18)
(-0.142743 0.27364 2.1765e-17)
(-0.0726005 0.113257 5.67952e-17)
(-0.0503567 -0.0295687 9.33938e-18)
(-0.0690897 -0.145043 0)
(-0.115242 -0.224883 0)
(-0.16053 -0.239625 1.78356e-16)
(-1.02276 0.43654 -1.97971e-26)
(-0.846721 0.535678 -4.13303e-18)
(-0.640754 0.565143 -1.27667e-17)
(-0.43472 0.525688 0)
(-0.252811 0.430144 0)
(-0.113478 0.298229 -6.72171e-18)
(-0.0229091 0.152757 7.44103e-18)
(0.0196266 0.0167459 -6.72675e-17)
(0.0161539 -0.0976236 -4.92254e-17)
(-0.024385 -0.184204 2.45536e-17)
(-0.0851337 -0.237159 1.25249e-16)
(-0.13013 -0.221012 3.8927e-16)
(-0.852365 0.363204 2.06617e-18)
(-0.66549 0.434841 7.73018e-18)
(-0.459817 0.444984 2.17785e-17)
(-0.26305 0.396308 -2.43207e-17)
(-0.0975175 0.302206 -2.26681e-17)
(0.0208542 0.180916 -1.05732e-17)
(0.0888512 0.0524943 7.89624e-18)
(0.109847 -0.0609905 3.62756e-17)
(0.0859852 -0.150234 1.30236e-16)
(0.0268159 -0.211651 1.11309e-16)
(-0.0491546 -0.240866 9.88689e-20)
(-0.0978919 -0.19582 2.79464e-19)
(-0.706539 0.285656 -2.98635e-18)
(-0.511199 0.335504 -6.11213e-18)
(-0.305586 0.332152 -1.2574e-17)
(-0.115485 0.279238 4.96251e-17)
(0.0381905 0.190113 2.84174e-17)
(0.141434 0.0808467 3.92897e-18)
(0.193005 -0.03114 -3.56172e-17)
(0.198458 -0.124088 0)
(0.15913 -0.190633 1.71187e-20)
(0.0845039 -0.229428 -2.70512e-16)
(-0.00734473 -0.23633 -2.29948e-16)
(-0.0647753 -0.164106 6.74954e-17)
(-0.585999 0.206007 0)
(-0.384201 0.238861 9.30411e-18)
(-0.177847 0.22661 -1.73454e-17)
(0.00881084 0.173023 -3.2465e-17)
(0.155439 0.091097 -3.08539e-17)
(0.249893 -0.00569646 -1.4755e-17)
(0.290835 -0.101985 -3.0581e-21)
(0.285682 -0.176163 -9.47597e-17)
(0.234649 -0.221876 -2.83879e-16)
(0.147663 -0.239668 2.03617e-16)
(0.0396651 -0.224591 0)
(-0.032151 -0.127235 -1.43219e-15)
(-0.48216 0.132817 0)
(-0.275682 0.153204 -2.15681e-17)
(-0.0675974 0.134797 2.20983e-17)
(0.11868 0.0801496 -6.68627e-18)
(0.261726 0.0041551 1.23512e-16)
(0.353269 -0.0831141 6.17964e-17)
(0.386912 -0.164268 6.82368e-17)
(0.372152 -0.221758 1.57411e-16)
(0.310893 -0.247267 1.92358e-16)
(0.215842 -0.243452 0)
(0.096773 -0.202421 0)
(-0.00491293 -0.0898893 1.2416e-15)
(-0.357406 0.0756371 -1.46554e-17)
(-0.150999 0.0850684 1.49258e-16)
(0.0527346 0.0618461 7.01853e-17)
(0.238827 0.00533871 1.39004e-16)
(0.378029 -0.0644039 -1.27951e-16)
(0.472301 -0.140694 -3.15096e-17)
(0.486673 -0.209478 4.22926e-17)
(0.452069 -0.238609 -3.44239e-17)
(0.380118 -0.243321 4.08062e-17)
(0.284604 -0.224431 0)
(0.151296 -0.174481 0)
(0.0148276 -0.0510188 2.6176e-15)
(-0.814425 -0.493126 0)
(-0.852773 -0.359197 -3.75997e-17)
(-0.932562 -0.282487 5.1377e-18)
(-1.01743 -0.136729 0)
(-1.07848 0.0707731 0)
(-1.09868 0.329412 3.74187e-18)
(-1.06678 0.624656 5.60365e-18)
(-0.965391 0.939589 -1.98736e-18)
(-0.779093 1.25248 8.2875e-18)
(-0.501396 1.53527 0)
(-0.150024 1.76376 4.62906e-18)
(0.255268 1.91223 1.21434e-18)
(-0.659311 -0.385348 0)
(-0.802533 -0.304843 0)
(-0.890262 -0.206281 -2.09815e-17)
(-0.958517 -0.0424394 0)
(-0.999296 0.170933 -3.99709e-18)
(-1.00088 0.424727 7.7318e-18)
(-0.95438 0.706541 -1.96595e-17)
(-0.84661 1.00209 -2.01532e-18)
(-0.663845 1.29203 2.18346e-18)
(-0.401251 1.55131 9.45299e-18)
(-0.0732493 1.75576 0)
(0.298211 1.87982 -1.20225e-18)
(-0.577297 -0.309651 0)
(-0.743311 -0.248925 -7.83902e-18)
(-0.841211 -0.135126 3.24681e-17)
(-0.896657 0.0395684 -4.62192e-18)
(-0.921514 0.25459 0)
(-0.907978 0.499998 -1.20387e-17)
(-0.849313 0.764581 2.80776e-17)
(-0.736123 1.03592 0)
(-0.557388 1.297 0)
(-0.309977 1.52492 -8.22254e-18)
(-0.00735579 1.69621 3.70224e-18)
(0.32738 1.78716 1.25734e-18)
(-0.479504 -0.219054 0)
(-0.682366 -0.190715 0)
(-0.787759 -0.0697331 -2.27657e-17)
(-0.833391 0.110488 4.79756e-18)
(-0.846204 0.323838 -4.38482e-18)
(-0.821222 0.558138 3.72564e-17)
(-0.753593 0.802849 -4.04315e-18)
(-0.63681 1.04641 1.0737e-17)
(-0.46326 1.27406 -1.13756e-17)
(-0.231954 1.46477 9.62681e-18)
(0.0434452 1.59676 -4.8861e-18)
(0.339319 1.64866 -1.2522e-18)
(-0.398508 -0.14303 0)
(-0.618834 -0.136069 3.39783e-17)
(-0.731528 -0.0106865 2.41896e-17)
(-0.769875 0.171574 0)
(-0.774222 0.38096 -1.39081e-17)
(-0.74144 0.602252 -2.60858e-17)
(-0.668367 0.82565 -2.80044e-17)
(-0.550648 1.03963 6.7074e-18)
(-0.383935 1.23145 9.18732e-18)
(-0.169888 1.38224 -9.59453e-18)
(0.0774446 1.47269 0)
(0.334774 1.48548 0)
(-0.31765 -0.0681186 0)
(-0.552569 -0.0866078 -3.61822e-17)
(-0.672943 0.0417759 6.5708e-18)
(-0.706561 0.223862 -5.56789e-18)
(-0.705973 0.428044 1.98085e-17)
(-0.668942 0.635355 4.62536e-18)
(-0.593959 0.837047 1.35791e-17)
(-0.478333 1.02133 -3.91044e-17)
(-0.320474 1.17731 2.38102e-18)
(-0.124709 1.28858 -1.22174e-18)
(0.0947231 1.33844 1.25291e-18)
(0.315589 1.31473 0)
(-0.24026 -0.00555581 0)
(-0.482457 -0.0457829 -7.97826e-17)
(-0.611239 0.0869658 0)
(-0.643056 0.267915 -2.4658e-17)
(-0.641171 0.46672 1.64219e-17)
(-0.60353 0.660051 3.04348e-17)
(-0.53012 0.840689 -2.48251e-18)
(-0.419622 0.996569 1.70439e-17)
(-0.272666 1.11866 0)
(-0.0958947 1.19312 -1.25648e-18)
(0.096385 1.20589 1.28055e-18)
(0.283742 1.14963 0)
(-0.165442 0.0427046 0)
(-0.406464 -0.0167277 -1.15268e-17)
(-0.544602 0.124081 8.66214e-18)
(-0.578042 0.303828 -2.85155e-17)
(-0.578675 0.497916 -4.97944e-17)
(-0.544304 0.678167 -1.71486e-17)
(-0.475937 0.839419 -5.47952e-18)
(-0.373546 0.969397 -2.41325e-17)
(-0.239311 1.06109 2.65853e-18)
(-0.0819743 1.10298 -1.19595e-17)
(0.0842641 1.08364 1.34176e-18)
(0.241315 0.999547 0)
(-0.0921415 0.0720786 -4.85334e-16)
(-0.321311 -0.00389342 1.14266e-16)
(-0.469716 0.151667 -7.58653e-17)
(-0.509451 0.330983 -8.87581e-18)
(-0.516659 0.521532 3.02837e-17)
(-0.489545 0.690305 6.79476e-18)
(-0.429723 0.834722 -6.36843e-18)
(-0.338235 0.942176 -6.88307e-20)
(-0.218487 1.00793 0)
(-0.0808383 1.02241 1.17201e-17)
(0.060463 0.976688 0)
(0.190145 0.869922 0)
(-0.0208512 0.0730609 5.66588e-16)
(-0.222071 -0.0135751 -1.83317e-16)
(-0.383451 0.165895 1.39344e-16)
(-0.435456 0.347281 9.65365e-17)
(-0.453033 0.535426 9.96978e-18)
(-0.436984 0.694509 3.51356e-17)
(-0.389059 0.825188 -3.62585e-17)
(-0.31098 0.914204 2.26991e-17)
(-0.207456 0.959397 3.65834e-18)
(-0.0896179 0.951948 1.43818e-17)
(0.0278032 0.885837 -7.18965e-18)
(0.132861 0.761555 0)
(0.0502605 0.0393232 0)
(-0.0991242 -0.0528794 2.82489e-16)
(-0.282657 0.158649 -2.5671e-16)
(-0.354421 0.346606 4.0402e-17)
(-0.384722 0.530397 -3.2213e-17)
(-0.382659 0.680553 -5.52364e-17)
(-0.34914 0.801267 6.83455e-17)
(-0.285774 0.877332 -5.78917e-18)
(-0.200806 0.908949 0)
(-0.10236 0.884458 -2.16224e-17)
(-0.00662055 0.803989 3.25932e-17)
(0.0774168 0.666762 0)
(0.106427 -0.0426203 -1.40823e-15)
(0.0227384 -0.104165 6.69009e-16)
(-0.15729 0.113846 7.03656e-16)
(-0.246902 0.318005 0)
(-0.283271 0.480231 -2.54964e-16)
(-0.292672 0.609494 -1.91044e-16)
(-0.27664 0.717601 7.31774e-17)
(-0.237494 0.785165 -1.28784e-17)
(-0.178162 0.818234 1.39083e-17)
(-0.0931538 0.781035 0)
(-0.0236159 0.69162 9.20242e-20)
(0.0383156 0.545935 1.29309e-17)
)
;

boundaryField
{
    rotor
    {
        type            noSlip;
    }
    stator
    {
        type            noSlip;
    }
    front
    {
        type            empty;
    }
    back
    {
        type            empty;
    }
}


// ************************************************************************* //
