/*--------------------------------*- C++ -*----------------------------------*\
| =========                 |                                                 |
| \\      /  F ield         | OpenFOAM: The Open Source CFD Toolbox           |
|  \\    /   O peration     | Version:  v1912                                 |
|   \\  /    A nd           | Website:  www.openfoam.com                      |
|    \\/     M anipulation  |                                                 |
\*---------------------------------------------------------------------------*/
FoamFile
{
    version     2.0;
    format      ascii;
    class       surfaceScalarField;
    location    "50";
    object      phi;
}
// * * * * * * * * * * * * * * * * * * * * * * * * * * * * * * * * * * * * * //

dimensions      [0 3 -1 0 0 0 0];
oriented        oriented;


internalField   nonuniform List<scalar> 
5952
(
5.02037e-06
-4.79451e-06
-3.23501e-06
8.2699e-06
-2.21888e-05
1.89458e-05
-4.2977e-05
2.07861e-05
-6.03326e-05
1.73513e-05
-7.48653e-05
1.4527e-05
-8.64265e-05
1.15598e-05
-9.552e-05
9.08788e-06
-0.000102198
6.67783e-06
-0.00010667
4.46864e-06
-0.000109102
2.43309e-06
5.49599e-07
-0.000109653
-2.0568e-05
1.57805e-05
-3.90374e-05
2.67438e-05
-5.13174e-05
3.12245e-05
-6.03058e-05
2.97724e-05
-6.88573e-05
2.58999e-05
-7.64654e-05
2.21312e-05
-8.30105e-05
1.81029e-05
-8.81088e-05
1.41824e-05
-9.17518e-05
1.032e-05
-9.39426e-05
6.6567e-06
-9.47181e-05
3.20902e-06
1.22542e-08
-9.4182e-05
-1.86986e-05
3.44844e-05
-3.4073e-05
4.21202e-05
-4.5201e-05
4.23519e-05
-5.3753e-05
3.83226e-05
-6.15241e-05
3.3669e-05
-6.82179e-05
2.88219e-05
-7.38049e-05
2.36882e-05
-7.81271e-05
1.85019e-05
-8.11345e-05
1.33266e-05
-8.27739e-05
8.29464e-06
-8.30351e-05
3.47024e-06
-1.10332e-06
-8.19198e-05
-1.65573e-05
5.10434e-05
-2.8905e-05
5.44684e-05
-3.87115e-05
5.21575e-05
-4.70843e-05
4.66931e-05
-5.43619e-05
4.09447e-05
-6.04548e-05
3.49122e-05
-6.53948e-05
2.8627e-05
-6.91209e-05
2.2226e-05
-7.15708e-05
1.57759e-05
-7.26608e-05
9.3834e-06
-7.23339e-05
3.14343e-06
-2.85854e-06
-7.0579e-05
-1.41247e-05
6.51675e-05
-2.43136e-05
6.46563e-05
-3.25413e-05
6.03835e-05
-3.97176e-05
5.38669e-05
-4.59907e-05
4.72159e-05
-5.1353e-05
4.02719e-05
-5.57595e-05
3.30322e-05
-5.90798e-05
2.55443e-05
-6.12111e-05
1.79067e-05
-6.20288e-05
1.01997e-05
-6.13877e-05
2.50249e-06
-5.01618e-06
-5.92308e-05
-1.02063e-05
7.5372e-05
-1.85179e-05
7.29666e-05
-2.51493e-05
6.70126e-05
-3.10033e-05
5.97196e-05
-3.62058e-05
5.24154e-05
-4.07834e-05
4.48491e-05
-4.46532e-05
3.68992e-05
-4.7647e-05
2.85387e-05
-4.95898e-05
1.98472e-05
-5.02445e-05
1.08559e-05
-4.93945e-05
1.6509e-06
-7.45632e-06
-4.69522e-05
-6.86475e-06
8.22336e-05
-1.17309e-05
7.78294e-05
-1.64999e-05
7.17801e-05
-2.08886e-05
6.4105e-05
-2.49116e-05
5.64379e-05
-2.85871e-05
4.85217e-05
-3.1791e-05
4.0104e-05
-3.43547e-05
3.11e-05
-3.60175e-05
2.15118e-05
-3.64917e-05
1.13288e-05
-3.55169e-05
6.78723e-07
-1.00686e-05
-3.29048e-05
-1.79448e-06
8.40238e-05
-4.64884e-06
8.06802e-05
-6.97984e-06
7.41068e-05
-9.50309e-06
6.66248e-05
-1.21505e-05
5.90822e-05
-1.47737e-05
5.11429e-05
-1.71668e-05
4.24957e-05
-1.91045e-05
3.3037e-05
-2.0324e-05
2.2731e-05
-2.05206e-05
1.15258e-05
-1.93806e-05
-4.606e-07
-1.28501e-05
-1.65979e-05
2.33525e-06
8.16775e-05
3.9796e-06
7.90278e-05
4.1769e-06
7.39028e-05
3.30364e-06
6.74925e-05
1.96854e-06
6.04122e-05
4.27757e-07
5.26802e-05
-1.04639e-06
4.39669e-05
-2.19414e-06
3.4183e-05
-2.77584e-06
2.33116e-05
-2.48518e-06
1.12348e-05
-9.81407e-07
-1.9641e-06
-1.59753e-05
2.14437e-06
7.97571e-06
7.36978e-05
1.2513e-05
7.44834e-05
1.59115e-05
7.04984e-05
1.70039e-05
6.63942e-05
1.69799e-05
6.04314e-05
1.64826e-05
5.31737e-05
1.59448e-05
4.45016e-05
1.56877e-05
3.44384e-05
1.59247e-05
2.30732e-05
1.69835e-05
1.01759e-05
1.92139e-05
-4.19467e-06
-1.98685e-05
2.31081e-05
1.62263e-05
5.74612e-05
2.54493e-05
6.52538e-05
2.96112e-05
6.63309e-05
3.1661e-05
6.43384e-05
3.24756e-05
5.96112e-05
3.27762e-05
5.28681e-05
3.30547e-05
4.42194e-05
3.36898e-05
3.38002e-05
3.48692e-05
2.18922e-05
3.70162e-05
8.02785e-06
4.05023e-05
-7.68086e-06
-2.5219e-05
4.58535e-05
2.34753e-05
3.39811e-05
3.66383e-05
5.20881e-05
4.33887e-05
5.95772e-05
4.63669e-05
6.13571e-05
4.77626e-05
5.82118e-05
4.86567e-05
5.19706e-05
4.96089e-05
4.32645e-05
5.11262e-05
3.22808e-05
5.34076e-05
1.96095e-05
5.71098e-05
4.32485e-06
6.25803e-05
-1.31512e-05
7.01289e-05
-3.27669e-05
-0.0001085
-1.15151e-06
-0.000105797
-2.70281e-06
-0.000101605
-4.18862e-06
-9.59608e-05
-5.6417e-06
-8.88606e-05
-7.09622e-06
-8.02505e-05
-8.60668e-06
-7.004e-05
-1.0206e-05
-5.81214e-05
-1.19138e-05
-4.43546e-05
-1.37626e-05
-2.87562e-05
-1.5593e-05
-1.21198e-05
-1.66253e-05
-1.2116e-05
-9.24161e-05
-2.91573e-06
-8.95248e-05
-5.59372e-06
-8.56277e-05
-8.08288e-06
-8.08601e-05
-1.04072e-05
-7.52924e-05
-1.26604e-05
-6.89541e-05
-1.49417e-05
-6.17815e-05
-1.73742e-05
-5.3578e-05
-2.01125e-05
-4.40778e-05
-2.32576e-05
-3.27796e-05
-2.68861e-05
-1.8999e-05
-3.03987e-05
-3.11131e-05
-7.9509e-05
-5.32568e-06
-7.59885e-05
-9.11342e-06
-7.16044e-05
-1.24654e-05
-6.65794e-05
-1.54305e-05
-6.11065e-05
-1.81311e-05
-5.52744e-05
-2.07714e-05
-4.90476e-05
-2.3598e-05
-4.2276e-05
-2.68806e-05
-3.46509e-05
-3.08792e-05
-2.59659e-05
-3.55677e-05
-1.51605e-05
-4.12007e-05
-4.6273e-05
-6.75052e-05
-8.39895e-06
-6.33113e-05
-1.33069e-05
-5.82846e-05
-1.74911e-05
-5.27495e-05
-2.09645e-05
-4.70129e-05
-2.38661e-05
-4.13214e-05
-2.6461e-05
-3.58059e-05
-2.91112e-05
-3.04489e-05
-3.22351e-05
-2.49456e-05
-3.63804e-05
-1.89085e-05
-4.16034e-05
-1.15199e-05
-4.85885e-05
-5.77905e-05
-5.56464e-05
-1.19826e-05
-5.08777e-05
-1.80756e-05
-4.52821e-05
-2.30854e-05
-3.92877e-05
-2.69578e-05
-3.33373e-05
-2.98145e-05
-2.78179e-05
-3.19786e-05
-2.29907e-05
-3.39361e-05
-1.8956e-05
-3.6268e-05
-1.55174e-05
-3.98173e-05
-1.19815e-05
-4.51368e-05
-7.27851e-06
-5.3285e-05
-6.50669e-05
-4.29748e-05
-1.59605e-05
-3.77357e-05
-2.33122e-05
-3.16826e-05
-2.91373e-05
-2.5339e-05
-3.32982e-05
-1.92747e-05
-3.58761e-05
-1.40013e-05
-3.72483e-05
-9.89241e-06
-3.80417e-05
-7.09252e-06
-3.90644e-05
-5.5473e-06
-4.13567e-05
-4.68483e-06
-4.59943e-05
-3.52528e-06
-5.4439e-05
-6.85848e-05
-2.86433e-05
-2.0219e-05
-2.30559e-05
-2.88981e-05
-1.6689e-05
-3.55003e-05
-1.01601e-05
-3.98239e-05
-4.14014e-06
-4.18912e-05
7.50882e-07
-4.2135e-05
4.05173e-06
-4.13374e-05
5.50373e-06
-4.05104e-05
5.093e-06
-4.09437e-05
3.22147e-06
-4.41152e-05
9.76607e-07
-5.21813e-05
-6.76059e-05
-1.20771e-05
-2.47384e-05
-6.20718e-06
-3.47655e-05
3.17993e-07
-4.20229e-05
6.81834e-06
-4.63201e-05
1.25504e-05
-4.76195e-05
1.68215e-05
-4.64012e-05
1.91362e-05
-4.36481e-05
1.91598e-05
-4.05316e-05
1.67599e-05
-3.85371e-05
1.21008e-05
-3.94525e-05
6.14656e-06
-4.62234e-05
-6.14496e-05
7.07158e-06
-2.96641e-05
1.32661e-05
-4.09581e-05
1.97925e-05
-4.85462e-05
2.59761e-05
-5.25002e-05
3.10918e-05
-5.27313e-05
3.44133e-05
-4.97192e-05
3.55169e-05
-4.47485e-05
3.40607e-05
-3.90717e-05
2.97574e-05
-3.42345e-05
2.2477e-05
-3.21683e-05
1.25194e-05
-3.62535e-05
-4.89309e-05
2.88495e-05
-3.54042e-05
3.55665e-05
-4.76728e-05
4.19307e-05
-5.49072e-05
4.74324e-05
-5.79988e-05
5.14798e-05
-5.6775e-05
5.3413e-05
-5.16499e-05
5.30428e-05
-4.4376e-05
5.01243e-05
-3.61529e-05
4.41989e-05
-2.83061e-05
3.46753e-05
-2.26426e-05
2.07565e-05
-2.23364e-05
-2.81656e-05
5.30161e-05
-4.25649e-05
6.04046e-05
-5.50585e-05
6.63782e-05
-6.08772e-05
7.08272e-05
-6.24443e-05
7.32168e-05
-5.91615e-05
7.3276e-05
-5.17067e-05
7.11894e-05
-4.22878e-05
6.69235e-05
-3.18856e-05
5.99545e-05
-2.13381e-05
4.93778e-05
-1.20652e-05
3.22807e-05
-5.23304e-06
4.10835e-06
7.88909e-05
-5.13255e-05
8.63628e-05
-6.2528e-05
9.15532e-05
-6.60651e-05
9.45717e-05
-6.54602e-05
9.48426e-05
-5.94308e-05
9.2813e-05
-4.96757e-05
8.9021e-05
-3.84953e-05
8.36753e-05
-2.65403e-05
7.63834e-05
-1.40454e-05
6.61697e-05
-1.85293e-06
4.82998e-05
1.26326e-05
5.24111e-05
4.62135e-06
-4.62342e-06
-3.95678e-06
8.58536e-06
-2.30399e-05
1.90838e-05
-4.36087e-05
2.05692e-05
-6.08695e-05
1.72622e-05
-7.5286e-05
1.44143e-05
-8.67743e-05
1.14901e-05
-9.58127e-05
9.03542e-06
-0.000102446
6.63551e-06
-0.000106884
4.43476e-06
-0.000109288
2.40618e-06
5.2718e-07
-0.000109817
-2.08452e-05
1.62221e-05
-3.91709e-05
2.69116e-05
-5.13005e-05
3.1213e-05
-6.03571e-05
2.96251e-05
-6.89215e-05
2.58262e-05
-7.65562e-05
2.20473e-05
-8.31238e-05
1.80578e-05
-8.82028e-05
1.41125e-05
-9.18326e-05
1.02659e-05
-9.40085e-05
6.60904e-06
-9.47706e-05
3.16924e-06
-2.05021e-08
-9.42238e-05
-1.87152e-05
3.49356e-05
-3.40262e-05
4.22215e-05
-4.5124e-05
4.23094e-05
-5.3721e-05
3.82201e-05
-6.15218e-05
3.3626e-05
-6.82365e-05
2.87598e-05
-7.38111e-05
2.36321e-05
-7.81335e-05
1.84332e-05
-8.11302e-05
1.3263e-05
-8.27589e-05
8.23662e-06
-8.30088e-05
3.41992e-06
-1.14197e-06
-8.18876e-05
-1.6525e-05
5.14586e-05
-2.8855e-05
5.4549e-05
-3.86534e-05
5.21058e-05
-4.70629e-05
4.66264e-05
-5.4335e-05
4.08963e-05
-6.04207e-05
3.4843e-05
-6.53401e-05
2.85508e-05
-6.90501e-05
2.21415e-05
-7.14822e-05
1.56952e-05
-7.25579e-05
9.31124e-06
-7.22198e-05
3.08262e-06
-2.89952e-06
-7.04626e-05
-1.40708e-05
6.55266e-05
-2.42496e-05
6.4727e-05
-3.24864e-05
6.03391e-05
-3.96727e-05
5.38113e-05
-4.59321e-05
4.71514e-05
-5.12706e-05
4.01813e-05
-5.56461e-05
3.29219e-05
-5.89313e-05
2.54281e-05
-6.10368e-05
1.77965e-05
-6.18277e-05
1.0105e-05
-6.11738e-05
2.42514e-06
-5.05425e-06
-5.90154e-05
-1.01719e-05
7.56976e-05
-1.84847e-05
7.30365e-05
-2.51082e-05
6.6962e-05
-3.09474e-05
5.9645e-05
-3.61166e-05
5.23209e-05
-4.06588e-05
4.47167e-05
-4.44767e-05
3.67425e-05
-4.74228e-05
2.83672e-05
-4.93151e-05
1.9693e-05
-4.99391e-05
1.07228e-05
-4.90694e-05
1.56085e-06
-7.48851e-06
-4.66389e-05
-6.8655e-06
8.25582e-05
-1.17164e-05
7.78849e-05
-1.64671e-05
7.17083e-05
-2.08226e-05
6.39975e-05
-2.48002e-05
5.62932e-05
-2.84174e-05
4.83328e-05
-3.15616e-05
3.98821e-05
-3.40611e-05
3.08672e-05
-3.56662e-05
2.12948e-05
-3.60952e-05
1.11539e-05
-3.51079e-05
5.72123e-07
-1.00824e-05
-3.25108e-05
-1.82426e-06
8.43755e-05
-4.66545e-06
8.07206e-05
-6.96772e-06
7.40037e-05
-9.43995e-06
6.64645e-05
-1.20244e-05
5.88733e-05
-1.45777e-05
5.08824e-05
-1.68977e-05
4.21993e-05
-1.87641e-05
3.27316e-05
-1.99215e-05
2.24509e-05
-2.0077e-05
1.13092e-05
-1.89281e-05
-5.76053e-07
-1.28344e-05
-1.61749e-05
2.3027e-06
8.20684e-05
3.95608e-06
7.90597e-05
4.18461e-06
7.3772e-05
3.36388e-06
6.72777e-05
2.09702e-06
6.01342e-05
6.3116e-07
5.23432e-05
-7.66173e-07
4.3593e-05
-1.84271e-06
3.38053e-05
-2.36721e-06
2.29737e-05
-2.04588e-06
1.09874e-05
-5.47568e-07
-2.07413e-06
-1.59087e-05
2.52795e-06
7.93879e-06
7.41206e-05
1.24856e-05
7.45091e-05
1.59116e-05
7.03348e-05
1.7052e-05
6.61318e-05
1.70948e-05
6.00854e-05
1.66714e-05
5.27617e-05
1.62064e-05
4.40543e-05
1.60141e-05
3.39944e-05
1.62974e-05
2.26889e-05
1.73691e-05
9.91479e-06
1.95704e-05
-4.2748e-06
-1.97186e-05
2.33815e-05
1.6277e-05
5.78414e-05
2.54305e-05
6.5348e-05
2.95919e-05
6.61738e-05
3.1685e-05
6.40314e-05
3.25653e-05
5.9198e-05
3.29342e-05
5.23871e-05
3.32762e-05
4.37069e-05
3.39663e-05
3.33006e-05
3.51779e-05
2.14746e-05
3.73162e-05
7.77542e-06
4.07408e-05
-7.69951e-06
-2.49429e-05
4.59663e-05
2.35466e-05
3.42922e-05
3.66486e-05
5.22475e-05
4.33509e-05
5.9462e-05
4.63698e-05
6.10084e-05
4.78298e-05
5.77336e-05
4.87826e-05
5.14295e-05
4.97872e-05
4.26984e-05
5.13477e-05
3.17371e-05
5.36441e-05
1.91762e-05
5.73076e-05
4.11121e-06
6.2675e-05
-1.30666e-05
7.00608e-05
-3.23274e-05
-0.000108647
-1.16719e-06
-0.000105928
-2.71942e-06
-0.000101725
-4.20128e-06
-9.60674e-05
-5.65688e-06
-8.89572e-05
-7.10803e-06
-8.03324e-05
-8.62345e-06
-7.01096e-05
-1.02208e-05
-5.81753e-05
-1.19324e-05
-4.43918e-05
-1.37818e-05
-2.87789e-05
-1.56108e-05
-1.21278e-05
-1.66474e-05
-1.21264e-05
-9.24495e-05
-2.94011e-06
-8.95554e-05
-5.61351e-06
-8.56566e-05
-8.09833e-06
-8.08918e-05
-1.04208e-05
-7.53239e-05
-1.2674e-05
-6.89892e-05
-1.49569e-05
-6.18167e-05
-1.73912e-05
-5.36142e-05
-2.01329e-05
-4.41124e-05
-2.32814e-05
-3.28069e-05
-2.69145e-05
-1.90219e-05
-3.04296e-05
-3.11475e-05
-7.9476e-05
-5.35078e-06
-7.59613e-05
-9.12782e-06
-7.15864e-05
-1.2472e-05
-6.65729e-05
-1.54335e-05
-6.11113e-05
-1.81344e-05
-5.52889e-05
-2.07781e-05
-4.90689e-05
-2.361e-05
-4.23005e-05
-2.68997e-05
-3.46749e-05
-3.09053e-05
-2.59852e-05
-3.56024e-05
-1.51721e-05
-4.12413e-05
-4.63192e-05
-6.73955e-05
-8.41656e-06
-6.32173e-05
-1.33058e-05
-5.82117e-05
-1.74761e-05
-5.27004e-05
-2.09442e-05
-4.69863e-05
-2.3847e-05
-4.13142e-05
-2.64491e-05
-3.58129e-05
-2.91097e-05
-3.04639e-05
-3.22471e-05
-2.49629e-05
-3.64048e-05
-1.89247e-05
-4.16393e-05
-1.15317e-05
-4.86337e-05
-5.78479e-05
-5.545e-05
-1.19841e-05
-5.07091e-05
-1.80433e-05
-4.5152e-05
-2.30334e-05
-3.9196e-05
-2.68974e-05
-3.32822e-05
-2.97593e-05
-2.7792e-05
-3.19369e-05
-2.29866e-05
-3.3913e-05
-1.89657e-05
-3.62662e-05
-1.55334e-05
-3.98345e-05
-1.19986e-05
-4.51731e-05
-7.28664e-06
-5.3336e-05
-6.51324e-05
-4.26893e-05
-1.59286e-05
-3.75003e-05
-2.32328e-05
-3.15019e-05
-2.90273e-05
-2.52155e-05
-3.31814e-05
-1.91999e-05
-3.5771e-05
-1.39647e-05
-3.71684e-05
-9.88152e-06
-3.79929e-05
-7.09682e-06
-3.9047e-05
-5.56026e-06
-4.13679e-05
-4.69532e-06
-4.60266e-05
-3.53398e-06
-5.44944e-05
-6.86559e-05
-2.82979e-05
-2.01407e-05
-2.27769e-05
-2.87499e-05
-1.64854e-05
-3.53156e-05
-1.0027e-05
-3.9635e-05
-4.06592e-06
-4.17274e-05
7.82715e-07
-4.20122e-05
4.05676e-06
-4.12624e-05
5.49429e-06
-4.04798e-05
5.0818e-06
-4.0948e-05
3.20827e-06
-4.41517e-05
9.73501e-07
-5.22379e-05
-6.76802e-05
-1.17194e-05
-2.45939e-05
-5.93518e-06
-3.45315e-05
5.01841e-07
-4.17486e-05
6.92269e-06
-4.6052e-05
1.25961e-05
-4.73962e-05
1.68293e-05
-4.62415e-05
1.91252e-05
-4.35541e-05
1.91434e-05
-4.04944e-05
1.67424e-05
-3.85449e-05
1.20909e-05
-3.94877e-05
6.13831e-06
-4.62857e-05
-6.15318e-05
7.36753e-06
-2.94317e-05
1.34611e-05
-4.06222e-05
1.98949e-05
-4.8179e-05
2.60037e-05
-5.21571e-05
3.10742e-05
-5.24632e-05
3.43768e-05
-4.95409e-05
3.54799e-05
-4.46546e-05
3.40319e-05
-3.90444e-05
2.97422e-05
-3.42517e-05
2.24684e-05
-3.22165e-05
1.25173e-05
-3.63199e-05
-4.90176e-05
2.90078e-05
-3.50559e-05
3.56125e-05
-4.72238e-05
4.18926e-05
-5.44562e-05
4.73384e-05
-5.75995e-05
5.13699e-05
-5.64923e-05
5.3316e-05
-5.14848e-05
5.29734e-05
-4.43106e-05
5.00851e-05
-3.61552e-05
4.41838e-05
-2.83512e-05
3.46789e-05
-2.27063e-05
2.07627e-05
-2.24107e-05
-2.82545e-05
5.29888e-05
-4.2076e-05
6.02706e-05
-5.45028e-05
6.61813e-05
-6.03635e-05
7.06037e-05
-6.20193e-05
7.30148e-05
-5.89013e-05
7.31241e-05
-5.15925e-05
7.10946e-05
-4.22803e-05
6.68778e-05
-3.19381e-05
5.99484e-05
-2.14213e-05
4.93946e-05
-1.2157e-05
3.22978e-05
-5.31411e-06
4.04007e-06
7.86871e-05
-5.07002e-05
8.60959e-05
-6.19094e-05
9.1256e-05
-6.55212e-05
9.42865e-05
-6.50485e-05
9.46144e-05
-5.9228e-05
9.26527e-05
-4.96305e-05
8.89272e-05
-3.85546e-05
8.36393e-05
-2.66509e-05
7.63923e-05
-1.41762e-05
6.6208e-05
-1.97414e-06
4.83451e-05
1.2545e-05
5.23765e-05
4.60881e-06
-4.62699e-06
-4.01249e-06
8.61422e-06
-2.31345e-05
1.91194e-05
-4.37242e-05
2.05841e-05
-6.10023e-05
1.72779e-05
-7.54288e-05
1.44194e-05
-8.69182e-05
1.14899e-05
-9.59568e-05
9.03191e-06
-0.000102587
6.63084e-06
-0.000107017
4.42579e-06
-0.000109409
2.39504e-06
5.15171e-07
-0.000109927
-2.0879e-05
1.62477e-05
-3.92209e-05
2.6954e-05
-5.13568e-05
3.12537e-05
-6.04373e-05
2.96612e-05
-6.90186e-05
2.58578e-05
-7.66703e-05
2.20671e-05
-8.32516e-05
1.807e-05
-8.83413e-05
1.41177e-05
-9.19764e-05
1.02659e-05
-9.41556e-05
6.60249e-06
-9.49161e-05
3.157e-06
-3.81953e-08
-9.43637e-05
-1.87427e-05
3.49878e-05
-3.40776e-05
4.22868e-05
-4.51942e-05
4.23687e-05
-5.38131e-05
3.82776e-05
-6.16312e-05
3.36744e-05
-6.83656e-05
2.87984e-05
-7.39585e-05
2.36619e-05
-7.82969e-05
1.84537e-05
-8.13044e-05
1.32733e-05
-8.29383e-05
8.2352e-06
-8.3188e-05
3.40739e-06
-1.16672e-06
-8.20596e-05
-1.65421e-05
5.15273e-05
-2.88978e-05
5.46401e-05
-3.87227e-05
5.21916e-05
-4.7158e-05
4.67101e-05
-5.44564e-05
4.09712e-05
-6.05691e-05
3.49086e-05
-6.55131e-05
2.8605e-05
-6.92436e-05
2.21823e-05
-7.16894e-05
1.5719e-05
-7.27716e-05
9.31634e-06
-7.24347e-05
3.07084e-06
-2.93226e-06
-7.06694e-05
-1.40932e-05
6.56162e-05
-2.42992e-05
6.4842e-05
-3.25622e-05
6.04512e-05
-3.97749e-05
5.39189e-05
-4.60627e-05
4.72561e-05
-5.1435e-05
4.02778e-05
-5.58414e-05
3.30096e-05
-5.91562e-05
2.54951e-05
-6.12776e-05
1.78393e-05
-6.20814e-05
1.01188e-05
-6.14272e-05
2.41627e-06
-5.10047e-06
-5.926e-05
-1.01778e-05
7.57863e-05
-1.8551e-05
7.32096e-05
-2.5188e-05
6.70819e-05
-3.10472e-05
5.97732e-05
-3.62492e-05
5.24526e-05
-4.08229e-05
4.48482e-05
-4.46805e-05
3.68634e-05
-4.76594e-05
2.84722e-05
-4.95858e-05
1.97628e-05
-5.02248e-05
1.07573e-05
-4.93605e-05
1.54962e-06
-7.54887e-06
-4.69114e-05
-6.77619e-06
8.25486e-05
-1.18058e-05
7.82298e-05
-1.65358e-05
7.18046e-05
-2.09123e-05
6.41422e-05
-2.49237e-05
5.64588e-05
-2.85827e-05
4.85014e-05
-3.17657e-05
4.00435e-05
-3.43052e-05
3.10074e-05
-3.59425e-05
2.13992e-05
-3.6396e-05
1.12078e-05
-3.54101e-05
5.6404e-07
-1.01633e-05
-3.27975e-05
-2.09957e-06
8.46413e-05
-4.41619e-06
8.05375e-05
-6.93286e-06
7.43141e-05
-9.49523e-06
6.66973e-05
-1.21297e-05
5.90874e-05
-1.47263e-05
5.10929e-05
-1.70877e-05
4.24007e-05
-1.89931e-05
3.29096e-05
-2.01837e-05
2.25872e-05
-2.03608e-05
1.13831e-05
-1.92145e-05
-5.83713e-07
-1.29376e-05
-1.6441e-05
2.5422e-06
8.20851e-05
3.70544e-06
7.93647e-05
4.11057e-06
7.39013e-05
3.30601e-06
6.74944e-05
2.01174e-06
6.03753e-05
5.09568e-07
5.25893e-05
-9.24655e-07
4.38302e-05
-2.03477e-06
3.40158e-05
-2.58687e-06
2.31362e-05
-2.28087e-06
1.10747e-05
-7.79643e-07
-2.08691e-06
-1.60415e-05
2.32293e-06
7.87177e-06
7.42082e-05
1.25973e-05
7.46332e-05
1.59245e-05
7.05674e-05
1.70306e-05
6.63832e-05
1.70425e-05
6.03575e-05
1.65871e-05
5.30402e-05
1.60918e-05
4.43209e-05
1.58747e-05
3.42293e-05
1.61402e-05
2.28673e-05
1.72083e-05
1.00042e-05
1.94248e-05
-4.30567e-06
-1.9896e-05
2.32781e-05
1.6323e-05
5.78756e-05
2.54815e-05
6.54692e-05
2.9634e-05
6.64107e-05
3.17012e-05
6.4311e-05
3.25511e-05
5.95018e-05
3.2891e-05
5.26948e-05
3.32091e-05
4.39974e-05
3.38828e-05
3.35508e-05
3.50879e-05
2.16582e-05
3.72378e-05
7.85082e-06
4.0698e-05
-7.76839e-06
-2.51902e-05
4.59903e-05
2.35859e-05
3.42891e-05
3.67179e-05
5.23368e-05
4.34366e-05
5.96915e-05
4.64257e-05
6.13194e-05
4.78522e-05
5.8073e-05
4.87768e-05
5.17662e-05
4.97605e-05
4.30102e-05
5.1311e-05
3.19966e-05
5.36116e-05
1.93547e-05
5.7307e-05
4.15286e-06
6.2736e-05
-1.31993e-05
7.02128e-05
-3.2668e-05
-0.000108744
-1.17962e-06
-0.000106011
-2.7329e-06
-0.000101792
-4.21478e-06
-9.61211e-05
-5.66956e-06
-8.89978e-05
-7.1194e-06
-8.03619e-05
-8.63318e-06
-7.01297e-05
-1.02284e-05
-5.81881e-05
-1.19379e-05
-4.44005e-05
-1.37842e-05
-2.87863e-05
-1.56101e-05
-1.21334e-05
-1.66447e-05
-1.21305e-05
-9.25785e-05
-2.96254e-06
-8.9671e-05
-5.63984e-06
-8.57563e-05
-8.12647e-06
-8.09754e-05
-1.04486e-05
-7.53916e-05
-1.26999e-05
-6.9043e-05
-1.49792e-05
-6.18583e-05
-1.74095e-05
-5.36459e-05
-2.01466e-05
-4.41345e-05
-2.32915e-05
-3.28198e-05
-2.69209e-05
-1.9024e-05
-3.0435e-05
-3.11531e-05
-7.96343e-05
-5.38657e-06
-7.61015e-05
-9.17185e-06
-7.17061e-05
-1.25203e-05
-6.66713e-05
-1.54819e-05
-6.119e-05
-1.81793e-05
-5.53501e-05
-2.08171e-05
-4.91151e-05
-2.3642e-05
-4.23349e-05
-2.69242e-05
-3.46998e-05
-3.09238e-05
-2.60027e-05
-3.56154e-05
-1.51808e-05
-4.12544e-05
-4.63337e-05
-6.75854e-05
-8.47009e-06
-6.33831e-05
-1.33738e-05
-5.83499e-05
-1.75526e-05
-5.28097e-05
-2.1021e-05
-4.70689e-05
-2.39188e-05
-4.13731e-05
-2.65113e-05
-3.58529e-05
-2.91605e-05
-3.04903e-05
-3.22847e-05
-2.4981e-05
-3.64316e-05
-1.89346e-05
-4.1661e-05
-1.15354e-05
-4.86535e-05
-5.78672e-05
-5.56691e-05
-1.20607e-05
-5.08974e-05
-1.81457e-05
-4.53019e-05
-2.31471e-05
-3.93092e-05
-2.7013e-05
-3.33608e-05
-2.98657e-05
-2.78423e-05
-3.20283e-05
-2.30145e-05
-3.39865e-05
-1.89774e-05
-3.63206e-05
-1.5535e-05
-3.98729e-05
-1.19949e-05
-4.51994e-05
-7.28596e-06
-5.33572e-05
-6.51516e-05
-4.29342e-05
-1.60392e-05
-3.7701e-05
-2.33774e-05
-3.1657e-05
-2.91908e-05
-2.53232e-05
-3.33445e-05
-1.92674e-05
-3.59196e-05
-1.40003e-05
-3.72926e-05
-9.89473e-06
-3.80896e-05
-7.09573e-06
-3.9117e-05
-5.54954e-06
-4.14142e-05
-4.68649e-06
-4.60584e-05
-3.52646e-06
-5.4513e-05
-6.86716e-05
-2.85465e-05
-2.0289e-05
-2.29758e-05
-2.8948e-05
-1.66275e-05
-3.55367e-05
-1.0116e-05
-3.9854e-05
-4.11014e-06
-4.19219e-05
7.70839e-07
-4.21704e-05
4.06559e-06
-4.13803e-05
5.5146e-06
-4.05611e-05
5.10268e-06
-4.10009e-05
3.2297e-06
-4.41792e-05
9.8288e-07
-5.2255e-05
-6.76869e-05
-1.1943e-05
-2.47874e-05
-6.10135e-06
-3.47889e-05
3.95997e-07
-4.2033e-05
6.8729e-06
-4.63283e-05
1.25889e-05
-4.76355e-05
1.68503e-05
-4.64282e-05
1.91602e-05
-4.36874e-05
1.91819e-05
-4.05812e-05
1.67806e-05
-3.85939e-05
1.21189e-05
-3.95145e-05
6.1589e-06
-4.62922e-05
-6.15191e-05
7.21139e-06
-2.96763e-05
1.33659e-05
-4.09432e-05
1.98582e-05
-4.8524e-05
2.60171e-05
-5.24853e-05
3.11206e-05
-5.27366e-05
3.44388e-05
-4.9744e-05
3.55442e-05
-4.47907e-05
3.40911e-05
-3.91251e-05
2.97892e-05
-3.42931e-05
2.25062e-05
-3.22284e-05
1.25383e-05
-3.63128e-05
-4.89816e-05
2.89634e-05
-3.53623e-05
3.56307e-05
-4.76102e-05
4.1959e-05
-5.4851e-05
4.74394e-05
-5.79642e-05
5.14833e-05
-5.67783e-05
5.34242e-05
-5.16835e-05
5.3067e-05
-4.44321e-05
5.016e-05
-3.62183e-05
4.42419e-05
-2.83725e-05
3.47185e-05
-2.27031e-05
2.07863e-05
-2.23824e-05
-2.81872e-05
5.30857e-05
-4.24583e-05
6.04254e-05
-5.49496e-05
6.63668e-05
-6.07911e-05
7.07996e-05
-6.23954e-05
7.31939e-05
-5.91709e-05
7.32725e-05
-5.17607e-05
7.12093e-05
-4.23681e-05
6.69625e-05
-3.19706e-05
6.00074e-05
-2.14186e-05
4.94367e-05
-1.2132e-05
3.23279e-05
-5.26783e-06
4.13384e-06
7.89143e-05
-5.11602e-05
8.63579e-05
-6.23927e-05
9.15301e-05
-6.59627e-05
9.45418e-05
-6.5406e-05
9.48242e-05
-5.94527e-05
9.28145e-05
-4.97504e-05
8.90446e-05
-3.85982e-05
8.37195e-05
-2.66463e-05
7.64444e-05
-1.41432e-05
6.62409e-05
-1.92972e-06
4.83605e-05
1.26081e-05
5.24971e-05
4.67344e-06
-4.6773e-06
-3.75303e-06
8.43234e-06
-2.27637e-05
1.90109e-05
-4.33907e-05
2.06268e-05
-6.06865e-05
1.7297e-05
-7.51468e-05
1.44575e-05
-8.66669e-05
1.15219e-05
-9.57372e-05
9.06677e-06
-0.000102401
6.66598e-06
-0.000106867
4.46282e-06
-0.000109296
2.43058e-06
5.49104e-07
-0.000109847
-2.0733e-05
1.60555e-05
-3.9099e-05
2.67986e-05
-5.12749e-05
3.1186e-05
-6.03086e-05
2.96594e-05
-6.88681e-05
2.5856e-05
-7.6501e-05
2.20884e-05
-8.3077e-05
1.80978e-05
-8.81725e-05
1.416e-05
-9.18204e-05
1.03143e-05
-9.40166e-05
6.65712e-06
-9.47989e-05
3.21377e-06
1.88256e-08
-9.42699e-05
-1.86889e-05
3.47423e-05
-3.40073e-05
4.21155e-05
-4.51052e-05
4.22823e-05
-5.36836e-05
3.82356e-05
-6.14769e-05
3.3648e-05
-6.81901e-05
2.87992e-05
-7.37746e-05
2.36819e-05
-7.81117e-05
1.8495e-05
-8.11286e-05
1.33314e-05
-8.27794e-05
8.30649e-06
-8.30524e-05
3.48749e-06
-1.08192e-06
-8.19522e-05
-1.64998e-05
5.12398e-05
-2.88205e-05
5.44335e-05
-3.86075e-05
5.2067e-05
-4.70021e-05
4.66267e-05
-5.42735e-05
4.09173e-05
-6.03662e-05
3.48891e-05
-6.53023e-05
2.8617e-05
-6.90337e-05
2.22245e-05
-7.14907e-05
1.57883e-05
-7.25936e-05
9.40816e-06
-7.22845e-05
3.17898e-06
-2.81544e-06
-7.05516e-05
-1.40315e-05
6.52682e-05
-2.41966e-05
6.45974e-05
-3.24178e-05
6.02845e-05
-3.95941e-05
5.38013e-05
-4.5855e-05
4.71736e-05
-5.12047e-05
4.02382e-05
-5.56024e-05
3.30099e-05
-5.8917e-05
2.55402e-05
-6.10524e-05
1.79191e-05
-6.18781e-05
1.02366e-05
-6.12597e-05
2.55646e-06
-4.94145e-06
-5.91301e-05
-1.01417e-05
7.54085e-05
-1.84204e-05
7.28724e-05
-2.50231e-05
6.6886e-05
-3.08544e-05
5.96268e-05
-3.60264e-05
5.23456e-05
-4.05822e-05
4.47868e-05
-4.4425e-05
3.68551e-05
-4.74054e-05
2.85131e-05
-4.93346e-05
1.98526e-05
-4.99992e-05
1.08943e-05
-4.9169e-05
1.7318e-06
-7.34338e-06
-4.67716e-05
-6.83857e-06
8.22416e-05
-1.16535e-05
7.76844e-05
-1.63759e-05
7.16037e-05
-2.07192e-05
6.39667e-05
-2.4698e-05
5.63186e-05
-2.83275e-05
4.84149e-05
-3.14941e-05
4.00167e-05
-3.40243e-05
3.10436e-05
-3.56731e-05
2.14974e-05
-3.61481e-05
1.13712e-05
-3.52024e-05
7.84331e-07
-9.90157e-06
-3.26412e-05
-1.79214e-06
8.40263e-05
-4.59854e-06
8.04849e-05
-6.87229e-06
7.38701e-05
-9.33015e-06
6.64189e-05
-1.19135e-05
5.88972e-05
-1.44765e-05
5.09739e-05
-1.6816e-05
4.23531e-05
-1.8711e-05
3.29363e-05
-1.99062e-05
2.26911e-05
-2.0103e-05
1.15675e-05
-1.89947e-05
-3.2356e-07
-1.26176e-05
-1.62778e-05
2.32645e-06
8.1695e-05
4.00883e-06
7.87945e-05
4.27454e-06
7.36008e-05
3.47309e-06
6.72124e-05
2.2107e-06
6.01533e-05
7.38981e-07
5.24403e-05
-6.72889e-07
4.3761e-05
-1.77151e-06
3.40316e-05
-2.32456e-06
2.32421e-05
-2.03559e-06
1.12776e-05
-5.71093e-07
-1.78816e-06
-1.56604e-05
2.47266e-06
7.95745e-06
7.37278e-05
1.25295e-05
7.42182e-05
1.59848e-05
7.01337e-05
1.7149e-05
6.6042e-05
1.7201e-05
6.00949e-05
1.6777e-05
5.2859e-05
1.63036e-05
4.42304e-05
1.60969e-05
3.42348e-05
1.63612e-05
2.2976e-05
1.74104e-05
1.02272e-05
1.95875e-05
-3.96496e-06
-1.94486e-05
2.33766e-05
1.6208e-05
5.75169e-05
2.54114e-05
6.50065e-05
2.96336e-05
6.59115e-05
3.17566e-05
6.39112e-05
3.26503e-05
5.91936e-05
3.30246e-05
5.24785e-05
3.33642e-05
4.38851e-05
3.40462e-05
3.35486e-05
3.52454e-05
2.17736e-05
3.73677e-05
8.10335e-06
4.07765e-05
-7.37417e-06
-2.46652e-05
4.59939e-05
2.34689e-05
3.40445e-05
3.65714e-05
5.1905e-05
4.3329e-05
5.91435e-05
4.63938e-05
6.08418e-05
4.78755e-05
5.7707e-05
4.88416e-05
5.15071e-05
4.98482e-05
4.28741e-05
5.1403e-05
3.19905e-05
5.36887e-05
1.94855e-05
5.73379e-05
4.45305e-06
6.26971e-05
-1.27335e-05
7.0094e-05
-3.20611e-05
-0.000108694
-1.15099e-06
-0.000105986
-2.7087e-06
-0.00010179
-4.19423e-06
-9.61349e-05
-5.65438e-06
-8.9022e-05
-7.11075e-06
-8.03922e-05
-8.62867e-06
-7.01608e-05
-1.02295e-05
-5.82164e-05
-1.19427e-05
-4.44214e-05
-1.37934e-05
-2.87972e-05
-1.56224e-05
-1.21357e-05
-1.66581e-05
-1.21344e-05
-9.25101e-05
-2.90945e-06
-8.96274e-05
-5.59179e-06
-8.5734e-05
-8.08592e-06
-8.097e-05
-1.04177e-05
-7.54001e-05
-1.26788e-05
-6.90589e-05
-1.49689e-05
-6.18778e-05
-1.74087e-05
-5.36644e-05
-2.01543e-05
-4.41507e-05
-2.3305e-05
-3.28325e-05
-2.69388e-05
-1.90346e-05
-3.04534e-05
-3.11684e-05
-7.95569e-05
-5.30391e-06
-7.60522e-05
-9.09637e-06
-7.16803e-05
-1.24567e-05
-6.66641e-05
-1.54333e-05
-6.11947e-05
-1.81471e-05
-5.53618e-05
-2.08008e-05
-4.91294e-05
-2.36399e-05
-4.23483e-05
-2.69341e-05
-3.47097e-05
-3.09421e-05
-2.6008e-05
-3.5639e-05
-1.51833e-05
-4.12769e-05
-4.63513e-05
-6.75017e-05
-8.35262e-06
-6.33321e-05
-1.32661e-05
-5.83261e-05
-1.74613e-05
-5.28068e-05
-2.09521e-05
-4.70795e-05
-2.38731e-05
-4.13912e-05
-2.64883e-05
-3.58731e-05
-2.91566e-05
-3.05089e-05
-3.22969e-05
-2.49945e-05
-3.64551e-05
-1.89433e-05
-4.16891e-05
-1.15404e-05
-4.86794e-05
-5.78892e-05
-5.55837e-05
-1.19016e-05
-5.08498e-05
-1.79965e-05
-4.52888e-05
-2.30229e-05
-3.93189e-05
-2.6919e-05
-3.33852e-05
-2.98058e-05
-2.78721e-05
-3.19988e-05
-2.30447e-05
-3.39823e-05
-1.90044e-05
-3.63354e-05
-1.55569e-05
-3.99006e-05
-1.20108e-05
-4.52343e-05
-7.2924e-06
-5.33894e-05
-6.51799e-05
-4.28428e-05
-1.58251e-05
-3.76604e-05
-2.318e-05
-3.16544e-05
-2.90242e-05
-2.53493e-05
-3.32223e-05
-1.93068e-05
-3.58441e-05
-1.40431e-05
-3.72593e-05
-9.93363e-06
-3.80884e-05
-7.12779e-06
-3.9138e-05
-5.5755e-06
-4.14499e-05
-4.70129e-06
-4.60986e-05
-3.53372e-06
-5.45548e-05
-6.87044e-05
-2.84515e-05
-2.00144e-05
-2.29366e-05
-2.8691e-05
-1.66354e-05
-3.53223e-05
-1.01551e-05
-3.96977e-05
-4.1633e-06
-4.18314e-05
7.17885e-07
-4.21357e-05
4.02012e-06
-4.13864e-05
5.47889e-06
-4.05923e-05
5.07942e-06
-4.10439e-05
3.21216e-06
-4.42303e-05
9.77811e-07
-5.23013e-05
-6.77251e-05
-1.18458e-05
-2.44443e-05
-6.066e-06
-3.44684e-05
3.81787e-07
-4.17662e-05
6.82383e-06
-4.61359e-05
1.25286e-05
-4.75316e-05
1.67936e-05
-4.6397e-05
1.91156e-05
-4.37045e-05
1.91516e-05
-4.06251e-05
1.67594e-05
-3.865e-05
1.21087e-05
-3.95687e-05
6.15231e-06
-4.63462e-05
-6.15648e-05
7.29229e-06
-2.92624e-05
1.33879e-05
-4.05611e-05
1.98359e-05
-4.82108e-05
2.5962e-05
-5.22582e-05
3.10606e-05
-5.26268e-05
3.43887e-05
-4.9722e-05
3.55099e-05
-4.48233e-05
3.40718e-05
-3.91851e-05
2.97833e-05
-3.43587e-05
2.25037e-05
-3.22918e-05
1.25386e-05
-3.63695e-05
-4.90296e-05
2.89934e-05
-3.48773e-05
3.56164e-05
-4.71811e-05
4.19208e-05
-5.45122e-05
4.73814e-05
-5.77154e-05
5.14335e-05
-5.66766e-05
5.33928e-05
-5.16792e-05
5.30534e-05
-4.44828e-05
5.01622e-05
-3.62933e-05
4.4253e-05
-2.84504e-05
3.47342e-05
-2.27693e-05
2.07971e-05
-2.24391e-05
-2.82335e-05
5.30251e-05
-4.19063e-05
6.03497e-05
-5.45028e-05
6.62964e-05
-6.04554e-05
7.07417e-05
-6.21581e-05
7.31677e-05
-5.91004e-05
7.32729e-05
-5.1783e-05
7.12275e-05
-4.24368e-05
6.69921e-05
-3.20579e-05
6.0043e-05
-2.15013e-05
4.94704e-05
-1.22007e-05
3.23505e-05
-5.3203e-06
4.11108e-06
7.87543e-05
-5.05646e-05
8.62308e-05
-6.19772e-05
9.14347e-05
-6.5657e-05
9.44948e-05
-6.52169e-05
9.48326e-05
-5.9437e-05
9.28556e-05
-4.98059e-05
8.91021e-05
-3.86834e-05
8.37829e-05
-2.67397e-05
7.65068e-05
-1.4227e-05
6.62981e-05
-1.99348e-06
4.84057e-05
1.25672e-05
5.25122e-05
6.31496e-05
4.99488e-05
-7.91198e-05
6.00493e-05
5.5188e-05
6.06877e-05
5.89381e-05
6.17808e-05
6.02621e-05
6.29051e-05
5.70849e-05
6.40182e-05
5.0855e-05
6.54635e-05
4.18164e-05
6.78809e-05
2.98612e-05
7.15503e-05
1.59381e-05
7.74192e-05
-1.54523e-06
8.54146e-05
-2.11474e-05
-4.24042e-05
9.50521e-05
9.06752e-05
5.52535e-05
-9.59805e-05
8.51867e-05
6.06775e-05
8.10993e-05
6.30262e-05
7.89864e-05
6.23753e-05
7.84067e-05
5.76645e-05
7.88681e-05
5.03927e-05
8.06405e-05
4.0043e-05
8.40651e-05
2.64355e-05
8.96515e-05
1.03506e-05
9.82929e-05
-1.01874e-05
0.000108659
-3.15139e-05
-5.30692e-05
0.000119324
0.000104349
5.75423e-05
-0.000106636
0.000101355
6.36736e-05
9.82177e-05
6.61651e-05
9.57417e-05
6.48526e-05
9.423e-05
5.91765e-05
9.39097e-05
5.07126e-05
9.56669e-05
3.82847e-05
0.00010032
2.17807e-05
0.000108984
1.68473e-06
0.000120597
-2.18012e-05
0.000131996
-4.29138e-05
-6.27306e-05
0.000141657
0.000112293
-0.000113726
5.89757e-05
0.000110683
6.52846e-05
0.000109004
6.7846e-05
0.000107367
6.64925e-05
0.000106275
6.02698e-05
0.000107136
4.98522e-05
0.00011128
3.41399e-05
0.000120203
1.28577e-05
0.000133223
-1.13364e-05
0.000145388
-3.39674e-05
0.000153935
-5.14611e-05
0.000158959
-6.77539e-05
0.000104412
-6.0684e-05
0.000110904
-6.90178e-05
0.000114847
-7.0006e-05
0.000115855
-6.6466e-05
0.000113826
-5.73997e-05
0.000110023
-4.58721e-05
0.00010505
-3.35214e-05
9.92008e-05
-2.06905e-05
9.24326e-05
-7.27864e-06
8.45188e-05
6.06071e-06
7.67043e-05
2.04466e-05
5.02721e-05
7.88388e-05
0.000127755
-6.91135e-05
0.000132364
-7.36256e-05
0.000133917
-7.15579e-05
0.000131959
-6.4507e-05
0.000128021
-5.34604e-05
0.000123243
-4.10945e-05
0.000117885
-2.8164e-05
0.0001121
-1.49061e-05
0.000106006
-1.18501e-06
9.96167e-05
1.24469e-05
9.43997e-05
2.56614e-05
4.89402e-05
9.57316e-05
0.000146798
-7.42536e-05
0.000147762
-7.45889e-05
0.000145838
-6.96327e-05
0.000141608
-6.02755e-05
0.000136779
-4.86303e-05
0.000131811
-3.61268e-05
0.000126754
-2.31065e-05
0.000121554
-9.70549e-06
0.000116299
4.06915e-06
0.00011099
1.77568e-05
0.000106321
3.03281e-05
4.88282e-05
0.000106432
0.000159097
-7.43897e-05
0.000156425
-7.1916e-05
0.00015147
-6.46777e-05
0.000145953
-5.47572e-05
0.000140934
-4.36116e-05
0.000136333
-3.15262e-05
0.000131916
-1.86906e-05
0.000127474
-5.26464e-06
0.000123096
8.44648e-06
0.00011884
2.20092e-05
0.000114775
3.43933e-05
0.000113573
5.003e-05
6.30655e-05
5.00662e-05
6.0018e-05
5.52925e-05
6.06497e-05
5.88342e-05
6.1786e-05
5.98685e-05
6.29794e-05
5.65366e-05
6.41393e-05
5.02655e-05
6.56273e-05
4.12068e-05
6.80713e-05
2.92894e-05
7.17232e-05
1.55218e-05
7.75027e-05
-1.66975e-06
8.53495e-05
-2.09139e-05
-4.18008e-05
9.48235e-05
9.05173e-05
5.52818e-05
8.51216e-05
6.06923e-05
8.11269e-05
6.28246e-05
7.90559e-05
6.19395e-05
7.85155e-05
5.70757e-05
7.90119e-05
4.97675e-05
8.08139e-05
3.94028e-05
8.42344e-05
2.58672e-05
8.97495e-05
1.00055e-05
9.82397e-05
-1.01607e-05
0.000108438
-3.11118e-05
-5.23442e-05
0.000118982
0.00010419
5.7525e-05
0.000101286
6.35959e-05
9.82343e-05
6.588e-05
9.58455e-05
6.43282e-05
9.4361e-05
5.85593e-05
9.40813e-05
5.0046e-05
9.5847e-05
3.76348e-05
0.000100452
2.12602e-05
0.000108974
1.48086e-06
0.000120399
-2.15865e-05
0.000131656
-4.23702e-05
-6.19744e-05
0.000141286
0.000112169
5.89305e-05
0.000110645
6.51227e-05
0.000109027
6.74978e-05
0.000107441
6.59154e-05
0.000106421
5.95795e-05
0.000107338
4.91294e-05
0.000111484
3.34879e-05
0.000120293
1.245e-05
0.000133099
-1.13257e-05
0.000145103
-3.35907e-05
0.00015361
-5.08765e-05
0.00015867
-6.70335e-05
0.000104085
-5.99603e-05
0.000110566
-6.8389e-05
0.000114537
-6.94906e-05
0.000115618
-6.61276e-05
0.000113662
-5.72712e-05
0.00010992
-4.58882e-05
0.000105
-3.36339e-05
9.91967e-05
-2.08486e-05
9.24664e-05
-7.44682e-06
8.45795e-05
5.9102e-06
7.67786e-05
2.03407e-05
5.02266e-05
7.8929e-05
0.000127413
-6.83904e-05
0.000132077
-7.3051e-05
0.000133698
-7.1112e-05
0.000131839
-6.42673e-05
0.000127964
-5.33962e-05
0.00012323
-4.11546e-05
0.000117902
-2.8307e-05
0.000112142
-1.50885e-05
0.000106068
-1.37445e-06
9.96954e-05
1.22796e-05
9.44888e-05
2.55452e-05
4.88824e-05
9.58312e-05
0.000146503
-7.36064e-05
0.000147543
-7.40902e-05
0.000145721
-6.92891e-05
0.000141581
-6.01271e-05
0.000136809
-4.86242e-05
0.000131874
-3.62192e-05
0.000126831
-2.32639e-05
0.000121637
-9.89442e-06
0.000116386
3.87581e-06
0.000111081
1.75842e-05
0.000106416
3.02082e-05
4.87698e-05
0.000106529
0.000158892
-7.38272e-05
0.000156315
-7.15124e-05
0.000151478
-6.44511e-05
0.000146027
-5.46766e-05
0.000141041
-4.3638e-05
0.000136452
-3.16308e-05
0.000132035
-1.88472e-05
0.000127588
-5.44788e-06
0.000123202
8.26085e-06
0.000118938
2.18465e-05
0.000114867
3.42778e-05
0.00011366
4.99778e-05
6.31459e-05
5.00736e-05
6.01143e-05
5.53705e-05
6.07591e-05
5.90479e-05
6.18681e-05
6.02099e-05
6.30235e-05
5.69158e-05
6.41545e-05
5.06323e-05
6.56214e-05
4.15399e-05
6.80612e-05
2.95531e-05
7.17317e-05
1.5681e-05
7.75707e-05
-1.68891e-06
8.55038e-05
-2.11345e-05
-4.2239e-05
9.50731e-05
9.06094e-05
5.52978e-05
8.52004e-05
6.07837e-05
8.11946e-05
6.30562e-05
7.91144e-05
6.22928e-05
7.85536e-05
5.74773e-05
7.90246e-05
5.01612e-05
8.08092e-05
3.97541e-05
8.42359e-05
2.61251e-05
8.97928e-05
1.01228e-05
9.83718e-05
-1.02691e-05
0.000108665
-3.14284e-05
-5.2863e-05
0.000119288
0.000104279
5.75515e-05
0.000101358
6.37085e-05
9.82902e-05
6.61271e-05
9.58786e-05
6.47072e-05
9.43836e-05
5.89731e-05
9.40831e-05
5.04615e-05
9.58392e-05
3.79964e-05
0.000100462
2.1501e-05
0.000109057
1.52499e-06
0.000120587
-2.18005e-05
0.000131929
-4.27718e-05
-6.254e-05
0.000141604
0.000112246
5.89677e-05
0.000110704
6.52547e-05
0.000109065
6.77699e-05
0.000107467
6.63096e-05
0.000106417
6.00262e-05
0.000107307
4.95736e-05
0.000111447
3.38569e-05
0.000120307
1.26408e-05
0.000133225
-1.1393e-05
0.000145326
-3.39017e-05
0.000153888
-5.13344e-05
0.000158973
-6.7624e-05
0.000104401
-6.04892e-05
0.000110891
-6.88817e-05
0.000114835
-6.99061e-05
0.000115861
-6.64313e-05
0.000113848
-5.74393e-05
0.000110057
-4.59586e-05
0.000105094
-3.36352e-05
9.92573e-05
-2.08094e-05
9.25024e-05
-7.38973e-06
8.46035e-05
5.96871e-06
7.68149e-05
2.03962e-05
5.02789e-05
7.90285e-05
0.000127725
-6.89265e-05
0.000132358
-7.35145e-05
0.000133939
-7.14869e-05
0.000132017
-6.45085e-05
0.000128093
-5.35151e-05
0.000123317
-4.11832e-05
0.000117956
-2.82748e-05
0.00011217
-1.50242e-05
0.00010608
-1.30025e-06
9.97018e-05
1.23438e-05
9.45103e-05
2.55853e-05
4.89044e-05
9.58848e-05
0.000146793
-7.41161e-05
0.00014779
-7.45117e-05
0.000145905
-6.96015e-05
0.000141701
-6.03043e-05
0.000136881
-4.86946e-05
0.00013191
-3.62121e-05
0.000126842
-2.32067e-05
0.000121631
-9.81344e-06
0.000116371
3.95878e-06
0.000111065
1.76505e-05
0.00010641
3.02386e-05
4.87658e-05
0.000106548
0.00015915
-7.42937e-05
0.000156506
-7.18676e-05
0.00015158
-6.46748e-05
0.000146069
-5.47933e-05
0.000141045
-4.36717e-05
0.000136434
-3.16016e-05
0.000132005
-1.8778e-05
0.000127551
-5.36096e-06
0.000123166
8.3438e-06
0.000118907
2.19063e-05
0.000114846
3.42989e-05
0.000113662
4.99503e-05
6.31299e-05
4.99435e-05
5.99968e-05
5.50351e-05
6.06046e-05
5.85393e-05
6.17553e-05
5.96869e-05
6.29617e-05
5.64964e-05
6.41435e-05
5.03208e-05
6.5636e-05
4.13775e-05
6.80725e-05
2.955e-05
7.17107e-05
1.58445e-05
7.74778e-05
-1.31596e-06
8.53326e-05
-2.0589e-05
-4.15722e-05
9.48439e-05
9.06444e-05
5.51849e-05
8.51886e-05
6.04947e-05
8.11064e-05
6.26163e-05
7.90014e-05
6.17914e-05
7.84545e-05
5.70417e-05
7.89553e-05
4.9818e-05
8.07484e-05
3.95821e-05
8.41547e-05
2.61417e-05
8.9653e-05
1.03446e-05
9.81443e-05
-9.80832e-06
0.000108383
-3.08274e-05
-5.21896e-05
0.000119001
0.000104312
5.74215e-05
0.000101363
6.34433e-05
9.82459e-05
6.57373e-05
9.57882e-05
6.42486e-05
9.4283e-05
5.85456e-05
9.39744e-05
5.0125e-05
9.57144e-05
3.78395e-05
0.000100287
2.15662e-05
0.000108796
1.83383e-06
0.00012026
-2.12746e-05
0.000131604
-4.21721e-05
-6.19244e-05
0.000141339
0.000112266
5.88188e-05
0.000110722
6.49903e-05
0.000109063
6.73949e-05
0.000107431
6.58818e-05
0.000106357
5.96195e-05
0.000107213
4.92688e-05
0.0001113
3.37519e-05
0.000120061
1.2804e-05
0.000132897
-1.1003e-05
0.000145011
-3.33895e-05
0.000153637
-5.07986e-05
0.00015879
-6.70757e-05
0.000104184
-5.99039e-05
0.000110736
-6.85266e-05
0.000114743
-6.96623e-05
0.000115855
-6.63284e-05
0.000113898
-5.7479e-05
0.000110135
-4.60429e-05
0.000105185
-3.37334e-05
9.93497e-05
-2.09049e-05
9.25917e-05
-7.46995e-06
8.46866e-05
5.90924e-06
7.68919e-05
2.03586e-05
5.0282e-05
0.000127525
-6.84275e-05
0.000132227
-7.32267e-05
0.00013388
-7.13154e-05
0.000132046
-6.44933e-05
0.000128162
-5.35959e-05
0.000123413
-4.12937e-05
0.000118064
-2.83853e-05
0.000112279
-1.51213e-05
0.000106185
-1.37772e-06
9.98015e-05
1.22907e-05
9.46045e-05
2.55528e-05
4.89049e-05
0.00014663
-7.37178e-05
0.000147692
-7.42886e-05
0.000145894
-6.95165e-05
0.000141755
-6.03544e-05
0.000136963
-4.88038e-05
0.000132008
-3.6338e-05
0.000126947
-2.33249e-05
0.000121738
-9.91229e-06
0.000116477
3.88285e-06
0.000111167
1.75993e-05
0.000106508
3.02113e-05
4.87755e-05
0.000159041
-7.39679e-05
0.000156467
-7.17139e-05
0.000151623
-6.46715e-05
0.000146147
-5.48785e-05
0.000141136
-4.37939e-05
0.000136527
-3.173e-05
0.000132096
-1.88942e-05
0.00012764
-5.45734e-06
0.000123251
8.2703e-06
0.000118991
2.18578e-05
0.000114927
3.42739e-05
4.99767e-05
-4.19606e-05
5.99685e-05
4.09711e-05
-4.29907e-05
6.63176e-05
-4.36256e-05
6.84848e-05
-4.30063e-05
6.58768e-05
-3.99166e-05
5.71828e-05
-3.29158e-05
4.28527e-05
-2.19102e-05
2.31341e-05
-9.60238e-06
5.48733e-07
2.07866e-07
-2.11483e-05
5.68523e-06
-3.94461e-05
8.31665e-06
-5.40939e-05
-6.79826e-05
8.54593e-06
-4.083e-05
6.04501e-05
4.03478e-05
-4.06864e-05
6.61757e-05
-3.92652e-05
6.70662e-05
-3.55122e-05
6.21267e-05
-2.87968e-05
5.04698e-05
-1.90513e-05
3.31085e-05
-8.10492e-06
1.21882e-05
9.97688e-07
-8.55408e-06
6.53903e-06
-2.669e-05
8.94417e-06
-4.18519e-05
9.2307e-06
-5.43801e-05
-6.55849e-05
6.83265e-06
-3.74492e-05
5.99969e-05
3.79064e-05
-3.57501e-05
6.44798e-05
-3.22819e-05
6.36016e-05
-2.64332e-05
5.62816e-05
-1.82287e-05
4.22682e-05
-8.70777e-06
2.35893e-05
-1.50726e-07
3.63163e-06
5.65662e-06
-1.43618e-05
8.55479e-06
-2.95891e-05
9.23937e-06
-4.25375e-05
8.21266e-06
-5.33551e-05
-6.25807e-05
5.20779e-06
-3.23304e-05
3.38508e-05
5.84752e-05
-2.92816e-05
6.14315e-05
-2.43678e-05
5.86889e-05
-1.74816e-05
4.9397e-05
-9.32382e-06
3.41118e-05
-1.38284e-06
1.56492e-05
4.60694e-06
-2.35781e-06
7.99885e-06
-1.77536e-05
9.20083e-06
-3.07912e-05
8.7766e-06
-4.21137e-05
7.02629e-06
-5.16051e-05
3.22031e-06
-5.87747e-05
3.17827e-06
-6.9022e-05
-3.5285e-06
-6.52087e-05
-9.48194e-06
-5.8724e-05
-1.44909e-05
-4.97481e-05
-1.88647e-05
-3.92378e-05
-2.28569e-05
-2.75339e-05
-2.66698e-05
-1.48778e-05
-3.03639e-05
-1.57062e-06
-3.38467e-05
1.19283e-05
-3.69803e-05
2.51446e-05
-3.99369e-05
3.73484e-05
5.11538e-05
-4.10615e-05
-1.90198e-07
-6.19975e-05
-6.49491e-06
-5.89037e-05
-1.20945e-05
-5.31244e-05
-1.6942e-05
-4.49013e-05
-2.11962e-05
-3.49844e-05
-2.50273e-05
-2.3704e-05
-2.85593e-05
-1.13471e-05
-3.18169e-05
1.68531e-06
-3.47357e-05
1.4846e-05
-3.72679e-05
2.7673e-05
-3.95015e-05
3.95823e-05
5.20131e-05
-4.03604e-05
-1.98855e-06
-5.48024e-05
-7.867e-06
-5.30255e-05
-1.29784e-05
-4.80134e-05
-1.7541e-05
-4.03391e-05
-2.16359e-05
-3.08898e-05
-2.53229e-05
-2.00173e-05
-2.86343e-05
-8.03604e-06
-3.1563e-05
4.61354e-06
-3.40537e-05
1.73358e-05
-3.60535e-05
2.96748e-05
-3.75664e-05
4.10937e-05
5.22567e-05
-3.7811e-05
-3.69642e-06
-4.78842e-05
-8.42795e-06
-4.82938e-05
-1.29658e-05
-4.34762e-05
-1.71814e-05
-3.61244e-05
-2.10429e-05
-2.70296e-05
-2.4512e-05
-1.65495e-05
-2.7545e-05
-5.00491e-06
-3.00908e-05
7.15753e-06
-3.20924e-05
1.93358e-05
-3.34719e-05
3.10504e-05
-3.41915e-05
4.18136e-05
-3.36779e-05
5.17434e-05
-4.20337e-05
5.99031e-05
-4.2968e-05
6.60574e-05
-4.35074e-05
6.80414e-05
-4.27901e-05
6.52003e-05
-3.96312e-05
5.64219e-05
-3.26242e-05
4.21224e-05
-2.17332e-05
2.25958e-05
-9.63044e-06
3.454e-07
2.2664e-08
-2.09806e-05
5.45477e-06
-3.90242e-05
8.08623e-06
-5.35087e-05
-6.7284e-05
8.3358e-06
-4.07784e-05
6.0322e-05
-4.05581e-05
6.58397e-05
-3.90189e-05
6.65032e-05
-3.51952e-05
6.13799e-05
-2.84699e-05
4.96991e-05
-1.88047e-05
3.24588e-05
-8.02746e-06
1.18192e-05
9.12438e-07
-8.59416e-06
6.3819e-06
-2.64499e-05
8.77421e-06
-4.14164e-05
9.06594e-06
-5.38004e-05
-6.48874e-05
6.673e-06
-3.72813e-05
5.97924e-05
-3.55171e-05
6.40762e-05
-3.19806e-05
6.29708e-05
-2.61045e-05
5.55065e-05
-1.79388e-05
4.15354e-05
-8.54258e-06
2.30636e-05
-1.38376e-07
3.41519e-06
5.56755e-06
-1.43004e-05
8.43178e-06
-2.93149e-05
9.11634e-06
-4.21016e-05
8.08956e-06
-5.27737e-05
-6.18473e-05
5.04661e-06
-3.20954e-05
5.82106e-05
-2.89964e-05
6.09792e-05
-2.40509e-05
5.80267e-05
-1.71845e-05
4.8643e-05
-9.10871e-06
3.34624e-05
-1.29701e-06
1.52538e-05
4.58201e-06
-2.46235e-06
7.91743e-06
-1.76349e-05
9.10813e-06
-3.05047e-05
8.69196e-06
-4.16849e-05
6.9491e-06
-5.10309e-05
3.1025e-06
-5.79957e-05
3.10898e-06
-6.85986e-05
-3.4896e-06
-6.49129e-05
-9.38659e-06
-5.85539e-05
-1.43669e-05
-4.96963e-05
-1.87287e-05
-3.92762e-05
-2.27193e-05
-2.76402e-05
-2.65378e-05
-1.50287e-05
-3.02425e-05
-1.74312e-06
-3.37386e-05
1.17569e-05
-3.68883e-05
2.49958e-05
-3.98573e-05
3.72481e-05
5.11164e-05
-4.09959e-05
-2.33754e-07
-6.169e-05
-6.4482e-06
-5.86976e-05
-1.19965e-05
-5.30056e-05
-1.68211e-05
-4.4872e-05
-2.1067e-05
-3.50309e-05
-2.48986e-05
-2.3809e-05
-2.84379e-05
-1.14903e-05
-3.17081e-05
1.52624e-06
-3.46432e-05
1.4691e-05
-3.71913e-05
2.75431e-05
-3.94419e-05
3.94966e-05
5.19993e-05
-4.03215e-05
-2.02523e-06
-5.4616e-05
-7.8247e-06
-5.28972e-05
-1.28951e-05
-4.79351e-05
-1.74382e-05
-4.03289e-05
-2.15257e-05
-3.09436e-05
-2.52133e-05
-2.01214e-05
-2.85316e-05
-8.17219e-06
-3.14723e-05
4.46703e-06
-3.39799e-05
1.71985e-05
-3.60006e-05
2.95638e-05
-3.75371e-05
4.10357e-05
5.22756e-05
-3.7814e-05
-3.70125e-06
-4.78108e-05
-8.38859e-06
-4.82093e-05
-1.28976e-05
-4.34261e-05
-1.70979e-05
-3.61291e-05
-2.09535e-05
-2.70885e-05
-2.44237e-05
-1.66521e-05
-2.74634e-05
-5.13328e-06
-3.00215e-05
7.02388e-06
-3.20408e-05
1.92167e-05
-3.3442e-05
3.09642e-05
-3.419e-05
4.17814e-05
-3.37112e-05
5.18001e-05
-4.19832e-05
5.99587e-05
-4.29472e-05
6.62237e-05
-4.35256e-05
6.83544e-05
-4.28563e-05
6.56461e-05
-3.97377e-05
5.69117e-05
-3.27393e-05
4.25773e-05
-2.17916e-05
2.29099e-05
-9.58206e-06
4.30759e-07
1.68244e-07
-2.11439e-05
5.6573e-06
-3.93923e-05
8.33914e-06
-5.40183e-05
-6.7919e-05
8.627e-06
-4.07687e-05
6.04085e-05
-4.05976e-05
6.60572e-05
-3.91145e-05
6.68772e-05
-3.5331e-05
6.18692e-05
-2.86171e-05
5.02032e-05
-1.89172e-05
3.28814e-05
-8.05683e-06
1.20519e-05
9.74539e-07
-8.5986e-06
6.50673e-06
-2.66749e-05
8.93744e-06
-4.18228e-05
9.26464e-06
-5.43487e-05
-6.55625e-05
6.91227e-06
-3.73248e-05
5.99234e-05
-3.56068e-05
6.43446e-05
-3.21107e-05
6.33876e-05
-2.62545e-05
5.60192e-05
-1.80771e-05
4.20305e-05
-8.62522e-06
2.34326e-05
-1.42072e-07
3.57045e-06
5.62991e-06
-1.43697e-05
8.53438e-06
-2.95795e-05
9.24272e-06
-4.25322e-05
8.24251e-06
-5.33498e-05
-6.25874e-05
5.25572e-06
-3.21698e-05
5.8384e-05
-2.911e-05
6.12887e-05
-2.4189e-05
5.84721e-05
-1.73212e-05
4.91569e-05
-9.21432e-06
3.39286e-05
-1.34208e-06
1.55639e-05
4.60067e-06
-2.36949e-06
7.97948e-06
-1.77467e-05
9.1924e-06
-3.07906e-05
8.78503e-06
-4.21242e-05
7.04685e-06
-5.16149e-05
3.23517e-06
-5.8769e-05
3.28037e-06
-6.89463e-05
-3.42447e-06
-6.51623e-05
-9.37691e-06
-5.87223e-05
-1.43892e-05
-4.97811e-05
-1.87699e-05
-3.92912e-05
-2.27701e-05
-2.76014e-05
-2.6591e-05
-1.49573e-05
-3.02923e-05
-1.65982e-06
-3.37803e-05
1.1831e-05
-3.69172e-05
2.50448e-05
-3.9872e-05
3.72524e-05
5.10658e-05
-4.09882e-05
-1.06505e-07
-6.19285e-05
-6.40832e-06
-5.88602e-05
-1.20068e-05
-5.3124e-05
-1.68587e-05
-4.493e-05
-2.11187e-05
-3.50318e-05
-2.49559e-05
-2.37654e-05
-2.84936e-05
-1.14207e-05
-3.17562e-05
1.60125e-06
-3.46789e-05
1.47528e-05
-3.72131e-05
2.75757e-05
-3.94466e-05
3.94864e-05
5.19236e-05
-4.03039e-05
-1.92837e-06
-5.47421e-05
-7.79909e-06
-5.2989e-05
-1.29093e-05
-4.80139e-05
-1.74754e-05
-4.03642e-05
-2.15748e-05
-3.09327e-05
-2.52664e-05
-2.00742e-05
-2.8582e-05
-8.10539e-06
-3.15143e-05
4.53315e-06
-3.40086e-05
1.72464e-05
-3.60123e-05
2.95812e-05
-3.75299e-05
4.10027e-05
5.21752e-05
-3.77823e-05
-3.6584e-06
-4.7852e-05
-8.37735e-06
-4.82705e-05
-1.29131e-05
-4.34788e-05
-1.71309e-05
-3.61471e-05
-2.09961e-05
-2.70687e-05
-2.44691e-05
-1.66024e-05
-2.7506e-05
-5.07009e-06
-3.0056e-05
7.08151e-06
-3.20625e-05
1.92514e-05
-3.3448e-05
3.09634e-05
-3.41763e-05
4.17315e-05
-3.36768e-05
5.16761e-05
-4.19617e-05
5.97927e-05
-4.29215e-05
6.59502e-05
-4.35044e-05
6.79817e-05
-4.28467e-05
6.52257e-05
-3.97609e-05
5.65344e-05
-3.28286e-05
4.23361e-05
-2.19695e-05
2.28914e-05
-9.81137e-06
6.43469e-07
-4.44317e-08
-2.07722e-05
5.4943e-06
-3.89298e-05
8.20039e-06
-5.35057e-05
-6.73745e-05
8.49848e-06
-4.07349e-05
6.02246e-05
-4.05526e-05
6.57702e-05
-3.90694e-05
6.64988e-05
-3.53071e-05
6.14662e-05
-2.86422e-05
4.98716e-05
-1.90121e-05
3.27074e-05
-8.20642e-06
1.20862e-05
8.18821e-07
-8.38169e-06
6.37601e-06
-2.63295e-05
8.8304e-06
-4.13844e-05
9.16596e-06
-5.38411e-05
-6.50123e-05
6.80659e-06
-3.72767e-05
5.9719e-05
-3.55528e-05
6.40468e-05
-3.20675e-05
6.30174e-05
-2.62433e-05
5.56441e-05
-1.81151e-05
4.1745e-05
-8.71508e-06
2.33081e-05
-2.58394e-07
3.62934e-06
5.51785e-06
-1.41585e-05
8.43787e-06
-2.92505e-05
9.16225e-06
-4.21096e-05
8.16549e-06
-5.28448e-05
-6.20009e-05
5.15158e-06
-3.21221e-05
5.8165e-05
-2.90622e-05
6.09885e-05
-2.4161e-05
5.81168e-05
-1.733e-05
4.88158e-05
-9.26517e-06
3.36827e-05
-1.4273e-06
1.54718e-05
4.50252e-06
-2.29914e-06
7.88756e-06
-1.75428e-05
9.11599e-06
-3.04783e-05
8.72521e-06
-4.17185e-05
6.99779e-06
-5.11174e-05
3.16253e-06
-5.81617e-05
3.25574e-06
-6.87241e-05
-3.36982e-06
-6.50878e-05
-9.29408e-06
-5.87473e-05
-1.43014e-05
-4.98715e-05
-1.86864e-05
-3.94091e-05
-2.26954e-05
-2.77213e-05
-2.65259e-05
-1.5064e-05
-3.0235e-05
-1.7486e-06
-3.37276e-05
1.17626e-05
-3.68686e-05
2.49982e-05
-3.98311e-05
3.72381e-05
5.11158e-05
-1.202e-07
-6.17958e-05
-6.35606e-06
-5.88514e-05
-1.19294e-05
-5.31742e-05
-1.67801e-05
-4.50214e-05
-2.10493e-05
-3.51408e-05
-2.48996e-05
-2.38718e-05
-2.84522e-05
-1.15128e-05
-3.17291e-05
1.52704e-06
-3.46644e-05
1.46965e-05
-3.72075e-05
2.75406e-05
-3.94566e-05
3.94846e-05
5.20088e-05
-1.93534e-06
-5.47078e-05
-7.75483e-06
-5.30315e-05
-1.28475e-05
-4.80817e-05
-1.74137e-05
-4.04555e-05
-2.15228e-05
-3.10322e-05
-2.5229e-05
-2.01659e-05
-2.85623e-05
-8.17992e-06
-3.15139e-05
4.47829e-06
-3.40286e-05
1.72107e-05
-3.60575e-05
2.95689e-05
-3.76073e-05
4.10369e-05
5.23065e-05
-3.64659e-06
-4.78976e-05
-8.34062e-06
-4.83373e-05
-1.28671e-05
-4.35555e-05
-1.70869e-05
-3.62363e-05
-2.09617e-05
-2.71582e-05
-2.44494e-05
-1.66793e-05
-2.75055e-05
-5.12508e-06
-3.00791e-05
7.05014e-06
-3.21144e-05
1.92445e-05
-3.35344e-05
3.09878e-05
-3.43057e-05
4.18051e-05
5.18532e-05
-2.6232e-05
5.59469e-05
2.87627e-05
-2.21359e-05
5.7337e-05
-1.64207e-05
5.29758e-05
-9.43691e-06
4.24155e-05
-2.21936e-06
2.68963e-05
3.82881e-06
9.60229e-06
7.68596e-06
-6.21452e-06
9.38112e-06
-1.94489e-05
9.41322e-06
-3.08239e-05
8.15732e-06
-4.08587e-05
5.41179e-06
-4.88612e-05
-5.33667e-05
-1.98181e-05
5.25653e-05
2.31972e-05
-1.50371e-05
5.2555e-05
-9.07683e-06
4.70149e-05
-2.57512e-06
3.59138e-05
3.37175e-06
2.09498e-05
7.67554e-06
5.29882e-06
9.90827e-06
-8.44707e-06
1.04013e-05
-1.9942e-05
9.61516e-06
-3.00379e-05
7.84201e-06
-3.90861e-05
5.05348e-06
-4.60736e-05
-4.83128e-05
-1.36011e-05
4.85403e-05
1.76268e-05
-8.45625e-06
4.74105e-05
-2.62124e-06
4.11808e-05
3.13072e-06
3.01632e-05
7.79949e-06
1.62823e-05
1.06685e-05
2.4307e-06
1.17021e-05
-9.48031e-06
1.13293e-05
-1.95693e-05
9.94476e-06
-2.86538e-05
7.79948e-06
-3.69415e-05
4.84172e-06
-4.31173e-05
-4.34763e-05
-7.90782e-06
4.40558e-05
1.23894e-05
-2.63697e-06
4.21379e-05
2.86959e-06
3.56728e-05
7.81118e-06
2.52209e-05
1.13596e-05
1.27337e-05
1.3127e-05
6.63223e-07
1.32937e-05
-9.64724e-06
1.22893e-05
-1.8565e-05
1.04456e-05
-2.68103e-05
8.00647e-06
-3.45027e-05
4.95186e-06
-4.00639e-05
-3.85237e-05
-2.92185e-06
3.9268e-05
7.70967e-06
2.32306e-06
3.68928e-05
7.42377e-06
3.05728e-05
1.16201e-05
2.10253e-05
1.4276e-05
1.00786e-05
1.52492e-05
-3.09801e-07
1.4807e-05
-9.2046e-06
1.33369e-05
-1.70951e-05
1.11138e-05
-2.45875e-05
8.38274e-06
-3.17719e-05
5.1293e-06
-3.68116e-05
-3.33999e-05
1.26623e-06
3.4275e-05
3.72392e-06
6.41179e-06
3.17458e-05
1.11191e-05
2.58641e-05
1.47072e-05
1.74366e-05
1.6716e-05
8.06889e-06
1.71602e-05
-7.54252e-07
1.63085e-05
-8.35345e-06
1.44912e-05
-1.52782e-05
1.19304e-05
-2.20269e-05
8.88061e-06
-2.87222e-05
5.37383e-06
-3.33059e-05
-2.80259e-05
4.6304e-06
2.91359e-05
5.0778e-07
9.67222e-06
2.67031e-05
1.40629e-05
2.14743e-05
1.72145e-05
1.42844e-05
1.88072e-05
6.47707e-06
1.89385e-05
-8.86424e-07
1.78287e-05
-7.24296e-06
1.57463e-05
-1.31965e-05
1.28612e-05
-1.91416e-05
9.43106e-06
-2.52927e-05
5.56412e-06
-2.94395e-05
-2.2466e-05
7.19833e-06
2.38529e-05
-1.91796e-06
1.21911e-05
2.17101e-05
1.63842e-05
1.72802e-05
1.92774e-05
1.13914e-05
2.06478e-05
5.10524e-06
2.06311e-05
-8.69806e-07
1.93712e-05
-5.98414e-06
1.70755e-05
-1.0901e-05
1.38593e-05
-1.59263e-05
9.96406e-06
-2.1397e-05
5.61869e-06
-2.50955e-05
-1.68475e-05
9.04678e-06
1.8388e-05
-3.58247e-06
1.40898e-05
1.66628e-05
1.82291e-05
1.31453e-05
2.10229e-05
8.59119e-06
2.23164e-05
3.81722e-06
2.22622e-05
-8.20769e-07
2.09194e-05
-4.6367e-06
1.84335e-05
-8.41956e-06
1.48648e-05
-1.23538e-05
1.04005e-05
-1.69371e-05
5.38246e-06
-2.00751e-05
-1.14685e-05
1.02893e-05
1.26539e-05
-4.56025e-06
1.55189e-05
1.14311e-05
1.97402e-05
8.9233e-06
2.25459e-05
5.78335e-06
2.38352e-05
2.52791e-06
2.38087e-05
-7.95495e-07
2.24102e-05
-3.23799e-06
1.97405e-05
-5.75113e-06
1.57979e-05
-8.41122e-06
1.0652e-05
-1.1792e-05
4.72622e-06
-1.41493e-05
-6.74153e-06
1.10581e-05
6.52873e-06
-4.94323e-06
1.66041e-05
5.87979e-06
2.09993e-05
4.52664e-06
2.388e-05
2.89854e-06
2.51519e-05
1.25558e-06
2.51187e-05
-7.65478e-07
2.36112e-05
-1.73037e-06
2.0767e-05
-2.90909e-06
1.64792e-05
-4.12287e-06
1.06383e-05
-5.95247e-06
3.71741e-06
-7.22708e-06
-3.02257e-06
1.11711e-05
-4.64589e-06
1.70507e-05
2.15764e-05
2.4475e-05
2.57299e-05
2.49646e-05
2.32338e-05
2.03248e-05
1.62017e-05
1.02494e-05
3.02257e-06
-4.29888e-06
-4.35841e-05
-8.35932e-06
-4.42334e-05
-1.24487e-05
-3.93872e-05
-1.63239e-05
-3.22497e-05
-1.99025e-05
-2.34516e-05
-2.30831e-05
-1.33696e-05
-2.57676e-05
-2.32101e-06
-2.78678e-05
9.25723e-06
-2.931e-05
2.0777e-05
-3.00092e-05
3.17513e-05
-2.98961e-05
4.16987e-05
5.03916e-05
-2.85453e-05
-3.69393e-06
-3.98888e-05
-7.90065e-06
-4.00267e-05
-1.16974e-05
-3.55911e-05
-1.52631e-05
-2.86852e-05
-1.8529e-05
-2.01871e-05
-2.1367e-05
-1.05333e-05
-2.3644e-05
-4.58319e-08
-2.5244e-05
1.0855e-05
-2.60827e-05
2.16141e-05
-2.60747e-05
3.17395e-05
-2.51358e-05
4.076e-05
4.8225e-05
-2.29691e-05
-3.91653e-06
-3.59699e-05
-7.50424e-06
-3.64389e-05
-1.09621e-05
-3.21334e-05
-1.42181e-05
-2.543e-05
-1.71524e-05
-1.72533e-05
-1.96124e-05
-8.07424e-06
-2.14431e-05
1.78419e-06
-2.25109e-05
1.1922e-05
-2.27297e-05
2.18318e-05
-2.20185e-05
3.10296e-05
-2.03064e-05
3.9046e-05
4.53311e-05
-1.74137e-05
-3.8252e-06
-3.21447e-05
-7.20081e-06
-3.30633e-05
-1.03693e-05
-2.8966e-05
-1.33391e-05
-2.24611e-05
-1.59437e-05
-1.46504e-05
-1.80112e-05
-6.00824e-06
-1.93768e-05
3.14775e-06
-1.99e-05
1.24432e-05
-1.95023e-05
2.14325e-05
-1.81203e-05
2.96444e-05
-1.57124e-05
3.66379e-05
4.1829e-05
-1.22102e-05
-3.9601e-06
-2.8182e-05
-7.0622e-06
-2.99614e-05
-1.00026e-05
-2.60253e-05
-1.2733e-05
-1.97321e-05
-1.50312e-05
-1.23525e-05
-1.67123e-05
-4.32839e-06
-1.76125e-05
4.04719e-06
-1.7595e-05
1.24247e-05
-1.66004e-05
2.04367e-05
-1.45919e-05
2.7637e-05
-1.15737e-05
3.36178e-05
3.78289e-05
-7.57487e-06
-4.104e-06
-2.4079e-05
-7.09155e-06
-2.6974e-05
-9.90942e-06
-2.32084e-05
-1.2473e-05
-1.71697e-05
-1.45084e-05
-1.03186e-05
-1.58267e-05
-3.01169e-06
-1.62788e-05
4.49777e-06
-1.5739e-05
1.1883e-05
-1.41767e-05
1.88731e-05
-1.15924e-05
2.505e-05
-8.04137e-06
3.00664e-05
3.34261e-05
-3.63867e-06
-4.2945e-06
-1.97838e-05
-7.28729e-06
-2.39818e-05
-1.01188e-05
-2.03773e-05
-1.26088e-05
-1.46808e-05
-1.44397e-05
-8.48856e-06
-1.54328e-05
-2.01967e-06
-1.54676e-05
4.53137e-06
-1.4436e-05
1.08504e-05
-1.23433e-05
1.67788e-05
-9.23118e-06
2.19385e-05
-5.21161e-06
2.60451e-05
2.8684e-05
-4.7086e-07
-4.44e-06
-1.53463e-05
-7.63121e-06
-2.07915e-05
-1.06474e-05
-1.73617e-05
-1.31699e-05
-1.21602e-05
-1.48613e-05
-6.79805e-06
-1.55745e-05
-1.30831e-06
-1.52331e-05
4.18888e-06
-1.37506e-05
9.36627e-06
-1.11688e-05
1.41956e-05
-7.57356e-06
1.83414e-05
-3.13129e-06
2.16015e-05
2.36398e-05
1.91202e-06
-4.45501e-06
-1.08938e-05
-8.10049e-06
-1.71465e-05
-1.14999e-05
-1.39652e-05
-1.41648e-05
-9.49484e-06
-1.5785e-05
-5.18015e-06
-1.62612e-05
-8.32377e-07
-1.55925e-05
3.51765e-06
-1.37085e-05
7.48221e-06
-1.06814e-05
1.11656e-05
-6.63934e-06
1.43001e-05
-1.80055e-06
1.67616e-05
1.82956e-05
3.54236e-06
-4.23281e-06
-6.66806e-06
-8.67345e-06
-1.2709e-05
-1.26607e-05
-9.98003e-06
-1.55646e-05
-6.5935e-06
-1.71842e-05
-3.56233e-06
-1.74738e-05
-5.45687e-07
-1.65367e-05
2.5782e-06
-1.42981e-05
5.24105e-06
-1.08709e-05
7.73522e-06
-6.41335e-06
9.84226e-06
-1.18171e-06
1.15288e-05
1.26179e-05
4.49455e-06
-3.81969e-06
-2.86452e-06
-9.36002e-06
-7.17392e-06
-1.40792e-05
-5.26545e-06
-1.72771e-05
-3.39954e-06
-1.89819e-05
-1.86171e-06
-1.91115e-05
-4.22108e-07
-1.7962e-05
1.4235e-06
-1.54346e-05
2.70821e-06
-1.16817e-05
3.97644e-06
-6.85965e-06
5.01886e-06
-1.22741e-06
5.89397e-06
6.52773e-06
4.85957e-06
-2.86689e-06
-1.00419e-05
-1.53082e-05
-1.87085e-05
-2.05713e-05
-2.09945e-05
-1.9572e-05
-1.6865e-05
-1.28888e-05
-7.87044e-06
-1.97715e-06
4.55032e-06
-2.59711e-05
5.56362e-05
-2.18483e-05
5.68569e-05
-1.61378e-05
5.23194e-05
-9.20913e-06
4.17164e-05
-2.08954e-06
2.63446e-05
3.85029e-06
9.31516e-06
7.63613e-06
-6.24748e-06
9.30345e-06
-1.93019e-05
9.33709e-06
-3.05384e-05
8.09662e-06
-4.04446e-05
5.37537e-06
-4.8309e-05
-5.2624e-05
-1.95662e-05
5.22339e-05
-1.4783e-05
5.20751e-05
-8.85629e-06
4.63935e-05
-2.42851e-06
3.52913e-05
3.42293e-06
2.04954e-05
7.64543e-06
5.0946e-06
9.83651e-06
-8.43713e-06
1.03202e-05
-1.97843e-05
9.54406e-06
-2.97613e-05
7.79008e-06
-3.86897e-05
5.01645e-06
-4.5535e-05
-4.76029e-05
-1.33833e-05
4.82032e-05
-8.25706e-06
4.69492e-05
-2.47409e-06
4.06132e-05
3.19714e-06
2.96216e-05
7.78213e-06
1.5912e-05
1.05943e-05
2.28354e-06
1.16072e-05
-9.44907e-06
1.12376e-05
-1.9414e-05
9.86997e-06
-2.83934e-05
7.74928e-06
-3.65686e-05
4.81637e-06
-4.26011e-05
-4.27896e-05
-7.7392e-06
4.37324e-05
-2.50186e-06
4.17129e-05
2.94198e-06
3.517e-05
7.80414e-06
2.47617e-05
1.12831e-05
1.2435e-05
1.30132e-05
5.55194e-07
1.31736e-05
-9.60806e-06
1.21809e-05
-1.84201e-05
1.03598e-05
-2.6571e-05
7.94992e-06
-3.41578e-05
4.92006e-06
-3.95706e-05
-3.78646e-05
-2.80997e-06
3.89672e-05
2.39203e-06
3.65113e-05
7.42604e-06
3.01384e-05
1.15483e-05
2.06407e-05
1.41486e-05
9.8363e-06
1.50986e-05
-3.9386e-07
1.46593e-05
-9.16749e-06
1.3207e-05
-1.6967e-05
1.10111e-05
-2.43745e-05
8.31493e-06
-3.14605e-05
5.0938e-06
-3.63483e-05
-3.27728e-05
1.32018e-06
3.40085e-05
6.41815e-06
3.14142e-05
1.10587e-05
2.54984e-05
1.45802e-05
1.71217e-05
1.65449e-05
7.87336e-06
1.69749e-05
-8.21987e-07
1.61316e-05
-8.32303e-06
1.43357e-05
-1.51699e-05
1.18057e-05
-2.18433e-05
8.796e-06
-2.84495e-05
5.32686e-06
-3.28782e-05
-2.74409e-05
4.63018e-06
2.89068e-05
9.62276e-06
2.64221e-05
1.39493e-05
2.11743e-05
1.70416e-05
1.40299e-05
1.85984e-05
6.31898e-06
1.87204e-05
-9.43709e-07
1.76213e-05
-7.2217e-06
1.55619e-05
-1.311e-05
1.27101e-05
-1.899e-05
9.3244e-06
-2.50631e-05
5.50713e-06
-2.9059e-05
-2.1934e-05
7.15159e-06
2.36671e-05
1.20947e-05
2.14799e-05
1.62268e-05
1.70426e-05
1.90668e-05
1.1193e-05
2.04063e-05
4.98086e-06
2.0382e-05
-9.16985e-07
1.91327e-05
-5.97158e-06
1.68598e-05
-1.08353e-05
1.36782e-05
-1.58078e-05
9.8318e-06
-2.12145e-05
5.54675e-06
-2.4773e-05
-1.63825e-05
8.96239e-06
1.82465e-05
1.39561e-05
1.64867e-05
1.8036e-05
1.29653e-05
2.07804e-05
8.44422e-06
2.20455e-05
3.72323e-06
2.1983e-05
-8.58882e-07
2.06495e-05
-4.63028e-06
1.81848e-05
-8.37434e-06
1.46513e-05
-1.22681e-05
1.02395e-05
-1.68061e-05
5.29118e-06
-1.98196e-05
-1.10913e-05
1.01777e-05
1.25628e-05
1.5356e-05
1.13098e-05
1.95188e-05
8.80033e-06
2.22775e-05
5.68535e-06
2.35394e-05
2.46484e-06
2.35024e-05
-8.19904e-07
2.21102e-05
-3.23423e-06
1.94596e-05
-5.72197e-06
1.55516e-05
-8.35735e-06
1.04594e-05
-1.17121e-05
4.61076e-06
-1.39671e-05
-6.47416e-06
1.09295e-05
6.49203e-06
1.64206e-05
5.81899e-06
2.07561e-05
4.46278e-06
2.35903e-05
2.85086e-06
2.48351e-05
1.22578e-06
2.47888e-05
-7.69821e-07
2.32857e-05
-1.72468e-06
2.04578e-05
-2.89117e-06
1.62043e-05
-4.09847e-06
1.04137e-05
-5.91797e-06
3.58241e-06
-7.12655e-06
-2.87967e-06
1.10425e-05
1.68611e-05
2.13236e-05
2.41756e-05
2.54019e-05
2.46336e-05
2.29093e-05
2.00191e-05
1.59211e-05
1.00044e-05
2.87967e-06
-4.28812e-06
-4.35184e-05
-8.32345e-06
-4.41729e-05
-1.23935e-05
-3.93557e-05
-1.62576e-05
-3.2265e-05
-1.98322e-05
-2.35139e-05
-2.30147e-05
-1.34697e-05
-2.57064e-05
-2.44178e-06
-2.78189e-05
9.13616e-06
-2.92783e-05
2.0676e-05
-3.00005e-05
3.16862e-05
-2.99146e-05
4.16979e-05
5.04821e-05
-2.85975e-05
-3.68008e-06
-3.98376e-05
-7.87053e-06
-3.9982e-05
-1.16536e-05
-3.55729e-05
-1.52113e-05
-2.87075e-05
-1.84752e-05
-2.02507e-05
-2.13164e-05
-1.06292e-05
-2.36012e-05
-1.58124e-07
-2.52132e-05
1.0747e-05
-2.60686e-05
2.153e-05
-2.60813e-05
3.1698e-05
-2.51681e-05
4.07825e-05
4.83447e-05
-2.30285e-05
-3.90501e-06
-3.59279e-05
-7.48016e-06
-3.64058e-05
-1.09276e-05
-3.21248e-05
-1.41782e-05
-2.5457e-05
-1.71123e-05
-1.73164e-05
-1.95768e-05
-8.16497e-06
-2.1416e-05
1.68088e-06
-2.24957e-05
1.18264e-05
-2.27295e-05
2.17634e-05
-2.20371e-05
3.10055e-05
-2.03449e-05
3.9092e-05
4.54708e-05
-1.7472e-05
-3.81548e-06
-3.21122e-05
-7.1815e-06
-3.30394e-05
-1.03422e-05
-2.89644e-05
-1.33087e-05
-2.24907e-05
-1.59147e-05
-1.47112e-05
-1.79879e-05
-6.09242e-06
-1.93624e-05
3.05436e-06
-1.98971e-05
1.23598e-05
-1.95129e-05
2.1378e-05
-1.81457e-05
2.96373e-05
-1.57525e-05
3.66971e-05
4.19807e-05
-1.2261e-05
-3.95141e-06
-2.81558e-05
-7.0465e-06
-2.99436e-05
-9.98122e-06
-2.60285e-05
-1.27101e-05
-1.97624e-05
-1.50109e-05
-1.24097e-05
-1.66988e-05
-4.40525e-06
-1.76082e-05
3.96376e-06
-1.76016e-05
1.23526e-05
-1.66182e-05
2.0394e-05
-1.46212e-05
2.76401e-05
-1.16108e-05
3.36878e-05
3.79834e-05
-7.61419e-06
-4.09591e-06
-2.40605e-05
-7.07847e-06
-2.69606e-05
-9.89242e-06
-2.3215e-05
-1.2456e-05
-1.71992e-05
-1.44953e-05
-1.03712e-05
-1.58209e-05
-3.08024e-06
-1.62824e-05
4.42418e-06
-1.57526e-05
1.18219e-05
-1.41993e-05
1.88396e-05
-1.1622e-05
2.50621e-05
-8.07302e-06
3.01376e-05
3.3575e-05
-3.66388e-06
-4.28607e-06
-1.97713e-05
-7.27595e-06
-2.39705e-05
-1.01051e-05
-2.03855e-05
-1.25965e-05
-1.47084e-05
-1.44323e-05
-8.53519e-06
-1.54336e-05
-2.07975e-06
-1.54774e-05
4.46786e-06
-1.44551e-05
1.07986e-05
-1.23685e-05
1.67527e-05
-9.25999e-06
2.19531e-05
-5.2361e-06
2.61142e-05
2.88197e-05
-4.8137e-07
-4.43136e-06
-1.53406e-05
-7.62095e-06
-2.0781e-05
-1.06361e-05
-1.73704e-05
-1.31614e-05
-1.21843e-05
-1.4859e-05
-6.83814e-06
-1.55808e-05
-1.35893e-06
-1.52484e-05
4.13467e-06
-1.37743e-05
9.32379e-06
-1.11966e-05
1.41739e-05
-7.60116e-06
1.83574e-05
-3.1494e-06
2.16616e-05
2.37557e-05
1.91466e-06
-4.44696e-06
-1.08929e-05
-8.09092e-06
-1.71372e-05
-1.14901e-05
-1.39727e-05
-1.41593e-05
-9.51518e-06
-1.57867e-05
-5.21064e-06
-1.62727e-05
-8.74356e-07
-1.56128e-05
3.47555e-06
-1.37374e-05
7.44618e-06
-1.07122e-05
1.115e-05
-6.66782e-06
1.43113e-05
-1.81491e-06
1.68091e-05
1.83867e-05
3.55408e-06
-4.22702e-06
-6.6684e-06
-8.66398e-06
-1.27016e-05
-1.26517e-05
-9.98609e-06
-1.55611e-05
-6.60744e-06
-1.71894e-05
-3.58282e-06
-1.74895e-05
-5.76028e-07
-1.65622e-05
2.54765e-06
-1.43324e-05
5.21475e-06
-1.09072e-05
7.72388e-06
-6.44541e-06
9.84867e-06
-1.19677e-06
1.15598e-05
1.26801e-05
4.50931e-06
-3.8165e-06
-2.8581e-06
-9.35042e-06
-7.16996e-06
-1.40703e-05
-5.26897e-06
-1.72748e-05
-3.40553e-06
-1.89894e-05
-1.86999e-06
-1.9131e-05
-4.38212e-07
-1.79927e-05
1.40756e-06
-1.54756e-05
2.6942e-06
-1.17253e-05
3.97191e-06
-6.89914e-06
5.02031e-06
-1.24904e-06
5.90807e-06
6.55942e-06
4.8701e-06
-2.85913e-06
-1.00297e-05
-1.52993e-05
-1.87051e-05
-2.05758e-05
-2.10143e-05
-1.96075e-05
-1.69136e-05
-1.29421e-05
-7.92212e-06
-2.01434e-06
4.54483e-06
-2.60578e-05
5.58471e-05
-2.19618e-05
5.71967e-05
-1.62595e-05
5.27744e-05
-9.31316e-06
4.22153e-05
-2.15226e-06
2.67716e-05
3.84401e-06
9.57036e-06
7.6768e-06
-6.20046e-06
9.36958e-06
-1.94384e-05
9.411e-06
-3.08315e-05
8.16618e-06
-4.08801e-05
5.42603e-06
-4.88748e-05
-5.33538e-05
-1.96505e-05
5.24701e-05
-1.48812e-05
5.24298e-05
-8.94789e-06
4.68446e-05
-2.49118e-06
3.57627e-05
3.40632e-06
2.08777e-05
7.67758e-06
5.30221e-06
9.90063e-06
-8.42131e-06
1.03959e-05
-1.99316e-05
9.61675e-06
-3.00508e-05
7.85104e-06
-3.91129e-05
5.06569e-06
-4.60912e-05
-4.82799e-05
-1.34554e-05
4.84552e-05
-8.33016e-06
4.73071e-05
-2.52898e-06
4.10468e-05
3.17981e-06
3.00572e-05
7.81199e-06
1.62485e-05
1.06644e-05
2.45206e-06
1.1697e-05
-9.45223e-06
1.13282e-05
-1.95616e-05
9.94911e-06
-2.86709e-05
7.80824e-06
-3.69721e-05
4.85197e-06
-4.3134e-05
-4.34376e-05
-7.79303e-06
4.39878e-05
-2.54508e-06
4.20607e-05
2.9273e-06
3.55767e-05
7.83308e-06
2.51542e-05
1.13581e-05
1.27262e-05
1.31203e-05
6.92038e-07
1.32909e-05
-9.62096e-06
1.22912e-05
-1.85603e-05
1.04518e-05
-2.68298e-05
8.01563e-06
-3.45342e-05
4.96009e-06
-4.00788e-05
-3.84686e-05
-2.84171e-06
3.92162e-05
2.38152e-06
3.68393e-05
7.45214e-06
3.05087e-05
1.16221e-05
2.09865e-05
1.42658e-05
1.00847e-05
1.52412e-05
-2.81656e-07
1.48053e-05
-9.18362e-06
1.33404e-05
-1.70941e-05
1.1121e-05
-2.46092e-05
8.3917e-06
-3.18045e-05
5.13667e-06
-3.68218e-05
-3.334e-05
1.31237e-06
3.42403e-05
6.4405e-06
3.17122e-05
1.11241e-05
2.58266e-05
1.46952e-05
1.74172e-05
1.66999e-05
8.08189e-06
1.71506e-05
-7.3082e-07
1.63064e-05
-8.33813e-06
1.44945e-05
-1.52806e-05
1.19369e-05
-2.205e-05
8.88856e-06
-2.87539e-05
5.37811e-06
-3.33109e-05
-2.79528e-05
4.64587e-06
2.91135e-05
9.6761e-06
2.66834e-05
1.40498e-05
2.14544e-05
1.71923e-05
1.42767e-05
1.87856e-05
6.49013e-06
1.8926e-05
-8.69576e-07
1.7824e-05
-7.23452e-06
1.5747e-05
-1.32023e-05
1.28648e-05
-1.91659e-05
9.43574e-06
-2.53237e-05
5.56631e-06
-2.94385e-05
-2.23892e-05
7.18761e-06
2.3841e-05
1.2174e-05
2.16978e-05
1.63564e-05
1.72738e-05
1.92464e-05
1.13879e-05
2.06202e-05
5.11795e-06
2.06136e-05
-8.61616e-07
1.93612e-05
-5.98092e-06
1.70709e-05
-1.09103e-05
1.38569e-05
-1.59501e-05
9.96309e-06
-2.14273e-05
5.61559e-06
-2.50889e-05
-1.67639e-05
9.01277e-06
1.83814e-05
1.40549e-05
1.66581e-05
1.81872e-05
1.314e-05
2.09837e-05
8.59549e-06
2.22804e-05
3.82135e-06
2.22376e-05
-8.16552e-07
2.09009e-05
-4.64134e-06
1.84204e-05
-8.42951e-06
1.48523e-05
-1.23776e-05
1.03901e-05
-1.69644e-05
5.37194e-06
-2.00656e-05
-1.13883e-05
1.02351e-05
1.26553e-05
1.54661e-05
1.14278e-05
1.96859e-05
8.92158e-06
2.24962e-05
5.78795e-06
2.37903e-05
2.52934e-06
2.37734e-05
-7.96429e-07
2.23803e-05
-3.24531e-06
1.97145e-05
-5.7608e-06
1.5771e-05
-8.42959e-06
1.06254e-05
-1.18143e-05
4.70271e-06
-1.41355e-05
-6.66752e-06
1.09859e-05
6.53872e-06
1.65347e-05
5.88069e-06
2.09313e-05
4.52714e-06
2.38183e-05
2.90559e-06
2.50951e-05
1.2565e-06
2.50684e-05
-7.63273e-07
2.35638e-05
-1.73539e-06
2.07211e-05
-2.91289e-06
1.64309e-05
-4.13132e-06
1.05865e-05
-5.96117e-06
3.67479e-06
-7.20466e-06
-2.9601e-06
1.10839e-05
1.6965e-05
2.1493e-05
2.43992e-05
2.56568e-05
2.48947e-05
2.31601e-05
2.02485e-05
1.61185e-05
1.01598e-05
2.9601e-06
-4.27475e-06
-4.35755e-05
-8.32322e-06
-4.42218e-05
-1.24095e-05
-3.93928e-05
-1.62861e-05
-3.2271e-05
-1.98678e-05
-2.34875e-05
-2.30522e-05
-1.34185e-05
-2.5741e-05
-2.38186e-06
-2.78464e-05
9.18632e-06
-2.92949e-05
2.06992e-05
-3.00025e-05
3.16726e-05
-2.99013e-05
4.16289e-05
5.03421e-05
-2.85681e-05
-3.68301e-06
-3.98966e-05
-7.8764e-06
-4.00295e-05
-1.16694e-05
-3.56008e-05
-1.52359e-05
-2.87056e-05
-1.85049e-05
-2.02198e-05
-2.1347e-05
-1.0578e-05
-2.36289e-05
-1.01554e-07
-2.52351e-05
1.07905e-05
-2.60817e-05
2.15443e-05
-2.60838e-05
3.16714e-05
-2.51586e-05
4.0704e-05
4.81938e-05
-2.301e-05
-3.90893e-06
-3.59862e-05
-7.48818e-06
-3.64505e-05
-1.0943e-05
-3.21463e-05
-1.42001e-05
-2.54493e-05
-1.71375e-05
-1.7283e-05
-1.9602e-05
-8.11436e-06
-2.14384e-05
1.73415e-06
-2.25134e-05
1.18647e-05
-2.2741e-05
2.17711e-05
-2.20409e-05
3.09726e-05
-2.03425e-05
3.90041e-05
4.53168e-05
-1.74665e-05
-3.8229e-06
-3.21686e-05
-7.19161e-06
-3.3083e-05
-1.03579e-05
-2.89815e-05
-1.33292e-05
-2.24791e-05
-1.59372e-05
-1.46767e-05
-1.80096e-05
-6.04323e-06
-1.93813e-05
3.10394e-06
-1.99122e-05
1.23939e-05
-1.95238e-05
2.13812e-05
-1.81529e-05
2.95989e-05
-1.57576e-05
3.66088e-05
4.18286e-05
-1.22692e-05
-3.96051e-06
-2.82071e-05
-7.05858e-06
-2.99858e-05
-9.99809e-06
-2.60419e-05
-1.27307e-05
-1.97481e-05
-1.50324e-05
-1.23751e-05
-1.67188e-05
-4.35832e-06
-1.76251e-05
4.00984e-06
-1.76156e-05
1.23832e-05
-1.663e-05
2.03947e-05
-1.46318e-05
2.76017e-05
-1.16242e-05
3.35998e-05
3.7839e-05
-7.63547e-06
-4.10705e-06
-2.4106e-05
-7.09306e-06
-2.70011e-05
-9.91147e-06
-2.32253e-05
-1.24779e-05
-1.7183e-05
-1.4517e-05
-1.03377e-05
-1.58406e-05
-3.03599e-06
-1.62988e-05
4.46653e-06
-1.57666e-05
1.18497e-05
-1.42125e-05
1.88394e-05
-1.16373e-05
2.50244e-05
-8.09431e-06
3.00567e-05
3.34425e-05
-3.69779e-06
-4.29901e-06
-1.98086e-05
-7.2936e-06
-2.40081e-05
-1.01272e-05
-2.0392e-05
-1.26208e-05
-1.46914e-05
-1.44553e-05
-8.5034e-06
-1.54538e-05
-2.03923e-06
-1.54941e-05
4.50634e-06
-1.44697e-05
1.08238e-05
-1.23839e-05
1.67528e-05
-9.27941e-06
2.192e-05
-5.26515e-06
2.60413e-05
2.87033e-05
-5.26766e-07
-4.44579e-06
-1.53717e-05
-7.64214e-06
-2.08138e-05
-1.0662e-05
-1.73743e-05
-1.31886e-05
-1.21666e-05
-1.48836e-05
-6.81008e-06
-1.56019e-05
-1.32238e-06
-1.52656e-05
4.16877e-06
-1.37896e-05
9.34682e-06
-1.12135e-05
1.41755e-05
-7.62422e-06
1.83296e-05
-3.18471e-06
2.16009e-05
2.36584e-05
1.85961e-06
-4.46275e-06
-1.09125e-05
-8.11662e-06
-1.71642e-05
-1.15201e-05
-1.397e-05
-1.41902e-05
-9.50145e-06
-1.58128e-05
-5.18533e-06
-1.62947e-05
-8.44974e-07
-1.563e-05
3.50548e-06
-1.37526e-05
7.46587e-06
-1.07296e-05
1.11528e-05
-6.69249e-06
1.4291e-05
-1.85423e-06
1.6762e-05
1.83112e-05
3.49239e-06
-4.2472e-06
-6.68415e-06
-8.69454e-06
-1.27213e-05
-1.26865e-05
-9.9812e-06
-1.55949e-05
-6.59755e-06
-1.7217e-05
-3.56475e-06
-1.75116e-05
-5.54321e-07
-1.65787e-05
2.57102e-06
-1.4346e-05
5.2299e-06
-1.09227e-05
7.72754e-06
-6.46913e-06
9.8358e-06
-1.23683e-06
1.15281e-05
1.26287e-05
4.44497e-06
-3.84347e-06
-2.87905e-06
-9.38693e-06
-7.18771e-06
-1.41092e-05
-5.26512e-06
-1.73113e-05
-3.40303e-06
-1.90182e-05
-1.86185e-06
-1.91528e-05
-4.28086e-07
-1.80068e-05
1.42122e-06
-1.54851e-05
2.70179e-06
-1.17358e-05
3.97406e-06
-6.91815e-06
5.01421e-06
-1.28553e-06
5.89184e-06
6.53346e-06
4.80782e-06
-2.88385e-06
-1.00729e-05
-1.53397e-05
-1.87434e-05
-2.06068e-05
-2.10356e-05
-1.96157e-05
-1.69147e-05
-1.29414e-05
-7.9279e-06
-2.03646e-06
4.49692e-06
-2.60217e-05
5.56185e-05
-2.19326e-05
5.68999e-05
-1.62542e-05
5.24414e-05
-9.34279e-06
4.19061e-05
-2.21582e-06
2.65572e-05
3.75696e-06
9.50002e-06
7.58402e-06
-6.12576e-06
9.28571e-06
-1.92444e-05
9.34404e-06
-3.05369e-05
8.11854e-06
-4.04933e-05
5.39979e-06
-4.83984e-05
-5.27657e-05
-1.96317e-05
5.22406e-05
-1.48744e-05
5.21436e-05
-8.96668e-06
4.65339e-05
-2.54135e-06
3.54831e-05
3.32772e-06
2.06902e-05
7.58226e-06
5.24729e-06
9.80465e-06
-8.34682e-06
1.03118e-05
-1.97504e-05
9.5514e-06
-2.97756e-05
7.80597e-06
-3.87472e-05
5.03542e-06
-4.56277e-05
-4.77264e-05
-1.34558e-05
4.82297e-05
-8.3467e-06
4.70348e-05
-2.57115e-06
4.07608e-05
3.10822e-06
2.9805e-05
7.71567e-06
1.6084e-05
1.05561e-05
2.40784e-06
1.1592e-05
-9.38211e-06
1.1238e-05
-1.93959e-05
9.87966e-06
-2.84173e-05
7.76234e-06
-3.66296e-05
4.82765e-06
-4.26925e-05
-4.29023e-05
-7.81215e-06
4.37729e-05
-2.5837e-06
4.18071e-05
2.86203e-06
3.53152e-05
7.73936e-06
2.49296e-05
1.12422e-05
1.2583e-05
1.29959e-05
6.5565e-07
1.3173e-05
-9.55787e-06
1.21903e-05
-1.84121e-05
1.03737e-05
-2.65996e-05
7.96355e-06
-3.42187e-05
4.93064e-06
-3.96592e-05
-3.79675e-05
-2.87875e-06
3.90158e-05
2.32165e-06
3.66069e-05
7.36452e-06
3.02744e-05
1.15061e-05
2.0789e-05
1.41296e-05
9.96073e-06
1.5099e-05
-3.13002e-07
1.46717e-05
-9.12965e-06
1.32253e-05
-1.6965e-05
1.10303e-05
-2.44043e-05
8.33087e-06
-3.15182e-05
5.10367e-06
-3.64313e-05
-3.28665e-05
1.25843e-06
3.40597e-05
6.36077e-06
3.15051e-05
1.1015e-05
2.56204e-05
1.45578e-05
1.72483e-05
1.65439e-05
7.97615e-06
1.699e-05
-7.57486e-07
1.61553e-05
-8.29398e-06
1.43626e-05
-1.51712e-05
1.18309e-05
-2.18717e-05
8.81556e-06
-2.85018e-05
5.3385e-06
-3.29536e-05
-2.75239e-05
4.57654e-06
2.8956e-05
9.57808e-06
2.65038e-05
1.39213e-05
2.1279e-05
1.70352e-05
1.41348e-05
1.86113e-05
6.40179e-06
1.8747e-05
-8.9293e-07
1.76545e-05
-7.19973e-06
1.55964e-05
-1.31128e-05
1.27412e-05
-1.90153e-05
9.34817e-06
-2.51082e-05
5.52007e-06
-2.91242e-05
-2.20049e-05
7.10536e-06
2.371e-05
1.20607e-05
2.1549e-05
1.62112e-05
1.71287e-05
1.90723e-05
1.1276e-05
2.04296e-05
5.04562e-06
2.04173e-05
-8.78798e-07
1.91733e-05
-5.95514e-06
1.69009e-05
-1.0839e-05
1.37146e-05
-1.58287e-05
9.85964e-06
-2.12513e-05
5.56186e-06
-2.48259e-05
-1.64395e-05
8.92143e-06
1.82807e-05
1.39297e-05
1.6541e-05
1.8029e-05
1.30314e-05
2.07945e-05
8.5069e-06
2.20758e-05
3.77009e-06
2.20248e-05
-8.31298e-07
2.06956e-05
-4.61997e-06
1.82312e-05
-8.37744e-06
1.46919e-05
-1.22848e-05
1.02707e-05
-1.6833e-05
5.3081e-06
-1.98594e-05
-1.1132e-05
1.0139e-05
1.25865e-05
1.53337e-05
1.13474e-05
1.95172e-05
8.84621e-06
2.22967e-05
5.72734e-06
2.35741e-05
2.49518e-06
2.35479e-05
-8.03607e-07
2.216e-05
-3.22918e-06
1.95091e-05
-5.72518e-06
1.55948e-05
-8.36883e-06
1.04922e-05
-1.17291e-05
4.629e-06
-1.39933e-05
-6.49832e-06
1.089e-05
6.50421e-06
1.63996e-05
5.83839e-06
2.07574e-05
4.4869e-06
2.36124e-05
2.87203e-06
2.4872e-05
1.2398e-06
2.48354e-05
-7.6439e-07
2.33359e-05
-1.72477e-06
2.05072e-05
-2.8944e-06
1.62469e-05
-4.10489e-06
1.04455e-05
-5.92516e-06
3.59919e-06
-7.14004e-06
-2.89018e-06
1.10013e-05
1.68394e-05
2.13261e-05
2.4199e-05
2.54391e-05
2.46758e-05
2.29514e-05
2.00576e-05
1.59531e-05
1.00289e-05
2.89018e-06
-4.25519e-06
-4.36393e-05
-8.29417e-06
-4.42977e-05
-1.23776e-05
-3.94721e-05
-1.62581e-05
-3.23561e-05
-1.98493e-05
-2.35673e-05
-2.30478e-05
-1.34813e-05
-2.57559e-05
-2.41748e-06
-2.78864e-05
9.18001e-06
-2.93669e-05
2.07245e-05
-3.0115e-05
3.1735e-05
-3.00583e-05
4.17503e-05
5.05557e-05
-3.66758e-06
-3.99716e-05
-7.8567e-06
-4.01085e-05
-1.165e-05
-3.56793e-05
-1.52216e-05
-2.8785e-05
-1.84998e-05
-2.02901e-05
-2.13547e-05
-1.06274e-05
-2.36545e-05
-1.19202e-07
-2.52846e-05
1.08085e-05
-2.61629e-05
2.16009e-05
-2.62035e-05
3.17743e-05
-2.53201e-05
4.08637e-05
4.84334e-05
-3.90138e-06
-3.60667e-05
-7.47754e-06
-3.65317e-05
-1.09342e-05
-3.22223e-05
-1.41968e-05
-2.55227e-05
-1.71429e-05
-1.7344e-05
-1.96187e-05
-8.15215e-06
-2.14704e-05
1.73203e-06
-2.25659e-05
1.19032e-05
-2.28208e-05
2.18549e-05
-2.21541e-05
3.11066e-05
-2.04883e-05
3.91986e-05
4.55695e-05
-3.81888e-06
-3.22483e-05
-7.18785e-06
-3.31628e-05
-1.03574e-05
-2.90533e-05
-1.33346e-05
-2.2546e-05
-1.59506e-05
-1.47289e-05
-1.80324e-05
-6.07136e-06
-1.9416e-05
3.11426e-06
-1.99625e-05
1.24481e-05
-1.95949e-05
2.14856e-05
-1.82478e-05
2.97577e-05
-1.58751e-05
3.68227e-05
4.20836e-05
-3.96075e-06
-2.82839e-05
-7.06039e-06
-3.00629e-05
-1.00043e-05
-2.61086e-05
-1.27428e-05
-1.98083e-05
-1.50518e-05
-1.24195e-05
-1.67453e-05
-4.37869e-06
-1.766e-05
4.02867e-06
-1.76602e-05
1.24472e-05
-1.66873e-05
2.05115e-05
-1.4703e-05
2.77722e-05
-1.17055e-05
3.38252e-05
3.80853e-05
-4.10963e-06
-2.41757e-05
-7.09923e-06
-2.70733e-05
-9.92312e-06
-2.32853e-05
-1.24955e-05
-1.72366e-05
-1.45411e-05
-1.03748e-05
-1.58696e-05
-3.05111e-06
-1.63324e-05
4.49027e-06
-1.58038e-05
1.19172e-05
-1.42541e-05
1.89602e-05
-1.16814e-05
2.51976e-05
-8.13731e-06
3.02781e-05
3.36712e-05
-4.30366e-06
-1.98709e-05
-7.3033e-06
-2.40737e-05
-1.01436e-05
-2.04453e-05
-1.2643e-05
-1.47376e-05
-1.44834e-05
-8.53491e-06
-1.54847e-05
-2.05036e-06
-1.55261e-05
4.53074e-06
-1.44995e-05
1.08898e-05
-1.241e-05
1.68688e-05
-9.29786e-06
2.20841e-05
-5.27078e-06
2.62504e-05
2.8906e-05
-4.45146e-06
-1.54215e-05
-7.65485e-06
-2.08712e-05
-1.06826e-05
-1.74176e-05
-1.32154e-05
-1.22068e-05
-1.49158e-05
-6.83486e-06
-1.56352e-05
-1.33262e-06
-1.52968e-05
4.19173e-06
-1.38136e-05
9.40464e-06
-1.12262e-05
1.42797e-05
-7.61981e-06
1.84755e-05
-3.15773e-06
2.17861e-05
2.38289e-05
-4.46905e-06
-1.09564e-05
-8.13113e-06
-1.72084e-05
-1.15451e-05
-1.40087e-05
-1.42205e-05
-9.52869e-06
-1.58499e-05
-5.20962e-06
-1.63306e-05
-8.50254e-07
-1.56624e-05
3.51959e-06
-1.37726e-05
7.51593e-06
-1.07326e-05
1.12358e-05
-6.6697e-06
1.44128e-05
-1.80034e-06
1.69157e-05
1.84434e-05
-4.25156e-06
-6.7115e-06
-8.711e-06
-1.27527e-05
-1.27142e-05
-1.00084e-05
-1.56295e-05
-6.61578e-06
-1.72581e-05
-3.58283e-06
-1.75516e-05
-5.5934e-07
-1.6613e-05
2.57881e-06
-1.43654e-05
5.26595e-06
-1.09195e-05
7.78599e-06
-6.43266e-06
9.92441e-06
-1.16127e-06
1.16425e-05
1.27173e-05
-3.84493e-06
-2.8834e-06
-9.40406e-06
-7.19965e-06
-1.41391e-05
-5.27931e-06
-1.73489e-05
-3.40962e-06
-1.90638e-05
-1.87234e-06
-1.91971e-05
-4.30957e-07
-1.80456e-05
1.42223e-06
-1.55067e-05
2.72184e-06
-1.17308e-05
4.00249e-06
-6.87213e-06
5.06169e-06
-1.19167e-06
5.95607e-06
6.5713e-06
-2.88605e-06
-1.00872e-05
-1.53672e-05
-1.87777e-05
-2.06509e-05
-2.1083e-05
-1.96617e-05
-1.69414e-05
-1.29396e-05
-7.87902e-06
-1.92541e-06
)
;

boundaryField
{
    rotor
    {
        type            calculated;
        value           uniform 0;
    }
    stator
    {
        type            calculated;
        value           uniform 0;
    }
    front
    {
        type            empty;
        value           nonuniform 0();
    }
    back
    {
        type            empty;
        value           nonuniform 0();
    }
}


// ************************************************************************* //
