/*--------------------------------*- C++ -*----------------------------------*\
| =========                 |                                                 |
| \\      /  F ield         | OpenFOAM: The Open Source CFD Toolbox           |
|  \\    /   O peration     | Version:  v1912                                 |
|   \\  /    A nd           | Website:  www.openfoam.com                      |
|    \\/     M anipulation  |                                                 |
\*---------------------------------------------------------------------------*/
FoamFile
{
    version     2.0;
    format      ascii;
    class       volVectorField;
    location    "50";
    object      U;
}
// * * * * * * * * * * * * * * * * * * * * * * * * * * * * * * * * * * * * * //

dimensions      [0 1 -1 0 0 0 0];


internalField   nonuniform List<vector> 
3072
(
(-0.151473 2.37171 0)
(0.40295 2.09274 0)
(1.6113 2.21984 2.65022e-19)
(2.3109 3.17652 5.47563e-19)
(2.57198 3.705 -1.22584e-18)
(2.95787 4.20675 7.03516e-19)
(3.31843 4.50856 6.26334e-19)
(3.71548 4.71294 3.70163e-18)
(4.0931 4.77036 -5.85888e-18)
(4.44516 4.73521 2.9554e-18)
(4.74989 4.60176 -6.90783e-19)
(5.00143 4.39722 7.62362e-20)
(0.762194 3.19595 -1.65774e-19)
(1.69103 3.52362 -4.06122e-19)
(2.33148 4.00421 2.2715e-19)
(2.5908 4.23025 0)
(2.68434 4.48194 6.03522e-19)
(2.85066 4.70161 -8.26377e-19)
(3.03911 4.86731 0)
(3.26593 4.97438 0)
(3.49379 5.01373 0)
(3.72511 4.98394 8.51693e-19)
(3.94513 4.88708 3.64259e-19)
(4.14526 4.72759 5.20218e-19)
(1.4919 3.14931 9.317e-20)
(2.41507 3.61836 0)
(2.86201 3.95495 0)
(3.01988 4.15071 -1.24306e-18)
(3.16016 4.32797 7.30034e-19)
(3.319 4.4703 -8.43168e-19)
(3.47298 4.57531 1.0164e-18)
(3.63077 4.63831 0)
(3.7833 4.65491 0)
(3.92848 4.62145 -1.79124e-19)
(4.05882 4.53826 -1.90903e-19)
(4.16687 4.40749 8.89167e-19)
(2.46692 3.20209 -3.38395e-19)
(2.99119 3.7109 -6.63914e-19)
(3.22481 3.90497 5.53742e-19)
(3.30765 4.09227 -6.18611e-19)
(3.39161 4.24717 2.06396e-18)
(3.47705 4.37255 -1.87617e-18)
(3.56309 4.46634 -8.66005e-19)
(3.65242 4.52658 -2.07415e-18)
(3.73974 4.54995 -1.33934e-20)
(3.82148 4.53385 1.13063e-18)
(3.89098 4.4748 1.46294e-18)
(3.9408 4.37264 -1.16314e-18)
(2.99783 3.34595 0)
(3.33038 3.81566 2.67332e-19)
(3.46004 3.90257 -6.59835e-19)
(3.48895 4.04083 1.22522e-18)
(3.52932 4.14784 1.44671e-19)
(3.57421 4.23973 8.82798e-19)
(3.62082 4.31315 7.78287e-19)
(3.66769 4.36791 6.70008e-19)
(3.7084 4.39555 -1.41106e-18)
(3.74316 4.39553 1.40508e-18)
(3.76284 4.36101 -2.19302e-18)
(3.76001 4.2909 3.18793e-18)
(3.37986 3.42325 -2.98227e-19)
(3.55753 3.87622 2.39927e-19)
(3.59061 3.86933 1.22818e-18)
(3.58401 3.95493 0)
(3.59224 4.0123 -2.50204e-18)
(3.60535 4.06966 2.40395e-18)
(3.61757 4.12332 0)
(3.62651 4.17328 -1.80822e-18)
(3.62974 4.20849 1.69398e-18)
(3.62165 4.22881 0)
(3.59177 4.22579 7.51573e-20)
(3.53998 4.19222 2.07764e-18)
(3.46947 3.54876 0)
(3.5941 3.91639 -9.14918e-19)
(3.61272 3.81036 1.01554e-18)
(3.59351 3.83416 0)
(3.57911 3.83917 -1.50383e-18)
(3.56892 3.85854 3.14908e-19)
(3.55426 3.88712 2.42662e-18)
(3.53203 3.92437 2.25846e-18)
(3.4985 3.96416 -2.16306e-18)
(3.4473 4.00169 2.23022e-18)
(3.37268 4.0295 -2.02514e-18)
(3.27459 4.03617 -6.33748e-18)
(3.43733 3.64422 0)
(3.56087 3.96852 5.97744e-19)
(3.55863 3.73495 -1.52309e-18)
(3.52414 3.68312 2.00411e-18)
(3.49656 3.62911 0)
(3.46957 3.60468 -2.84505e-18)
(3.43204 3.60284 2.76009e-18)
(3.38022 3.62202 -3.66945e-20)
(3.31054 3.65795 -4.9626e-18)
(3.21748 3.70714 -2.39631e-18)
(3.09788 3.76284 -1.6813e-19)
(2.95149 3.8107 4.95049e-18)
(3.227 3.74603 0)
(3.39667 4.01615 -1.38157e-18)
(3.4046 3.61351 -2.42357e-18)
(3.38182 3.4888 -2.03589e-18)
(3.35141 3.38092 4.32678e-18)
(3.3131 3.31401 0)
(3.25507 3.28038 0)
(3.17415 3.27751 0)
(3.0682 3.30282 0)
(2.93253 3.35569 2.60855e-18)
(2.76557 3.4318 -2.7742e-18)
(2.5657 3.51607 2.76226e-18)
(2.8989 3.82969 0)
(3.09229 4.0547 1.25953e-18)
(3.14605 3.49399 -4.32043e-19)
(3.17553 3.26935 3.02642e-18)
(3.15763 3.10901 2.98102e-18)
(3.11315 3.00254 -4.30368e-18)
(3.03605 2.93969 0)
(2.9256 2.91453 -2.10128e-19)
(2.78274 2.92542 -9.86627e-18)
(2.60189 2.97477 0)
(2.38234 3.06077 6.43749e-18)
(2.11912 3.16941 -3.32222e-18)
(2.42466 3.89833 0)
(2.78974 3.84275 2.08282e-18)
(2.84603 3.28768 6.48188e-18)
(2.91964 3.00558 -6.01414e-18)
(2.92908 2.81977 -8.24578e-18)
(2.88598 2.68723 1.20608e-17)
(2.79251 2.60342 -2.68675e-19)
(2.65265 2.56036 -4.53766e-18)
(2.47271 2.5568 3.27874e-18)
(2.24284 2.59739 -7.39816e-18)
(1.96207 2.68005 -1.05003e-17)
(1.61823 2.79375 1.1522e-17)
(1.29093 3.89804 -1.73376e-18)
(2.16512 3.8366 -1.11442e-17)
(2.52611 3.07455 2.27246e-18)
(2.66775 2.74197 0)
(2.69781 2.53467 0)
(2.65435 2.38687 4.65691e-19)
(2.54579 2.29091 1.54145e-17)
(2.37533 2.23527 8.8369e-18)
(2.15604 2.21794 0)
(1.86465 2.24499 7.76274e-18)
(1.49895 2.31262 0)
(1.04129 2.41659 5.30698e-19)
(5.18803 4.1322 3.05417e-18)
(5.31749 3.81551 -1.60202e-18)
(5.37725 3.46535 2.57535e-19)
(5.36367 3.09519 -4.64709e-19)
(5.27201 2.7196 -3.57407e-19)
(5.10003 2.34886 0)
(4.84385 1.99437 0)
(4.50441 1.66819 2.10591e-18)
(4.07801 1.37552 -2.53151e-18)
(3.52843 1.08906 0)
(2.96852 0.74981 0)
(2.67437 0.0432292 -9.53056e-21)
(4.31878 4.51111 1.33254e-20)
(4.45271 4.25438 0)
(4.54053 3.96775 -7.59807e-19)
(4.58198 3.66417 3.35779e-19)
(4.57463 3.35493 3.38343e-19)
(4.51814 3.05304 3.31737e-18)
(4.41147 2.76961 -5.87837e-18)
(4.25368 2.51697 1.14491e-18)
(4.03957 2.30754 0)
(3.68446 2.13855 0)
(3.32137 2.02597 0)
(3.27935 1.73397 1.4463e-18)
(4.24694 4.23267 6.62955e-19)
(4.29689 4.01849 -1.67073e-18)
(4.31656 3.77835 5.71527e-19)
(4.30673 3.52382 1.79391e-18)
(4.26869 3.26846 -1.8506e-18)
(4.20234 3.02832 0)
(4.10601 2.81768 0)
(3.97853 2.65176 -9.20555e-20)
(3.82117 2.54394 1.35681e-18)
(3.58774 2.49285 0)
(3.32408 2.49828 0)
(3.36138 2.44609 -9.5292e-19)
(3.96933 4.22763 9.37903e-20)
(3.97581 4.04351 2.00115e-18)
(3.96195 3.82824 1.78646e-18)
(3.93005 3.59355 -1.79073e-18)
(3.88321 3.35451 0)
(3.82454 3.12849 1.30229e-18)
(3.75606 2.93401 0)
(3.68035 2.78906 2.57048e-18)
(3.59911 2.71079 -1.01842e-18)
(3.49573 2.69577 0)
(3.31859 2.77842 -6.23282e-19)
(3.51065 2.96233 1.12001e-18)
(3.73816 4.17935 -1.45564e-18)
(3.70065 4.02595 0)
(3.65213 3.83547 0)
(3.59836 3.61727 0)
(3.54478 3.38569 0)
(3.49692 3.1595 -2.53292e-18)
(3.4593 2.9598 -5.9567e-20)
(3.43409 2.80711 -1.3193e-18)
(3.42423 2.73513 0)
(3.42202 2.7449 -1.21446e-18)
(3.33359 2.87307 7.37995e-19)
(3.65168 3.15919 -3.20899e-19)
(3.47141 4.11862 -2.94921e-20)
(3.39406 3.99884 -4.16949e-18)
(3.31681 3.83368 2.315e-18)
(3.24795 3.6299 1.88074e-19)
(3.19565 3.40006 2.25407e-19)
(3.16643 3.16351 4.04117e-18)
(3.16516 2.94384 4.72746e-21)
(3.19426 2.76708 -4.71108e-18)
(3.25447 2.66574 -1.91538e-18)
(3.3417 2.6699 1.11398e-18)
(3.38309 2.8189 -1.62001e-18)
(3.78348 3.19225 -8.70402e-19)
(3.16007 4.00543 6.61047e-18)
(3.04392 3.92364 2.43706e-18)
(2.94111 3.78707 0)
(2.86228 3.59968 0)
(2.8176 3.37084 2.18984e-19)
(2.81393 3.11961 -2.82827e-18)
(2.85479 2.87175 4.72803e-18)
(2.94196 2.65727 -5.5173e-20)
(3.07593 2.51359 1.70828e-18)
(3.25725 2.48177 0)
(3.41514 2.61832 -2.35202e-19)
(3.8865 3.02691 -9.87695e-20)
(2.78751 3.82589 -2.48488e-18)
(2.63077 3.78507 -2.59224e-18)
(2.50485 3.68001 2.9479e-18)
(2.42156 3.51247 -3.0793e-18)
(2.39206 3.28723 -1.97299e-19)
(2.42275 3.02272 6.33224e-18)
(2.51319 2.74536 -3.09465e-18)
(2.66302 2.48752 1.74225e-18)
(2.87152 2.29054 0)
(3.14636 2.20466 1.138e-18)
(3.42437 2.30949 8.3376e-19)
(3.95579 2.70637 -1.32519e-18)
(2.34395 3.57448 3.08761e-18)
(2.14139 3.57222 -3.02509e-18)
(1.99477 3.49803 -3.18747e-18)
(1.91444 3.3537 -7.02684e-18)
(1.91023 3.13671 6.86927e-18)
(1.98641 2.86346 -6.68395e-18)
(2.13476 2.56137 0)
(2.35002 2.26108 -1.68662e-18)
(2.63047 2.0048 0)
(2.99466 1.84845 0)
(3.38274 1.88218 0)
(3.97037 2.19169 7.04548e-19)
(1.82542 3.25869 3.35953e-18)
(1.56849 3.28441 -7.66766e-18)
(1.40502 3.23356 8.03508e-18)
(1.33911 3.11313 7.86953e-18)
(1.37357 2.91117 3.78752e-18)
(1.51007 2.63715 0)
(1.72588 2.32036 0)
(2.00682 1.98638 3.71725e-18)
(2.34947 1.67178 0)
(2.78843 1.4315 -1.15565e-18)
(3.26438 1.35446 8.29302e-19)
(3.8966 1.4421 -2.00031e-18)
(1.23177 2.89529 -8.4276e-18)
(0.913469 2.9357 8.36883e-18)
(0.746732 2.89235 -8.7058e-18)
(0.712082 2.79267 -2.154e-17)
(0.800294 2.61399 -9.11966e-20)
(1.01586 2.34759 1.35769e-19)
(1.30656 2.02987 -4.00762e-18)
(1.64939 1.6775 -3.75008e-18)
(2.03744 1.31422 0)
(2.51806 0.987997 3.26485e-18)
(3.00371 0.740723 9.85483e-19)
(3.67889 0.574147 -3.06819e-18)
(0.548689 2.51829 -4.34554e-19)
(0.202791 2.55808 0)
(0.0781027 2.50931 0)
(0.087767 2.4276 3.50507e-18)
(0.253893 2.26039 1.1657e-17)
(0.556663 2.009 -4.12126e-18)
(0.915897 1.70573 1.32803e-20)
(1.30547 1.35538 -1.89186e-18)
(1.71602 0.963938 -1.85082e-18)
(2.1876 0.566795 -2.01998e-18)
(2.66109 0.118847 0)
(3.40778 -0.904945 2.22629e-18)
(2.38494 0.178169 1.79388e-20)
(2.07988 -0.426611 0)
(2.25358 -1.64442 -2.67796e-19)
(3.20492 -2.29912 0)
(3.7281 -2.57564 -8.46907e-19)
(4.22443 -2.9551 6.91605e-19)
(4.52819 -3.32008 0)
(4.72157 -3.72003 2.99521e-18)
(4.78078 -4.09804 -5.09573e-18)
(4.74202 -4.44907 3.66724e-18)
(4.60832 -4.75432 -4.30543e-20)
(4.40213 -5.00523 -7.88631e-20)
(3.20245 -0.779985 -2.95712e-19)
(3.5175 -1.69772 -2.34204e-19)
(4.00595 -2.32401 4.36209e-19)
(4.23234 -2.57738 0)
(4.48641 -2.67618 -6.23288e-19)
(4.70675 -2.84433 5.61286e-19)
(4.8716 -3.03745 0)
(4.9802 -3.26204 3.04749e-19)
(5.01855 -3.49184 -4.55985e-19)
(4.98792 -3.72348 2.14629e-19)
(4.89041 -3.94403 -5.85719e-19)
(4.73027 -4.14436 -1.29799e-18)
(3.15167 -1.52181 -9.71258e-20)
(3.61102 -2.42113 0)
(3.95009 -2.859 -5.82367e-19)
(4.14837 -3.0104 0)
(4.32797 -3.15702 0)
(4.47107 -3.3152 -3.62875e-19)
(4.5765 -3.47031 1.93514e-18)
(4.63984 -3.62737 -1.13147e-18)
(4.6563 -3.78024 2.16427e-19)
(4.62252 -3.92557 0)
(4.53895 -4.05598 6.76669e-19)
(4.40783 -4.16418 -5.27866e-19)
(3.1997 -2.49517 1.52832e-19)
(3.70485 -2.99973 3.20964e-19)
(3.90176 -3.22452 5.27207e-19)
(4.0905 -3.30463 1.11843e-18)
(4.24631 -3.38949 -1.04699e-18)
(4.37191 -3.47336 -7.18495e-19)
(4.46576 -3.55896 0)
(4.52587 -3.64742 0)
(4.54893 -3.73449 7.13118e-19)
(4.53246 -3.81606 0)
(4.47302 -3.88564 2.58009e-19)
(4.3705 -3.93577 4.58189e-19)
(3.34122 -3.01903 1.69399e-19)
(3.81113 -3.33529 -1.97183e-19)
(3.90062 -3.45826 -6.63784e-19)
(4.0391 -3.48639 0)
(4.14618 -3.5265 0)
(4.2379 -3.5698 1.12488e-18)
(4.31111 -3.61517 0)
(4.36518 -3.66094 -1.55564e-18)
(4.39206 -3.70094 -6.24696e-19)
(4.39128 -3.73547 1.41577e-18)
(4.3563 -3.75465 -2.19443e-18)
(4.28564 -3.7524 1.49079e-18)
(3.41972 -3.39653 -1.37413e-19)
(3.87432 -3.56076 -2.61063e-19)
(3.86869 -3.58901 5.59451e-19)
(3.95346 -3.58127 1.10424e-19)
(4.01014 -3.58829 1.28714e-18)
(4.06703 -3.59935 -2.31285e-18)
(4.12007 -3.6097 2.06783e-18)
(4.16894 -3.61704 1.52309e-19)
(4.20257 -3.61944 0)
(4.2219 -3.61054 0)
(4.21797 -3.58045 3.78454e-18)
(4.18361 -3.52969 1.26355e-19)
(3.54712 -3.48352 -9.50567e-20)
(3.9162 -3.59784 -5.66422e-19)
(3.81008 -3.6103 0)
(3.83314 -3.58966 -1.43236e-18)
(3.83689 -3.57351 1.62806e-18)
(3.85532 -3.56077 4.09975e-18)
(3.8828 -3.54385 2.60735e-18)
(3.91875 -3.51957 3.27938e-19)
(3.95688 -3.48485 -4.46773e-18)
(3.99286 -3.43295 2.09536e-18)
(4.01913 -3.35884 2.39394e-18)
(4.02469 -3.26243 1.54633e-19)
(3.6433 -3.45069 4.18491e-20)
(3.97052 -3.56246 5.99339e-19)
(3.73588 -3.55533 0)
(3.68273 -3.5188 -2.00937e-18)
(3.62714 -3.4889 -1.60926e-18)
(3.60144 -3.4591 1.95508e-19)
(3.59829 -3.4189 -5.4087e-18)
(3.61591 -3.365 1.46016e-19)
(3.65011 -3.29407 -1.5926e-19)
(3.69741 -3.20091 2.52644e-18)
(3.75122 -3.08256 -2.22548e-18)
(3.7974 -2.93898 6.31125e-20)
(3.74506 -3.24025 -7.22809e-19)
(4.01839 -3.39813 4.05982e-19)
(3.61471 -3.40035 -3.53005e-18)
(3.48887 -3.37479 2.04331e-18)
(3.37955 -3.34171 0)
(3.31139 -3.30043 0)
(3.27646 -3.2397 3.36581e-18)
(3.27203 -3.15684 6.03716e-18)
(3.2956 -3.05006 -2.83995e-18)
(3.34646 -2.91512 -2.60974e-18)
(3.42037 -2.75055 -2.61484e-18)
(3.50256 -2.55494 0)
(3.82905 -2.91323 1.76765e-20)
(4.0574 -3.09357 1.88926e-18)
(3.49534 -3.14098 5.36614e-18)
(3.27008 -3.16719 0)
(3.10866 -3.14626 5.07239e-18)
(3.00118 -3.09874 0)
(2.93722 -3.01917 1.31599e-19)
(2.91069 -2.90716 -3.31027e-18)
(2.91987 -2.76422 3.43181e-18)
(2.96713 -2.58519 0)
(3.05074 -2.36951 0)
(3.15712 -2.11242 -6.66647e-18)
(3.895 -2.4385 -2.16895e-18)
(3.84252 -2.79113 2.07232e-18)
(3.2905 -2.84097 4.24999e-19)
(3.00701 -2.91036 -6.74673e-18)
(2.82078 -2.91636 -2.62417e-18)
(2.68753 -2.87035 -2.46228e-18)
(2.60293 -2.77483 -4.45612e-18)
(2.55872 -2.63398 -1.19907e-17)
(2.55348 -2.4549 -3.30526e-18)
(2.59187 -2.22816 -7.45106e-18)
(2.672 -1.95294 7.47748e-18)
(2.78355 -1.61769 7.29008e-18)
(3.89819 -1.30634 3.25737e-18)
(3.83358 -2.17034 -1.28849e-18)
(3.07742 -2.52191 3.43637e-19)
(2.74406 -2.65817 6.4358e-18)
(2.5369 -2.68438 0)
(2.3886 -2.63805 -5.96149e-18)
(2.2922 -2.52783 4.90008e-18)
(2.23573 -2.35695 3.79055e-18)
(2.21695 -2.13932 -1.3463e-17)
(2.24174 -1.85264 7.81919e-18)
(2.30676 -1.4947 -7.50517e-18)
(2.40858 -1.04878 0)
(4.13639 -5.19221 -1.46236e-18)
(3.81934 -5.32103 3.51087e-18)
(3.46846 -5.38091 -1.53899e-18)
(3.09823 -5.3669 -1.63409e-19)
(2.72193 -5.27524 -3.06102e-19)
(2.35144 -5.10282 3.33497e-19)
(1.99621 -4.84636 1.11413e-20)
(1.67014 -4.50669 -6.70633e-19)
(1.37713 -4.07952 -2.53255e-18)
(1.09028 -3.52968 0)
(0.751411 -2.96891 0)
(0.043432 -2.67435 -9.33989e-21)
(4.51335 -4.31822 -2.73062e-19)
(4.2563 -4.45229 7.47275e-19)
(3.96951 -4.54036 -7.59851e-19)
(3.66588 -4.58204 0)
(3.35662 -4.57495 1.66167e-18)
(3.05478 -4.51869 0)
(2.77139 -4.41228 1.8563e-18)
(2.51883 -4.25468 3.88538e-18)
(2.30936 -4.04065 -3.35649e-18)
(2.14034 -3.6856 0)
(2.02771 -3.32221 0)
(1.73603 -3.27988 8.27598e-21)
(4.23269 -4.24461 3.94064e-19)
(4.01844 -4.29498 -2.76885e-19)
(3.77837 -4.31514 5.72769e-19)
(3.52406 -4.30581 0)
(3.269 -4.26823 -9.1061e-19)
(3.02921 -4.20229 2.56353e-18)
(2.81889 -4.1063 -3.65494e-18)
(2.65331 -3.97904 -4.8984e-18)
(2.54579 -3.82175 3.89657e-18)
(2.49506 -3.58831 0)
(2.50075 -3.32459 8.20445e-19)
(2.44878 -3.3614 3.19796e-19)
(4.22522 -3.96491 5.21263e-19)
(4.04115 -3.9721 -1.44076e-18)
(3.82616 -3.95908 1.78337e-18)
(3.59198 -3.92799 -1.78774e-18)
(3.35358 -3.8819 0)
(3.12825 -3.82387 1.29866e-18)
(2.93444 -3.7559 1.25594e-18)
(2.79013 -3.68052 8.44737e-19)
(2.71239 -3.59943 -2.00195e-18)
(2.69791 -3.49612 0)
(2.78099 -3.31899 -5.04338e-19)
(2.9655 -3.51072 9.39935e-19)
(4.17387 -3.73147 1.72603e-18)
(4.02062 -3.6952 -8.88261e-19)
(3.83069 -3.64797 0)
(3.61335 -3.59546 0)
(3.38282 -3.54294 1.22985e-18)
(3.15778 -3.49595 -1.18316e-18)
(2.95913 -3.45893 -1.5926e-19)
(2.80753 -3.43413 0)
(2.73636 -3.4245 -8.49892e-19)
(2.74695 -3.42257 1.21235e-18)
(2.87576 -3.33404 -1.56442e-18)
(3.16267 -3.65153 -4.36225e-19)
(4.10972 -3.46275 -3.88711e-18)
(3.99018 -3.38728 1.96998e-18)
(3.82589 -3.31198 4.62743e-18)
(3.62337 -3.24479 1.8583e-19)
(3.39512 -3.19384 -6.27688e-18)
(3.1602 -3.16557 -2.8305e-18)
(2.94207 -3.16488 -1.53051e-19)
(2.76667 -3.1943 0)
(2.66651 -3.2547 0)
(2.67165 -3.34211 -1.11197e-18)
(2.82163 -3.38347 -9.14212e-19)
(3.19574 -3.78348 3.9427e-19)
(3.99334 -3.15045 2.32146e-18)
(3.91192 -3.03702 -4.7034e-18)
(3.77642 -2.93675 -2.35439e-18)
(3.59072 -2.85996 -1.90842e-20)
(3.36396 -2.81669 2.79954e-18)
(3.11491 -2.81387 2.89148e-18)
(2.86912 -2.8551 1.64102e-18)
(2.6564 -2.94241 1.62645e-18)
(2.51412 -3.07632 -1.77673e-18)
(2.48348 -3.25761 0)
(2.62095 -3.41558 1.53322e-18)
(3.03032 -3.88614 -5.51553e-19)
(3.81171 -2.7787 0)
(3.77115 -2.62561 2.56862e-18)
(3.66734 -2.50267 0)
(3.50186 -2.42152 -2.29581e-19)
(3.27915 -2.39318 -1.95075e-19)
(3.01723 -2.42425 6.27546e-18)
(2.74227 -2.51456 -1.43812e-18)
(2.48642 -2.66399 -3.36907e-18)
(2.29098 -2.8722 -1.88879e-18)
(2.20624 -3.14675 1.13506e-18)
(2.31198 -3.42468 -2.74957e-18)
(2.70948 -3.95583 1.75987e-18)
(3.55984 -2.33841 3.0624e-18)
(3.55783 -2.14039 -2.99534e-18)
(3.48496 -1.99696 -3.35651e-18)
(3.34284 -1.91844 3.45467e-18)
(3.12865 -1.91461 3.50281e-18)
(2.85822 -1.99019 -1.01204e-17)
(2.5586 -2.13749 0)
(2.26028 -2.35168 1.67489e-18)
(2.00546 -2.63123 1.7678e-18)
(1.85003 -2.99483 0)
(1.88461 -3.38286 2.90387e-18)
(2.1948 -3.97003 -3.15813e-18)
(3.24537 -1.82566 0)
(3.2715 -1.57407 -7.5908e-18)
(3.22202 -1.41344 -4.16914e-18)
(3.1037 -1.34854 -7.86586e-18)
(2.9047 -1.38204 3.73162e-18)
(2.63338 -1.51651 3.6724e-18)
(2.31886 -1.73004 0)
(1.98654 -2.00899 0)
(1.67304 -2.35022 0)
(1.43344 -2.78821 0)
(1.35681 -3.2638 -7.92701e-19)
(1.44502 -3.89606 -5.46945e-20)
(2.88422 -1.2397 4.22711e-18)
(2.9253 -0.927076 4.19892e-18)
(2.88346 -0.761648 1.75933e-17)
(2.78566 -0.726814 4.20139e-18)
(2.61005 -0.812469 1.71489e-17)
(2.34614 -1.02438 -4.08471e-18)
(2.03034 -1.31159 -3.9643e-18)
(1.67912 -1.65169 0)
(1.31649 -2.03783 -3.76438e-18)
(0.990441 -2.5172 -2.12317e-18)
(0.743103 -3.00243 -1.7701e-18)
(0.576215 -3.6781 -1.92704e-25)
(2.5091 -0.564922 0)
(2.55024 -0.223001 0)
(2.50248 -0.0969069 -1.69857e-17)
(2.4227 -0.105126 -1.11009e-17)
(2.25879 -0.266436 -3.95352e-18)
(2.00999 -0.564691 0)
(1.70836 -0.920203 4.0355e-18)
(1.35856 -1.30709 0)
(0.967299 -1.71563 4.10377e-20)
(0.569904 -2.18586 2.01076e-18)
(0.121203 -2.65881 6.89376e-19)
(-0.903946 -3.40514 4.48769e-18)
(0.180636 -2.38747 3.32938e-19)
(-0.427005 -2.08023 3.6753e-20)
(-1.64817 -2.25717 -1.82987e-20)
(-2.30059 -3.20871 -3.19868e-19)
(-2.5775 -3.73317 0)
(-2.9566 -4.22971 -6.83599e-20)
(-3.32199 -4.53391 0)
(-3.72212 -4.7269 -2.9147e-19)
(-4.1006 -4.78616 3.14042e-18)
(-4.45146 -4.74724 -2.16436e-18)
(-4.75674 -4.61315 -3.5118e-18)
(-5.00766 -4.40644 2.18746e-18)
(-0.779434 -3.20541 2.75588e-19)
(-1.69928 -3.51845 -4.42766e-19)
(-2.32585 -4.00781 3.42652e-19)
(-2.57916 -4.23453 1.89728e-19)
(-2.67893 -4.4895 -6.23594e-19)
(-2.84681 -4.71021 3.23302e-19)
(-3.0401 -4.87579 -4.2838e-19)
(-3.26482 -4.9848 -9.42826e-20)
(-3.49498 -5.02345 1.13092e-18)
(-3.72683 -4.99285 1.8e-22)
(-3.94757 -4.89528 8.64298e-19)
(-4.148 -4.7349 7.06348e-19)
(-1.52397 -3.15342 -1.95652e-19)
(-2.42429 -3.61172 0)
(-2.86223 -3.95203 0)
(-3.01381 -4.15071 -4.71381e-19)
(-3.16026 -4.33111 0)
(-3.31833 -4.47491 -4.95382e-19)
(-3.4736 -4.58112 3.97843e-19)
(-3.63088 -4.64512 7.33149e-19)
(-3.78403 -4.66206 -5.45726e-19)
(-3.92949 -4.6286 -2.93364e-19)
(-4.05998 -4.54516 -8.62327e-19)
(-4.1681 -4.41402 8.90354e-19)
(-2.49732 -3.20018 -3.06491e-19)
(-3.00356 -3.70497 -3.21196e-19)
(-3.22843 -3.90309 6.34896e-19)
(-3.30897 -4.09251 4.96141e-19)
(-3.39392 -4.24929 0)
(-3.47793 -4.37589 -2.01146e-18)
(-3.56376 -4.47068 1.5013e-18)
(-3.65251 -4.5316 0)
(-3.73971 -4.55532 9.39236e-19)
(-3.82128 -4.53928 -1.54156e-18)
(-3.89074 -4.48019 1.20267e-18)
(-3.94061 -4.37781 2.47599e-19)
(-3.02336 -3.34174 2.39087e-19)
(-3.34047 -3.81146 5.88556e-19)
(-3.46359 -3.90186 1.08239e-19)
(-3.49196 -4.04105 0)
(-3.53226 -4.14907 -1.174e-18)
(-3.57574 -4.2419 1.88993e-18)
(-3.6214 -4.31616 0)
(-3.66728 -4.37149 -8.60449e-19)
(-3.70725 -4.39932 -8.03408e-19)
(-3.74155 -4.39933 1.39982e-18)
(-3.76092 -4.36469 0)
(-3.75799 -4.29442 -1.34762e-18)
(-3.40146 -3.4203 1.60991e-19)
(-3.56552 -3.8751 1.33597e-19)
(-3.59497 -3.86967 -5.58151e-19)
(-3.58778 -3.95517 -2.86705e-18)
(-3.59516 -4.01276 -3.22099e-20)
(-3.60656 -4.07063 2.40197e-18)
(-3.6173 -4.12469 0)
(-3.6249 -4.17485 2.78156e-18)
(-3.62724 -4.21002 -1.72904e-18)
(-3.61818 -4.23052 1.75797e-18)
(-3.5877 -4.22746 7.46642e-20)
(-3.53588 -4.19375 -1.2731e-19)
(-3.48933 -3.54756 -3.5447e-19)
(-3.6164 -3.91083 -3.53046e-19)
(-3.61883 -3.81165 0)
(-3.59692 -3.83448 3.0048e-18)
(-3.58116 -3.83903 -4.59701e-18)
(-3.56899 -3.85847 -1.15336e-19)
(-3.55245 -3.88711 -5.02328e-18)
(-3.52851 -3.92435 1.66031e-19)
(-3.49365 -3.96403 -2.1579e-18)
(-3.44148 -4.00145 -2.2223e-18)
(-3.36646 -4.0291 2.38961e-18)
(-3.2686 -4.03564 -2.08357e-18)
(-3.45525 -3.64279 2.09054e-20)
(-3.55108 -3.97419 -4.26821e-19)
(-3.56047 -3.7351 0)
(-3.52634 -3.683 2.00349e-18)
(-3.49719 -3.62843 1.46812e-18)
(-3.46802 -3.6037 1.31402e-18)
(-3.42834 -3.60162 -1.60861e-19)
(-3.37463 -3.62052 3.68066e-20)
(-3.30352 -3.65619 -2.58595e-18)
(-3.20961 -3.70514 -2.6283e-19)
(-3.08991 -3.76063 9.90348e-20)
(-2.94423 -3.80834 0)
(-3.24441 -3.74546 3.91966e-19)
(-3.41549 -4.01589 0)
(-3.40845 -3.61419 0)
(-3.38288 -3.48875 -2.03641e-18)
(-3.35046 -3.37983 1.88564e-18)
(-3.3098 -3.3124 -3.73939e-18)
(-3.24949 -3.27834 0)
(-3.16663 -3.27499 2.91967e-18)
(-3.05936 -3.2999 -1.70026e-19)
(-2.92317 -3.35242 2.60684e-18)
(-2.75661 -3.42824 -2.82787e-18)
(-2.55816 -3.51236 5.78705e-18)
(-2.91554 -3.8284 1.31167e-18)
(-3.09544 -4.0555 -6.61161e-19)
(-3.14785 -3.49357 -2.89332e-18)
(-3.17528 -3.26863 -5.66001e-18)
(-3.15516 -3.1076 0)
(-3.10821 -3.00066 3.86316e-18)
(-3.02884 -2.93737 -7.42285e-18)
(-2.91652 -2.91167 3.20918e-18)
(-2.77262 -2.92199 3.42652e-18)
(-2.59175 -2.97084 0)
(-2.37329 -3.0564 -3.45557e-18)
(-2.11241 -3.16487 -6.22793e-18)
(-2.4413 -3.89416 -2.13854e-18)
(-2.79545 -3.83993 9.09027e-19)
(-2.84786 -3.28682 3.02093e-18)
(-2.91851 -3.00429 2.87107e-18)
(-2.92528 -2.8182 9.50356e-20)
(-2.87968 -2.68538 -7.32681e-18)
(-2.78404 -2.60132 8.38722e-18)
(-2.6425 -2.55779 1.56858e-17)
(-2.46198 -2.55356 -1.07732e-17)
(-2.23271 -2.5934 -7.44192e-18)
(-1.9538 -2.67538 6.92053e-18)
(-1.61345 -2.78886 0)
(-1.30532 -3.89642 5.10936e-18)
(-2.17349 -3.83158 1.77762e-18)
(-2.52863 -3.07199 1.92631e-18)
(-2.66627 -2.73974 6.98969e-18)
(-2.69321 -2.53274 0)
(-2.64717 -2.38496 5.48203e-18)
(-2.53656 -2.28911 -1.06108e-17)
(-2.36455 -2.23331 -4.33293e-18)
(-2.14504 -2.21546 -4.40993e-18)
(-1.85495 -2.24161 7.80097e-18)
(-1.4921 -2.30829 4.17659e-18)
(-1.03937 -2.41189 1.17053e-17)
(-5.19459 -4.14009 5.7423e-19)
(-5.32323 -3.82248 2.24368e-19)
(-5.38285 -3.47101 5.14837e-19)
(-5.36857 -3.10021 -1.00422e-18)
(-5.27656 -2.72346 5.3505e-20)
(-5.10384 -2.3525 0)
(-4.84708 -1.99686 -1.44739e-18)
(-4.50717 -1.67041 1.17691e-18)
(-4.07991 -1.37707 0)
(-3.53013 -1.08989 6.96188e-20)
(-2.96915 -0.750724 0)
(-2.67467 -0.0433554 -6.36817e-19)
(-4.32179 -4.51764 -1.18571e-18)
(-4.45562 -4.26016 1.54292e-18)
(-4.54337 -3.97288 1.53522e-18)
(-4.58468 -3.6687 -5.52786e-19)
(-4.57718 -3.35888 0)
(-4.52053 -3.05653 0)
(-4.41377 -2.77269 2.11755e-18)
(-4.25587 -2.51978 -2.52251e-18)
(-4.0416 -2.31001 0)
(-3.68637 -2.14078 1.04834e-18)
(-3.32246 -2.02803 -6.70265e-20)
(-3.27973 -1.73641 -2.06383e-18)
(-4.24832 -4.23861 5.94343e-19)
(-4.29834 -4.02393 -1.13403e-18)
(-4.3181 -3.78327 0)
(-4.30837 -3.52826 -1.68393e-18)
(-4.27041 -3.27244 -2.13757e-18)
(-4.2041 -3.03192 4.84001e-18)
(-4.10778 -2.82094 -4.50367e-18)
(-3.98022 -2.65479 0)
(-3.82271 -2.54683 0)
(-3.58911 -2.49572 0)
(-3.32516 -2.50127 -8.05019e-19)
(-3.36155 -2.44941 3.1332e-19)
(-3.96924 -4.23246 -5.18973e-19)
(-3.97585 -4.04799 -2.27351e-19)
(-3.96218 -3.83238 0)
(-3.93048 -3.59738 -2.0673e-19)
(-3.88383 -3.35807 0)
(-3.82531 -3.13182 0)
(-3.75693 -2.93715 1.31093e-18)
(-3.68125 -2.79208 -1.69326e-18)
(-3.59997 -2.71378 2.10235e-18)
(-3.4966 -2.69901 0)
(-3.31921 -2.782 -6.23046e-19)
(-3.51071 -2.96649 -1.12015e-18)
(-3.73624 -4.18267 3.50521e-18)
(-3.69899 -4.02908 -8.86291e-19)
(-3.65083 -3.83844 2.02669e-18)
(-3.59745 -3.62011 1.15942e-18)
(-3.54423 -3.38845 -3.44652e-18)
(-3.49666 -3.16225 0)
(-3.45924 -2.96256 -1.47462e-18)
(-3.43416 -2.80992 0)
(-3.42438 -2.73804 0)
(-3.42222 -2.7482 1.21623e-18)
(-3.33389 -2.8769 2.27103e-20)
(-3.65135 -3.16365 1.19034e-18)
(-3.4676 -4.12006 -1.94251e-18)
(-3.39076 -4.00026 -2.09054e-19)
(-3.31416 -3.83517 0)
(-3.2459 -3.63151 0)
(-3.19412 -3.40184 -4.07163e-18)
(-3.16531 -3.1655 2.61467e-18)
(-3.16432 -2.94606 2.88122e-18)
(-3.19363 -2.76952 1.58364e-18)
(-3.25399 -2.66842 -3.7035e-18)
(-3.34141 -2.67292 -1.11188e-18)
(-3.38303 -2.82244 0)
(-3.78301 -3.19656 1.34609e-18)
(-3.15475 -4.0049 -4.64783e-18)
(-3.03947 -3.92333 2.02091e-18)
(-2.93759 -3.78705 2.59224e-18)
(-2.85955 -3.60001 2.194e-19)
(-2.81549 -3.3716 -2.58066e-19)
(-2.81228 -3.12082 -3.02009e-18)
(-2.85344 -2.87341 -4.60504e-18)
(-2.94081 -2.65933 -1.68713e-18)
(-3.07498 -2.516 1.70271e-18)
(-3.25652 -2.48458 0)
(-3.41476 -2.62168 2.56509e-18)
(-3.88577 -3.03078 -8.34817e-19)
(-2.78148 -3.82362 5.09846e-18)
(-2.62602 -3.7832 -2.79034e-18)
(-2.50124 -3.67869 -2.92357e-18)
(-2.41887 -3.51182 -5.87707e-18)
(-2.38996 -3.28725 5.86143e-18)
(-2.421 -3.02334 -2.03868e-19)
(-2.51161 -2.74656 9.55128e-18)
(-2.66153 -2.48922 1.59355e-18)
(-2.87018 -2.29264 1.89011e-18)
(-3.14523 -2.20713 0)
(-3.42366 -2.31246 -1.73669e-18)
(-3.95495 -2.70961 -1.09668e-18)
(-2.33839 -3.57099 0)
(-2.13752 -3.5694 3.01494e-18)
(-1.99221 -3.49603 3.15914e-18)
(-1.91273 -3.3526 -3.49393e-18)
(-1.90884 -3.13648 -2.14881e-19)
(-1.98503 -2.86395 -3.51653e-18)
(-2.13322 -2.56245 -3.31184e-18)
(-2.34833 -2.26261 0)
(-2.62875 -2.00667 -1.76953e-18)
(-2.99309 -1.85057 -1.14483e-18)
(-3.38161 -1.8846 4.70762e-18)
(-3.96939 -2.19401 -1.50525e-18)
(-1.82154 -3.25458 0)
(-1.5666 -3.28133 0)
(-1.40433 -3.23151 0)
(-1.33908 -3.11216 -1.21181e-17)
(-1.37339 -2.91132 7.4769e-18)
(-1.5094 -2.63802 7.36389e-18)
(-1.72458 -2.32175 0)
(-2.00502 -1.98806 -3.69368e-18)
(-2.3474 -1.6736 0)
(-2.78632 -1.43335 -2.23802e-18)
(-3.26265 -1.35622 -7.9337e-19)
(-3.89526 -1.44328 -2.00089e-18)
(-1.2305 -2.89091 0)
(-0.914128 -2.93263 0)
(-0.747855 -2.89039 8.98996e-18)
(-0.713622 -2.79205 1.26916e-17)
(-0.80124 -2.61471 2.88781e-19)
(-1.0158 -2.34909 4.23402e-18)
(-1.30544 -2.03184 -2.01977e-18)
(-1.64747 -1.67957 5.57867e-18)
(-2.03505 -1.31621 3.76867e-18)
(-2.51543 -0.989732 2.08938e-18)
(-3.00115 -0.741799 -1.77125e-18)
(-3.6769 -0.574353 -3.27258e-18)
(-0.550338 -2.5138 0)
(-0.205462 -2.5551 0)
(-0.0800664 -2.50723 -8.34888e-18)
(-0.0896231 -2.42691 3.60654e-18)
(-0.254517 -2.26129 -3.96537e-18)
(-0.556106 -2.01107 -4.10087e-18)
(-0.914342 -1.70836 4.02882e-18)
(-1.30328 -1.35789 0)
(-1.71332 -0.966203 -3.7473e-18)
(-2.18453 -0.568573 -1.97231e-18)
(-2.65798 -0.11936 2.27969e-18)
(-3.40585 0.907667 -4.32128e-18)
(-2.38331 -0.18083 2.50521e-19)
(-2.0812 0.415238 0)
(-2.24042 1.63144 0)
(-3.19497 2.30088 4.53917e-19)
(-3.72022 2.5745 -2.21521e-19)
(-4.21816 2.95518 0)
(-4.52275 3.31929 0)
(-4.71805 3.71962 -2.88138e-19)
(-4.77786 4.09806 5.97799e-20)
(-4.74044 4.44972 -1.46754e-18)
(-4.60742 4.75526 -3.54228e-18)
(-4.40194 5.00686 1.51312e-18)
(-3.19817 0.770865 -4.12792e-19)
(-3.5156 1.69094 0)
(-4.004 2.32361 0)
(-4.23023 2.58051 -4.81511e-19)
(-4.48362 2.6784 9.29644e-19)
(-4.7036 2.84666 -1.45599e-18)
(-4.86858 3.03899 8.18502e-19)
(-4.97754 3.26391 5.46375e-19)
(-5.01651 3.49368 5.8869e-19)
(-4.98652 3.72551 8.53267e-19)
(-4.88968 3.94624 0)
(-4.73025 4.14684 2.39941e-19)
(-3.15048 1.51254 1.95389e-19)
(-3.61119 2.4155 0)
(-3.94988 2.85759 0)
(-4.14728 3.0117 -9.87671e-20)
(-4.32585 3.15785 9.92273e-20)
(-4.46862 3.31662 -7.69533e-19)
(-4.5739 3.47188 0)
(-4.63739 3.62955 -1.04271e-18)
(-4.65418 3.78288 1.19437e-18)
(-4.6209 3.92867 -1.86436e-19)
(-4.53789 4.05943 -6.7938e-19)
(-4.40744 4.16795 9.02931e-19)
(-3.19966 2.48386 -1.54688e-19)
(-3.70468 2.99361 3.23254e-19)
(-3.90054 3.22232 0)
(-4.08842 3.30439 4.99212e-19)
(-4.24358 3.38984 -4.51315e-19)
(-4.36893 3.47467 7.23197e-19)
(-4.46277 3.56101 0)
(-4.52311 3.65035 -7.78826e-19)
(-4.54655 3.73817 -1.66705e-18)
(-4.53058 3.82027 1.14445e-18)
(-4.47191 3.89036 1.21246e-18)
(-4.37024 3.94076 -2.58899e-18)
(-3.34041 3.00721 1.20666e-19)
(-3.81015 3.32923 -2.71775e-19)
(-3.89859 3.45564 6.67774e-19)
(-4.03629 3.48545 0)
(-4.14286 3.52658 -2.49166e-18)
(-4.23431 3.57113 2.14394e-18)
(-4.30743 3.61768 1.00712e-18)
(-4.36179 3.66465 6.78717e-19)
(-4.38932 3.7056 0)
(-4.3892 3.74073 0)
(-4.35503 3.76079 0)
(-4.28542 3.75877 -3.43617e-19)
(-3.42048 3.38374 2.78089e-19)
(-3.87265 3.55408 0)
(-3.86621 3.58563 -5.62931e-19)
(-3.95008 3.57981 1.50128e-18)
(-4.00628 3.58823 1.31241e-18)
(-4.06284 3.60085 -2.22899e-18)
(-4.11572 3.61272 1.1384e-18)
(-4.1649 3.6214 -3.77611e-18)
(-4.19953 3.62456 -1.5458e-20)
(-4.21931 3.6169 -1.50847e-19)
(-4.21624 3.58788 7.62541e-20)
(-4.18316 3.53727 5.47192e-18)
(-3.54825 3.47089 -9.51203e-19)
(-3.91464 3.58959 9.20852e-19)
(-3.80772 3.60597 -1.75058e-18)
(-3.82939 3.58775 -1.43724e-18)
(-3.83259 3.57333 -2.89901e-18)
(-3.85054 3.56242 -1.55528e-18)
(-3.87772 3.54728 -2.43029e-18)
(-3.9137 3.52458 4.38997e-18)
(-3.9523 3.49116 0)
(-3.98902 3.44043 4.20523e-18)
(-4.01635 3.36707 -6.34229e-18)
(-4.02341 3.27069 2.30122e-18)
(-3.64409 3.4373 -5.0084e-19)
(-3.96873 3.55368 -1.00727e-18)
(-3.73353 3.55021 2.35007e-18)
(-3.67891 3.51639 0)
(-3.62261 3.48855 -1.88131e-18)
(-3.59621 3.46081 2.8662e-18)
(-3.59255 3.42258 -2.00465e-19)
(-3.60994 3.37041 -3.69805e-20)
(-3.64426 3.30089 -2.50257e-18)
(-3.69206 3.2088 -4.82682e-18)
(-3.74685 3.09097 2.28946e-18)
(-3.79463 2.94724 -2.53719e-18)
(-3.74601 3.22698 3.95413e-19)
(-4.0172 3.38905 0)
(-3.61285 3.39444 0)
(-3.48524 3.37187 0)
(-3.37506 3.34118 1.89981e-18)
(-3.30598 3.30213 0)
(-3.27028 3.24348 -1.45833e-19)
(-3.26529 3.16238 5.94452e-18)
(-3.28861 3.05697 1.04208e-19)
(-3.33959 2.9229 2.62011e-18)
(-3.4142 2.75861 -2.77818e-18)
(-3.49793 2.5626 8.5673e-18)
(-3.82958 2.89988 1.74208e-20)
(-4.05622 3.08328 3.57008e-18)
(-3.4947 3.13418 -1.35837e-18)
(-3.26725 3.16374 0)
(-3.10466 3.14556 0)
(-2.99601 3.10041 0)
(-2.93099 3.02296 0)
(-2.9036 2.91267 3.33487e-18)
(-2.91217 2.77097 -1.30062e-17)
(-2.9592 2.59262 -6.48602e-18)
(-3.04318 2.37697 6.46649e-18)
(-3.15088 2.11922 3.76496e-18)
(-3.89827 2.42675 -2.16498e-18)
(-3.84494 2.78155 -2.78224e-18)
(-3.29134 2.83402 -1.78601e-18)
(-3.00557 2.90664 0)
(-2.81782 2.91556 0)
(-2.68314 2.87203 5.07764e-18)
(-2.59719 2.77867 -8.67521e-18)
(-2.55187 2.6395 1.60197e-17)
(-2.54579 2.46157 1.1024e-17)
(-2.5837 2.2354 6.88014e-18)
(-2.66398 1.96009 -6.94027e-18)
(-2.77658 1.62389 5.27264e-19)
(-3.89935 1.29667 -1.73436e-18)
(-3.83802 2.15929 0)
(-3.08232 2.51308 3.54292e-18)
(-2.74503 2.65376 -1.03577e-17)
(-2.53573 2.68348 1.02298e-17)
(-2.3857 2.63976 4.65748e-19)
(-2.28766 2.53182 4.91157e-18)
(-2.22991 2.36268 -4.35794e-18)
(-2.21016 2.14625 -2.18268e-17)
(-2.23438 1.86025 0)
(-2.29946 1.50216 0)
(-2.40216 1.05469 5.33644e-19)
(-4.13689 5.19411 -1.4078e-19)
(-3.8203 5.32314 2.20928e-19)
(-3.4696 5.38334 4.7382e-19)
(-3.09949 5.36937 -8.87941e-19)
(-2.72329 5.27763 1.46943e-19)
(-2.35263 5.10509 3.33432e-19)
(-1.99741 4.84829 -1.44618e-18)
(-1.67117 4.50831 3.75877e-18)
(-1.37802 4.0808 -1.83837e-18)
(-1.09097 3.53061 -6.94647e-20)
(-0.751848 2.96942 0)
(-0.0435484 2.67456 0)
(-4.51387 4.32086 7.57927e-19)
(-4.25729 4.45511 -9.57599e-19)
(-3.97083 4.54327 -7.59845e-19)
(-3.66743 4.58492 0)
(-3.35831 4.57771 -1.32318e-18)
(-3.0565 4.52121 0)
(-2.77307 4.41448 -1.05978e-18)
(-2.52045 4.25652 2.5207e-18)
(-2.31091 4.04217 0)
(-2.14179 3.68679 2.89279e-18)
(-2.02903 3.32283 -3.27084e-18)
(-1.73731 3.28005 4.79344e-19)
(-4.23305 4.24849 6.64846e-19)
(-4.01942 4.29883 -1.67763e-18)
(-3.77985 4.31881 5.73267e-19)
(-3.5259 4.30917 0)
(-3.27107 4.2712 9.11384e-19)
(-3.03138 4.20481 2.56605e-18)
(-2.8211 4.10836 -3.60216e-18)
(-2.6555 3.98067 1.99155e-18)
(-2.54793 3.823 -1.18646e-18)
(-2.49706 3.58917 0)
(-2.50263 3.32512 0)
(-2.45052 3.3616 -3.19896e-19)
(-4.22586 3.9699 -1.42825e-18)
(-4.04259 3.97686 1.16988e-18)
(-3.82824 3.96342 1.78622e-18)
(-3.59451 3.93176 -8.25439e-19)
(-3.35636 3.88504 -2.03842e-18)
(-3.13114 3.82636 0)
(-2.9373 3.75779 5.53815e-20)
(-2.79289 3.6819 3.34001e-18)
(-2.71505 3.60041 -3.12182e-18)
(-2.70044 3.49678 1.11463e-18)
(-2.7833 3.31932 -3.41533e-20)
(-2.96758 3.51087 -9.40068e-19)
(-4.17479 3.7377 1.73073e-18)
(-4.02257 3.70096 -8.90788e-19)
(-3.83349 3.65301 2.03326e-18)
(-3.61674 3.59963 -1.04664e-18)
(-3.38651 3.5462 0)
(-3.16152 3.49832 0)
(-2.96275 3.46054 -1.31744e-18)
(-2.81085 3.43513 -3.10579e-18)
(-2.73943 3.4251 1.77685e-18)
(-2.7498 3.4228 1.21423e-18)
(-2.87825 3.33418 -1.5643e-18)
(-3.16494 3.65154 0)
(-4.11072 3.46998 -3.01613e-20)
(-3.99255 3.39375 -4.16232e-18)
(-3.82939 3.31743 0)
(-3.62766 3.24905 2.45936e-18)
(-3.39978 3.1969 -2.44163e-18)
(-3.16486 3.16755 0)
(-2.94646 3.166 -5.40782e-20)
(-2.77062 3.19482 -5.99756e-20)
(-2.67 3.25484 0)
(-2.67469 3.34204 -2.36765e-18)
(-2.82421 3.3833 1.41212e-18)
(-3.19792 3.7833 -9.13294e-19)
(-3.99386 3.15811 -2.38142e-18)
(-3.91423 3.04356 6.95215e-18)
(-3.78021 2.94192 0)
(-3.59559 2.86367 -2.73246e-18)
(-3.36942 2.81898 2.67684e-18)
(-3.12036 2.81497 2.96361e-18)
(-2.87414 2.85535 -3.15794e-18)
(-2.66078 2.94212 -1.58835e-18)
(-2.51783 3.07579 0)
(-2.48658 3.25708 -1.33344e-18)
(-2.6235 3.41512 1.76907e-18)
(-3.03223 3.88587 0)
(-3.81106 2.78602 5.14513e-18)
(-3.77269 2.63134 -5.17003e-18)
(-3.67076 2.50664 5.88382e-18)
(-3.50674 2.42383 -5.90157e-18)
(-3.28491 2.39394 -1.96916e-19)
(-3.02309 2.42384 3.05162e-18)
(-2.74763 2.51345 3.08446e-18)
(-2.491 2.66258 0)
(-2.29471 2.87077 -1.89375e-18)
(-2.20921 3.14557 4.45591e-18)
(-2.3143 3.42381 -1.73655e-18)
(-2.71096 3.95516 0)
(-3.55751 2.34468 3.07408e-18)
(-3.55799 2.14439 2.17355e-19)
(-3.48725 1.99877 -3.16667e-18)
(-3.34691 1.91842 0)
(-3.13404 1.91298 0)
(-2.86389 1.98759 0)
(-2.56383 2.13456 0)
(-2.2647 2.34884 -3.59293e-18)
(-2.00891 2.62873 1.77336e-18)
(-1.85262 2.99288 1.82141e-19)
(-1.88645 3.38148 0)
(-2.19531 3.96921 0)
(-3.24139 1.83053 -3.35323e-18)
(-3.27012 1.57567 -1.12208e-17)
(-3.22276 1.41225 0)
(-3.1061 1.3454 3.96508e-18)
(-2.90902 1.37723 7.71535e-18)
(-2.63815 1.51114 0)
(-2.32334 1.72494 0)
(-1.99031 2.00457 1.70372e-18)
(-1.67589 2.34657 -5.65777e-18)
(-1.4354 2.7854 1.15031e-19)
(-1.35789 3.26179 0)
(-1.44455 3.89473 0)
(-2.87928 1.24331 -4.19531e-18)
(-2.92301 0.925955 -4.5782e-18)
(-2.88311 0.757256 9.05269e-18)
(-2.78637 0.720402 -1.27674e-17)
(-2.61274 0.804104 4.18415e-18)
(-2.34945 1.01607 8.37399e-18)
(-2.03351 1.30433 -1.96302e-18)
(-1.6818 1.64575 1.87687e-18)
(-1.31844 2.03318 3.71375e-18)
(-0.991614 2.51369 -4.22139e-18)
(-0.743276 2.99962 -1.77288e-18)
(-0.574992 3.67624 0)
(-2.50442 0.567231 -4.39806e-19)
(-2.54815 0.21939 7.75929e-18)
(-2.50153 0.0896057 -8.35871e-18)
(-2.42271 0.0961775 0)
(-2.26025 0.255503 -7.76821e-18)
(-2.01165 0.554493 -1.23488e-17)
(-1.70984 0.911546 1.23766e-20)
(-1.35989 1.30006 0)
(-0.96817 1.71025 0)
(-0.570202 2.18184 1.10985e-18)
(-0.120588 2.65559 8.32996e-20)
(0.90759 3.40452 2.22214e-18)
(1.28557 2.46125 7.54991e-19)
(1.71702 2.86269 2.98423e-18)
(2.12171 2.65268 1.53344e-19)
(2.37996 2.43307 0)
(2.45847 2.24844 6.34852e-18)
(2.42097 2.10494 -5.61067e-18)
(2.2963 2.00915 -1.56284e-17)
(2.09126 1.94686 -9.96428e-18)
(1.82409 1.91826 -1.39812e-19)
(1.44781 1.92558 -4.05956e-18)
(0.972464 1.96543 7.83358e-18)
(0.397679 2.04838 -7.01429e-18)
(1.57652 1.79289 0)
(1.86757 1.94496 0)
(2.07127 2.01426 -2.97485e-18)
(2.23444 1.98868 6.29438e-18)
(2.26629 1.90742 -1.66797e-17)
(2.21464 1.82529 -8.16546e-18)
(2.07352 1.74743 9.56798e-18)
(1.81602 1.68401 2.42897e-17)
(1.48064 1.64767 -4.48544e-18)
(0.980556 1.62233 0)
(0.384401 1.63164 5.81976e-19)
(-0.271229 1.69882 0)
(1.59885 1.59557 -5.06457e-19)
(1.87087 1.59546 5.82908e-19)
(2.04678 1.58943 5.32474e-18)
(2.12474 1.57357 1.5668e-19)
(2.09975 1.5522 4.71992e-18)
(2.00466 1.52947 -5.88476e-19)
(1.80524 1.50426 0)
(1.49377 1.46331 -4.66247e-18)
(1.06142 1.39681 -4.47997e-18)
(0.40208 1.30785 1.22409e-17)
(-0.265741 1.29708 -1.06703e-17)
(-0.911665 1.37068 7.14361e-18)
(1.54372 1.57732 -7.62422e-19)
(1.8176 1.52089 1.70435e-18)
(2.00376 1.45342 1.77815e-20)
(2.10018 1.37975 -5.52148e-18)
(2.08641 1.33872 -1.17526e-17)
(1.97954 1.28711 -3.23714e-19)
(1.72736 1.20632 -9.45921e-18)
(1.26934 1.09794 4.59881e-18)
(0.567149 0.94544 -4.19616e-18)
(-0.247614 0.827532 -6.91598e-18)
(-0.847436 0.873594 0)
(-1.34226 1.01961 6.63748e-18)
(-0.152158 2.14771 7.02205e-18)
(-0.45491 2.17674 7.55694e-18)
(-0.510307 2.1381 0)
(-0.437756 2.06236 0)
(-0.163974 1.90192 3.7122e-18)
(0.211116 1.66854 -3.72071e-18)
(0.614036 1.38267 1.86038e-18)
(1.02019 1.04574 5.53575e-18)
(1.42204 0.652701 0)
(1.81299 0.222428 0)
(2.20694 -0.30553 5.52141e-19)
(2.294 -1.46544 -2.07535e-18)
(-0.795919 1.80274 -7.16261e-18)
(-0.990306 1.82631 2.79901e-19)
(-0.961169 1.80109 0)
(-0.747835 1.74279 -3.01935e-18)
(-0.370683 1.59177 -1.08323e-19)
(0.0378253 1.37367 3.30477e-18)
(0.448402 1.1018 0)
(0.840354 0.778484 -3.20285e-18)
(1.21471 0.400057 0)
(1.53617 -0.0231611 -3.18298e-18)
(1.86619 -0.490453 -1.60877e-18)
(1.89106 -1.36583 -1.71262e-26)
(-1.30201 1.48334 -3.60246e-19)
(-1.30183 1.54476 -6.22851e-18)
(-1.1363 1.57089 0)
(-0.783156 1.51641 5.91386e-18)
(-0.365593 1.3766 3.03984e-18)
(0.0451266 1.16865 6.09733e-20)
(0.43478 0.902856 -7.07623e-18)
(0.792209 0.583321 8.66301e-18)
(1.12474 0.214049 -1.44342e-18)
(1.38998 -0.195643 6.55263e-18)
(1.66033 -0.609609 2.1411e-18)
(1.70487 -1.26234 -4.32132e-19)
(-1.50196 1.25346 2.02951e-17)
(-1.37093 1.39308 0)
(-1.05187 1.43432 0)
(-0.619202 1.40326 -5.49331e-18)
(-0.200169 1.27951 -5.25626e-18)
(0.187389 1.0794 5.16299e-18)
(0.542603 0.815881 1.04235e-17)
(0.86142 0.496912 -5.33115e-18)
(1.15265 0.132226 2.54893e-18)
(1.37291 -0.27126 -2.63589e-18)
(1.58454 -0.664357 -1.27541e-18)
(1.64976 -1.19662 -3.25286e-19)
(2.47033 -1.28891 -1.51543e-18)
(2.86401 -1.72033 0)
(2.65404 -2.1197 1.53477e-19)
(2.43559 -2.36954 0)
(2.25108 -2.44355 0)
(2.10712 -2.40362 5.63704e-18)
(2.01107 -2.2778 0)
(1.94831 -2.07292 9.10386e-18)
(1.91849 -1.80884 8.3802e-18)
(1.9239 -1.43971 8.41113e-18)
(1.96156 -0.97489 -3.8061e-18)
(2.04236 -0.413624 -3.93154e-18)
(1.80208 -1.57785 -6.76705e-19)
(1.9496 -1.87072 -7.53053e-19)
(2.01499 -2.06809 -1.45368e-18)
(1.98738 -2.22249 0)
(1.90964 -2.24904 -3.16452e-18)
(1.82688 -2.19636 1.35181e-17)
(1.74877 -2.05424 0)
(1.68538 -1.79796 4.82839e-18)
(1.64829 -1.46789 -4.52413e-18)
(1.62208 -0.978242 -7.77366e-18)
(1.62981 -0.394632 -7.77945e-18)
(1.69457 0.248684 6.87301e-18)
(1.60361 -1.59981 -1.00679e-18)
(1.60002 -1.87054 1.7491e-18)
(1.59123 -2.04065 -3.98034e-18)
(1.57364 -2.11113 3.30538e-18)
(1.55226 -2.0834 0)
(1.52971 -1.98642 -2.0142e-17)
(1.50459 -1.78622 0)
(1.46397 -1.47745 1.04028e-17)
(1.39822 -1.05293 -4.94063e-18)
(1.3095 -0.407157 8.27272e-18)
(1.29705 0.248584 3.33473e-18)
(1.36833 0.885631 -7.18799e-18)
(1.58305 -1.54382 1.15402e-18)
(1.52425 -1.81455 1.96973e-18)
(1.45486 -1.99659 0)
(1.38062 -2.08662 0)
(1.33945 -2.06976 0)
(1.28651 -1.9604 1.8389e-17)
(1.20559 -1.70799 9.48545e-18)
(1.09784 -1.25358 -1.37672e-17)
(0.947578 -0.564447 1.22078e-17)
(0.830438 0.235396 -6.95362e-18)
(0.874096 0.827365 0)
(1.01614 1.31953 5.90062e-18)
(2.13995 0.130054 -7.4595e-18)
(2.17129 0.430953 -7.5863e-18)
(2.13243 0.490198 8.67786e-18)
(2.05842 0.42212 -6.3494e-18)
(1.90136 0.155095 0)
(1.67051 -0.215886 -7.47163e-18)
(1.38629 -0.615809 9.20117e-18)
(1.05005 -1.01992 -1.80449e-18)
(0.657035 -1.42031 3.6914e-18)
(0.226153 -1.8103 -9.45984e-19)
(-0.302901 -2.20378 1.03588e-18)
(-1.46435 -2.29028 -1.09994e-18)
(1.79692 0.771153 6.80041e-18)
(1.82139 0.969515 7.5833e-18)
(1.79632 0.944505 0)
(1.73921 0.738131 2.89679e-18)
(1.59067 0.366537 6.74066e-18)
(1.3751 -0.0383943 3.47245e-18)
(1.10522 -0.446857 -1.31137e-17)
(0.782918 -0.837746 -3.19146e-18)
(0.404669 -1.21147 -3.1855e-18)
(-0.019048 -1.53259 -8.20335e-19)
(-0.48756 -1.86236 8.20345e-19)
(-1.36429 -1.887 5.7177e-19)
(1.47906 1.28033 0)
(1.54062 1.28461 -9.88691e-18)
(1.56585 1.1244 2.58887e-18)
(1.51344 0.778522 2.87972e-18)
(1.37583 0.365709 6.00691e-18)
(1.16991 -0.0421699 -2.92317e-18)
(0.90584 -0.430485 7.43798e-18)
(0.587394 -0.787592 7.17077e-18)
(0.218499 -1.12016 1.65042e-18)
(-0.191485 -1.3857 -1.43498e-18)
(-0.606635 -1.65619 -3.62282e-19)
(-1.26068 -1.70081 -2.47553e-20)
(1.24784 1.48402 0)
(1.38792 1.35756 -1.59156e-19)
(1.42918 1.04647 0)
(1.39962 0.619546 -1.09746e-17)
(1.27789 0.203825 2.63274e-18)
(1.07974 -0.182019 -7.73742e-18)
(0.817938 -0.536587 0)
(0.500155 -0.855552 -5.32265e-18)
(0.136058 -1.14722 2.65221e-18)
(-0.267495 -1.3682 -2.52316e-18)
(-0.661493 -1.5804 -9.10851e-19)
(-1.19498 -1.64604 -3.37342e-19)
(-1.28889 -2.46627 -1.51523e-18)
(-1.72224 -2.86069 8.11182e-20)
(-2.12493 -2.6486 0)
(-2.37796 -2.42996 -2.74349e-18)
(-2.45287 -2.24568 6.17734e-18)
(-2.41287 -2.10251 -9.30491e-18)
(-2.28632 -2.0072 -4.01815e-19)
(-2.07989 -1.94517 9.45238e-18)
(-1.81332 -1.91626 -4.43177e-18)
(-1.4395 -1.92286 0)
(-0.968385 -1.96185 -1.51646e-17)
(-0.399405 -2.04431 5.12984e-19)
(-1.57779 -1.79759 1.34712e-18)
(-1.8724 -1.94619 -8.51147e-19)
(-2.0733 -2.01131 6.03403e-18)
(-2.23137 -1.98332 -1.27844e-17)
(-2.25905 -1.90427 6.63744e-18)
(-2.20597 -1.82219 -6.28769e-19)
(-2.06304 -1.7449 0)
(-1.80452 -1.68219 1.49736e-17)
(-1.47104 -1.64597 -4.51501e-18)
(-0.974946 -1.62058 0)
(-0.384179 -1.62937 7.17205e-18)
(0.266416 -1.69591 -6.84598e-18)
(-1.59987 -1.59954 -5.15496e-19)
(-1.87249 -1.59663 -3.33058e-20)
(-2.04628 -1.58797 -5.29455e-18)
(-2.12011 -1.56986 6.47725e-18)
(-2.09318 -1.54814 -4.69499e-18)
(-1.9962 -1.52555 1.50847e-17)
(-1.79472 -1.50109 1.60708e-17)
(-1.48308 -1.46136 -4.67816e-18)
(-1.05399 -1.39618 4.81927e-18)
(-0.400154 -1.30767 0)
(0.262152 -1.29625 -7.65802e-18)
(0.905177 -1.36927 0)
(-1.54404 -1.57965 -1.52609e-18)
(-1.81664 -1.52125 -3.95005e-18)
(-2.0019 -1.45227 4.51115e-18)
(-2.09519 -1.37743 -2.84853e-18)
(-2.07953 -1.33583 5.74374e-18)
(-1.97073 -1.28347 -1.60096e-17)
(-1.71754 -1.203 -9.02988e-18)
(-1.26004 -1.09584 9.30996e-18)
(-0.563374 -0.945285 -1.21458e-17)
(0.245539 -0.82827 0)
(0.842648 -0.873424 6.20855e-18)
(1.339 -1.01755 -1.25167e-17)
(0.148173 -2.14346 1.11226e-17)
(0.451424 -2.17381 -3.64541e-18)
(0.507884 -2.13586 0)
(0.43685 -2.0611 -6.334e-18)
(0.165188 -1.90245 0)
(-0.208966 -1.67039 0)
(-0.611384 -1.38528 -3.7419e-18)
(-1.01727 -1.04852 0)
(-1.4189 -0.655279 0)
(-1.8095 -0.224424 8.16906e-20)
(-2.20316 0.304834 2.03925e-18)
(-2.28789 1.46683 2.19969e-18)
(0.790972 -1.79942 -6.77532e-18)
(0.987199 -1.82406 0)
(0.959717 -1.79904 0)
(0.749194 -1.74138 -3.0063e-18)
(0.37383 -1.59156 3.31977e-18)
(-0.0339869 -1.3747 0)
(-0.444515 -1.10384 -4.76841e-18)
(-0.836714 -0.781005 -1.61354e-18)
(-1.21127 -0.402646 0)
(-1.53259 0.0208573 -6.81632e-19)
(-1.86238 0.488952 -2.12492e-18)
(-1.88552 1.36559 -5.77887e-19)
(1.29883 -1.48091 6.10154e-18)
(1.30065 -1.54287 -3.2515e-18)
(1.13702 -1.56854 -5.17452e-18)
(0.786365 -1.51501 2.96868e-18)
(0.370041 -1.37617 -5.88285e-18)
(-0.0403179 -1.16916 0)
(-0.430212 -0.904274 1.16208e-17)
(-0.788179 -0.585391 0)
(-1.12121 -0.216459 1.47568e-18)
(-1.38664 0.1932 8.24354e-19)
(-1.65698 0.607524 1.07055e-18)
(-1.7006 1.26085 -6.09171e-21)
(1.50143 -1.25007 -6.56759e-18)
(1.37191 -1.39019 0)
(1.05509 -1.43174 5.57579e-18)
(0.623677 -1.40158 -8.17224e-18)
(0.205059 -1.27877 1.32215e-17)
(-0.182596 -1.07947 -5.15996e-18)
(-0.53818 -0.816736 -1.04131e-17)
(-0.857545 -0.498398 0)
(-1.14925 -0.134198 0)
(-1.36985 0.269013 0)
(-1.58169 0.66216 -1.22505e-18)
(-1.64644 1.19472 -1.03649e-18)
(-2.4639 1.28553 -6.50573e-20)
(-2.86371 1.71241 7.86604e-19)
(-2.65872 2.11069 0)
(-2.43869 2.36455 6.15765e-18)
(-2.25258 2.44269 -2.93913e-18)
(-2.10662 2.40565 -8.63148e-18)
(-2.00859 2.28239 -5.13647e-18)
(-1.94444 2.0795 4.82513e-18)
(-1.91362 1.81686 8.39483e-18)
(-1.91849 1.44861 8.42096e-18)
(-1.95611 0.983308 -7.90339e-18)
(-2.03748 0.4194 -7.06759e-18)
(-1.79624 1.575 -2.115e-26)
(-1.94548 1.86298 3.0809e-18)
(-2.0158 2.06053 6.06418e-18)
(-1.99148 2.21805 0)
(-1.91197 2.24898 6.7378e-18)
(-1.82855 2.1985 0)
(-1.74916 2.05959 4.93301e-18)
(-1.68431 1.80584 -1.47835e-19)
(-1.64631 1.47766 -1.38036e-17)
(-1.61952 0.988884 -7.78196e-18)
(-1.62679 0.403689 7.20011e-18)
(-1.69157 -0.243745 7.38227e-18)
(-1.59862 1.59641 4.98453e-19)
(-1.59618 1.86543 -5.83454e-18)
(-1.5901 2.03576 -9.28798e-18)
(-1.57583 2.10885 -3.27717e-18)
(-1.55528 2.08309 -1.45746e-17)
(-1.53277 1.98907 7.89305e-18)
(-1.50699 1.79311 9.60797e-20)
(-1.46561 1.48678 5.02556e-18)
(-1.39949 1.06451 -7.66201e-19)
(-1.30966 0.418725 0)
(-1.29593 -0.240721 0)
(-1.36658 -0.883482 5.78038e-19)
(-1.57927 1.54072 3.74458e-19)
(-1.52097 1.81046 1.98347e-18)
(-1.45303 1.99283 4.49142e-18)
(-1.38082 2.08463 -5.82015e-18)
(-1.34098 2.06968 2.25899e-17)
(-1.2895 1.96352 -9.0133e-18)
(-1.20916 1.71511 0)
(-1.10143 1.2653 9.43459e-18)
(-0.950812 0.577759 7.96703e-18)
(-0.831264 -0.226003 0)
(-0.872868 -0.823924 0)
(-1.01366 -1.32203 -1.84761e-17)
(-2.13635 -0.129119 7.0537e-18)
(-2.17062 -0.438111 -7.57331e-18)
(-2.13212 -0.499335 -1.34873e-17)
(-2.05825 -0.432487 -1.55871e-19)
(-1.90218 -0.166724 7.01743e-18)
(-1.67118 0.205559 1.88173e-17)
(-1.3866 0.607112 3.75033e-18)
(-1.05011 1.01286 -3.61691e-18)
(-0.656822 1.41479 0)
(-0.225696 1.8058 8.19748e-20)
(0.303913 2.19986 0)
(1.46723 2.28465 -1.09958e-18)
(-1.79487 -0.773037 0)
(-1.82112 -0.976402 -2.84123e-19)
(-1.79647 -0.952881 5.38423e-18)
(-1.74027 -0.748292 -8.84067e-18)
(-1.59193 -0.376492 -1.01448e-17)
(-1.37575 0.0296761 -6.782e-18)
(-1.10512 0.439557 8.11956e-18)
(-0.78233 0.831706 4.91998e-18)
(-0.403852 1.20654 -3.19236e-18)
(0.019959 1.52828 1.67306e-18)
(0.488308 1.85851 0)
(1.3658 1.8816 0)
(-1.47785 -1.28523 -6.12939e-18)
(-1.54097 -1.29208 3.14942e-18)
(-1.56686 -1.13308 -2.57047e-18)
(-1.51494 -0.788069 2.9825e-18)
(-1.37718 -0.373847 9.07485e-18)
(-1.17061 0.0356248 0)
(-0.905774 0.425264 -3.12026e-19)
(-0.58673 0.78333 -2.98611e-18)
(-0.217535 1.11658 1.76534e-19)
(0.192466 1.38232 -2.81764e-18)
(0.607107 1.65296 3.62345e-19)
(1.26111 1.69668 -4.373e-19)
(-1.24598 -1.49072 -7.19768e-18)
(-1.3882 -1.36537 0)
(-1.43039 -1.05498 5.58708e-18)
(-1.40159 -0.626952 -8.18748e-18)
(-1.27981 -0.209619 2.6195e-18)
(-1.08104 0.177813 0)
(-0.818412 0.53364 -1.77634e-19)
(-0.499912 0.853375 5.12094e-18)
(-0.135427 1.1454 2.65481e-18)
(0.268164 1.36629 1.07271e-19)
(0.661737 1.57824 0)
(1.19495 1.64346 6.79921e-19)
(1.56229 1.60586 8.79904e-19)
(1.81981 1.52927 1.65094e-20)
(1.97198 1.43501 -6.48791e-18)
(2.00531 1.32318 0)
(1.88081 1.18846 1.31331e-17)
(1.58153 0.997779 2.87344e-17)
(1.0474 0.750561 4.24847e-17)
(0.321865 0.512037 0)
(-0.395542 0.403125 0)
(-0.931434 0.466211 -6.1712e-18)
(-1.26651 0.666298 6.06332e-18)
(-1.57014 0.918438 -3.12456e-17)
(1.50818 1.57568 -5.28512e-19)
(1.75982 1.47498 1.87205e-18)
(1.88979 1.32484 -8.22668e-18)
(1.86136 1.12409 0)
(1.63129 0.874391 1.72934e-17)
(1.19902 0.588682 -1.7897e-17)
(0.591685 0.31108 -8.50985e-18)
(-0.0579806 0.139986 -2.59056e-20)
(-0.606883 0.144529 -6.26464e-18)
(-0.997527 0.30234 0)
(-1.25122 0.536766 0)
(-1.4338 0.800327 4.00928e-17)
(1.44406 1.46623 0)
(1.65434 1.32388 -3.08875e-18)
(1.72511 1.1129 7.47606e-18)
(1.61439 0.850676 4.13574e-18)
(1.29387 0.556816 -2.57895e-17)
(0.794692 0.269923 1.20415e-17)
(0.212466 0.0623048 -2.17409e-17)
(-0.319026 -0.00169799 6.35179e-18)
(-0.729446 0.0797451 -2.04965e-20)
(-1.017 0.267423 -2.94107e-20)
(-1.19749 0.510103 -3.62778e-17)
(-1.31962 0.778249 -4.29799e-17)
(1.36679 1.28921 0)
(1.52246 1.1055 6.24583e-18)
(1.52521 0.853532 0)
(1.33904 0.562201 1.58371e-17)
(0.962665 0.269722 0)
(0.463736 0.032274 7.26256e-18)
(-0.0429682 -0.0897052 2.61849e-17)
(-0.460866 -0.0766466 -5.69853e-18)
(-0.772741 0.0462356 0)
(-0.988135 0.247724 0)
(-1.11599 0.486619 -7.79514e-18)
(-1.17598 0.723492 1.15908e-17)
(-1.45088 1.14998 -3.24599e-17)
(-1.04821 1.3329 -5.82021e-18)
(-0.653909 1.38093 2.17621e-17)
(-0.24836 1.33501 -1.10864e-17)
(0.130397 1.19685 1.35238e-17)
(0.481372 0.982912 -1.30495e-17)
(0.801639 0.705317 -1.57542e-17)
(1.0864 0.374648 0)
(1.3284 0.00696056 -2.99105e-18)
(1.50129 -0.385628 0)
(1.64513 -0.775109 0)
(1.67949 -1.24032 -7.83222e-19)
(-1.16617 1.05433 0)
(-0.823936 1.2508 0)
(-0.469944 1.31125 -1.58047e-17)
(-0.0935088 1.27541 3.40948e-18)
(0.264667 1.14743 3.38133e-18)
(0.599322 0.94258 -2.49575e-19)
(0.902431 0.671626 7.83676e-18)
(1.1661 0.347595 4.80005e-18)
(1.38144 -0.0137618 0)
(1.53006 -0.396069 0)
(1.63594 -0.773106 -3.90894e-19)
(1.65252 -1.19145 2.23322e-18)
(-0.963611 0.955638 0)
(-0.648833 1.13426 -5.65564e-18)
(-0.332378 1.19234 -1.21699e-17)
(0.0100987 1.16019 1.43491e-17)
(0.343392 1.04164 1.36995e-17)
(0.658064 0.84857 3.18776e-18)
(0.941896 0.590179 -4.97094e-18)
(1.18373 0.279933 -4.72926e-18)
(1.37359 -0.064108 6.38867e-18)
(1.49927 -0.426825 0)
(1.57265 -0.785093 4.49733e-19)
(1.55973 -1.15581 1.6249e-18)
(-0.723836 0.861575 -4.59369e-17)
(-0.522419 1.02402 -2.42892e-17)
(-0.23814 1.07571 1.62112e-17)
(0.0723956 1.04163 -1.78292e-17)
(0.380583 0.929359 3.74805e-18)
(0.673047 0.747066 0)
(0.934883 0.502378 -1.82126e-18)
(1.15275 0.208237 -2.01697e-20)
(1.31567 -0.116853 -4.94873e-18)
(1.41411 -0.456169 0)
(1.45216 -0.789514 -3.4494e-18)
(1.40815 -1.11659 -4.95984e-18)
(1.60881 -1.561 -1.77273e-18)
(1.53165 -1.81451 -2.39133e-18)
(1.43353 -1.96124 0)
(1.32055 -1.98797 0)
(1.18376 -1.86013 1.30627e-17)
(0.992655 -1.55925 -1.24125e-17)
(0.747304 -1.02924 -9.56277e-20)
(0.512332 -0.314574 2.61657e-17)
(0.405759 0.389215 -7.51003e-18)
(0.467078 0.917387 6.20897e-18)
(0.663847 1.24948 -3.02328e-17)
(0.913234 1.55082 0)
(1.5755 -1.50599 1.56668e-18)
(1.47268 -1.75302 1.88354e-18)
(1.31876 -1.8758 -6.63479e-18)
(1.11669 -1.84122 -4.0318e-18)
(0.866974 -1.6092 -1.3123e-17)
(0.582825 -1.17857 0)
(0.309361 -0.578807 -2.50027e-17)
(0.142029 0.0596516 -7.27592e-18)
(0.146609 0.59929 -1.26116e-17)
(0.301442 0.985239 0)
(0.533176 1.23616 2.67352e-17)
(0.793977 1.41786 0)
(1.46174 -1.4398 1.27962e-18)
(1.31675 -1.64495 -6.20438e-18)
(1.10427 -1.70936 7.43722e-18)
(0.841943 -1.59383 4.1208e-18)
(0.549241 -1.27299 -8.56467e-18)
(0.265471 -0.778347 3.98973e-18)
(0.0620698 -0.205244 0)
(3.85518e-05 0.31732 6.38384e-18)
(0.0804218 0.721707 5.46933e-18)
(0.265531 1.00587 5.42891e-18)
(0.505206 1.18416 -3.63157e-17)
(0.770913 1.30385 0)
(1.28181 -1.36106 -2.58376e-18)
(1.09594 -1.51177 9.27264e-18)
(0.843597 -1.50863 0)
(0.553492 -1.31918 -1.56657e-17)
(0.263613 -0.944615 0)
(0.0299962 -0.452167 -7.20306e-18)
(-0.0889967 0.0460979 -6.48975e-18)
(-0.0754023 0.457534 2.84048e-17)
(0.0460124 0.765319 2.85005e-22)
(0.244928 0.978183 -5.36438e-18)
(0.480963 1.10406 2.95624e-17)
(0.714871 1.16155 -4.75118e-17)
(1.14594 1.43888 0)
(1.32663 1.04391 -1.2516e-17)
(1.37582 0.65398 0)
(1.33166 0.251817 3.61174e-18)
(1.19546 -0.125015 3.39785e-18)
(0.983405 -0.475 1.63162e-17)
(0.707353 -0.795017 4.84068e-18)
(0.377765 -1.0801 -1.5114e-18)
(0.0105275 -1.32284 3.02564e-18)
(-0.382215 -1.49671 -3.09802e-20)
(-0.772561 -1.64141 1.39423e-18)
(-1.2391 -1.67647 0)
(1.05144 1.15669 9.25394e-18)
(1.24556 0.821063 -1.18151e-17)
(1.30673 0.47076 4.1077e-18)
(1.2723 0.097056 0)
(1.14606 -0.259544 6.86371e-18)
(0.942889 -0.593401 -6.39597e-18)
(0.673321 -0.896372 -1.27097e-17)
(0.350251 -1.16043 0)
(-0.0106296 -1.37658 -2.98555e-18)
(-0.393119 -1.52618 -9.56684e-20)
(-0.770943 -1.63295 -3.89944e-19)
(-1.19056 -1.65045 4.4749e-19)
(0.954974 0.956108 0)
(1.13071 0.647364 -4.11109e-19)
(1.18899 0.333462 -1.62669e-17)
(1.15784 -0.00691128 1.43736e-17)
(1.04071 -0.33891 -6.66754e-18)
(0.849035 -0.652928 -3.31883e-18)
(0.591805 -0.936683 7.99995e-18)
(0.282303 -1.17893 6.48194e-18)
(-0.0614479 -1.36956 1.56892e-18)
(-0.424355 -1.49626 3.12537e-18)
(-0.783452 -1.57078 0)
(-1.15575 -1.55911 1.07565e-18)
(0.861914 0.720483 -4.64665e-17)
(1.02163 0.521882 1.80227e-17)
(1.07329 0.239326 3.6943e-17)
(1.03998 -0.0696397 -1.78634e-17)
(0.928879 -0.376796 -1.04632e-17)
(0.747759 -0.668746 -1.02585e-17)
(0.50402 -0.930579 -3.32386e-18)
(0.210436 -1.14889 -6.54185e-18)
(-0.11453 -1.31261 0)
(-0.454176 -1.41207 8.80116e-19)
(-0.788491 -1.45133 -9.71372e-19)
(-1.11734 -1.40872 -2.20555e-18)
(-1.56187 -1.60644 1.76003e-18)
(-1.81784 -1.5298 2.37297e-18)
(-1.96827 -1.43246 -6.52081e-18)
(-1.9984 -1.31962 0)
(-1.87211 -1.18395 4.42251e-18)
(-1.5716 -0.993325 1.23e-17)
(-1.0385 -0.747555 0)
(-0.317013 -0.511417 1.73713e-17)
(0.394916 -0.404167 0)
(0.928999 -0.466435 3.10437e-17)
(1.26458 -0.664696 -1.19861e-17)
(1.56972 -0.915311 3.91982e-17)
(-1.50727 -1.57434 -5.28618e-19)
(-1.75737 -1.47259 3.09167e-18)
(-1.88442 -1.32031 -6.61663e-18)
(-1.85333 -1.1188 -1.20642e-17)
(-1.62236 -0.869183 5.0487e-21)
(-1.19046 -0.584485 -2.23119e-17)
(-0.585943 -0.309498 -2.47406e-17)
(0.0595196 -0.140897 -2.21164e-17)
(0.605656 -0.145714 -2.48932e-17)
(0.99636 -0.302243 -2.24058e-17)
(1.25084 -0.535703 0)
(1.43529 -0.798155 0)
(-1.4422 -1.4624 2.55819e-18)
(-1.65071 -1.3188 -4.638e-18)
(-1.71907 -1.10725 9.32648e-18)
(-1.60645 -0.844952 1.024e-21)
(-1.28585 -0.551757 1.70972e-17)
(-0.788534 -0.266777 7.95052e-18)
(-0.209792 -0.0618211 2.17145e-17)
(0.319049 0.000728501 4.43355e-17)
(0.728626 -0.0805261 1.63998e-17)
(1.01661 -0.26753 -2.17537e-17)
(1.19798 -0.509227 0)
(1.32094 -0.777019 0)
(-1.3645 -1.28371 -5.17189e-18)
(-1.51855 -1.09904 1.54569e-18)
(-1.519 -0.847181 -1.8258e-18)
(-1.33166 -0.556463 1.96324e-17)
(-0.95633 -0.265497 -1.93066e-17)
(-0.460204 -0.0303825 -7.26033e-18)
(0.0437184 0.0897317 -9.97182e-21)
(0.460465 0.0759832 5.67354e-18)
(0.77238 -0.0467306 -2.04713e-17)
(0.988334 -0.247748 2.13661e-17)
(1.11684 -0.486139 -2.98735e-17)
(1.17732 -0.723249 0)
(1.45326 -1.14552 -3.35703e-17)
(1.05088 -1.32956 -5.82547e-18)
(0.657467 -1.37853 4.35043e-18)
(0.252478 -1.33366 -3.84986e-18)
(-0.126161 -1.19634 -3.35185e-18)
(-0.477245 -0.983168 -1.4669e-19)
(-0.797743 -0.706265 7.82031e-18)
(-1.0828 -0.37619 -1.51038e-18)
(-1.32516 -0.00895774 0)
(-1.49837 0.383371 0)
(-1.64245 0.772784 1.3953e-18)
(-1.6766 1.23803 1.54997e-18)
(1.16792 -1.05035 7.45711e-17)
(0.825905 -1.24777 0)
(0.472941 -1.30919 0)
(0.0968874 -1.27427 6.95972e-18)
(-0.261208 -1.14704 -3.47884e-18)
(-0.595931 -0.942832 3.12438e-18)
(-0.899196 -0.672471 0)
(-1.16307 -0.348958 -4.77073e-18)
(-1.37865 0.0119286 -1.50885e-18)
(-1.52753 0.393966 3.06484e-18)
(-1.63361 0.770878 -1.95513e-18)
(-1.65018 1.18916 -4.43783e-19)
(0.964642 -0.952697 -4.41882e-17)
(0.650327 -1.13183 1.7419e-17)
(0.334735 -1.19069 4.06631e-18)
(-0.00743499 -1.1593 3.53868e-18)
(-0.340642 -1.0414 3.26727e-18)
(-0.655339 -0.848897 0)
(-0.93927 -0.591023 1.63174e-18)
(-1.18125 -0.281239 3.10754e-18)
(-1.37131 0.0624011 1.56707e-18)
(-1.49724 0.424839 -3.1261e-18)
(-1.57093 0.782997 1.75653e-18)
(-1.55831 1.15377 -1.07653e-18)
(0.723866 -0.859436 4.59085e-17)
(0.523527 -1.02216 -2.39942e-17)
(0.239932 -1.07446 -4.08336e-18)
(-0.0703294 -1.04098 1.9095e-20)
(-0.378429 -0.929273 -1.04462e-17)
(-0.670901 -0.747477 -3.38309e-18)
(-0.932816 -0.503254 1.00434e-17)
(-1.15084 -0.209539 0)
(-1.31399 0.115197 6.7364e-18)
(-1.41274 0.454297 0)
(-1.4512 0.787615 -3.94101e-18)
(-1.40773 1.1149 2.20569e-18)
(-1.60587 1.55773 9.00952e-19)
(-1.5295 1.81094 0)
(-1.43283 1.9588 6.55368e-18)
(-1.32162 1.98802 8.07016e-18)
(-1.18679 1.8632 -1.75506e-17)
(-0.997397 1.56647 8.12944e-18)
(-0.752619 1.04042 1.69399e-17)
(-0.516422 0.326992 1.38031e-19)
(-0.406513 -0.381245 7.42994e-18)
(-0.465299 -0.914992 -1.88489e-17)
(-0.661121 -1.25106 -6.09092e-18)
(-0.910227 -1.55635 3.14626e-17)
(-1.57341 1.50308 -1.54438e-18)
(-1.47172 1.75048 -6.13486e-19)
(-1.31978 1.87499 -6.57617e-18)
(-1.11964 1.84322 0)
(-0.871525 1.61426 -2.1624e-17)
(-0.588406 1.18688 -1.34566e-17)
(-0.314155 0.588681 -2.73853e-19)
(-0.14424 -0.0516524 7.34106e-18)
(-0.146061 -0.595227 -1.89421e-17)
(-0.299549 -0.985043 2.23562e-17)
(-0.531225 -1.23878 0)
(-0.792299 -1.42328 4.04628e-17)
(-1.46098 1.43771 -3.19572e-18)
(-1.3174 1.64381 7.72891e-19)
(-1.10656 1.71016 0)
(-0.845854 1.59737 -1.6528e-17)
(-0.55426 1.27921 2.14552e-17)
(-0.270519 0.786468 1.99416e-17)
(-0.0654147 0.212829 -2.17696e-17)
(-0.00114143 -0.312328 -2.53894e-17)
(-0.0798934 -0.719775 -2.19137e-17)
(-0.264588 -1.00649 2.70409e-17)
(-0.5041 -1.18698 -7.25157e-18)
(-0.770646 -1.30887 -8.74312e-17)
(-1.28225 1.35975 4.52142e-18)
(-1.09775 1.51176 7.71878e-19)
(-0.846817 1.51079 0)
(-0.557842 1.32386 1.96134e-17)
(-0.268347 0.951154 -2.0783e-20)
(-0.0339232 0.459155 -3.66053e-18)
(0.0868006 -0.0406402 0)
(0.074729 -0.454443 5.71138e-18)
(-0.0458202 -0.764444 1.53494e-17)
(-0.24451 -0.979211 1.39837e-19)
(-0.480715 -1.10676 2.99351e-17)
(-0.715899 -1.16587 9.40516e-17)
(-1.14397 -1.44667 3.28367e-17)
(-1.32711 -1.05093 5.84306e-18)
(-1.3775 -0.660329 -4.36925e-18)
(-1.33385 -0.256793 7.2562e-18)
(-1.19747 0.121625 0)
(-0.984736 0.47309 9.85087e-18)
(-0.707895 0.794207 -1.41752e-17)
(-0.377685 1.07987 -7.62858e-18)
(-0.0101497 1.32268 0)
(0.382529 1.4962 2.94741e-18)
(0.772441 1.64043 0)
(1.23917 1.67551 -7.71996e-19)
(-1.04949 -1.16253 0)
(-1.24603 -0.826664 0)
(-1.30841 -0.475866 0)
(-1.27447 -0.100868 -3.55454e-18)
(-1.14809 0.257241 7.16675e-21)
(-0.944331 0.592512 -3.12501e-18)
(-0.674075 0.896553 6.22923e-18)
(-0.3505 1.16123 -6.34779e-18)
(0.0105731 1.37756 0)
(0.393007 1.52701 2.30484e-18)
(0.770691 1.63341 1.15378e-18)
(1.19068 1.65139 -4.47674e-19)
(-0.953532 -0.961141 0)
(-1.13129 -0.651902 1.7453e-17)
(-1.19057 -0.337469 6.8758e-20)
(-1.15977 0.00407183 2.60023e-20)
(-1.04247 0.337438 3.3909e-18)
(-0.850267 0.652752 3.37651e-18)
(-0.592457 0.937535 4.86513e-18)
(-0.282593 1.18047 3.10642e-18)
(0.061236 1.37147 1.56887e-18)
(0.424082 1.49831 -3.12514e-18)
(0.783173 1.57319 -1.79305e-18)
(1.15633 1.56264 0)
(-0.861172 -0.72339 1.13631e-17)
(-1.02241 -0.525455 -5.80741e-18)
(-1.07484 -0.242375 0)
(-1.04173 0.0676121 0)
(-0.930401 0.375992 -3.44272e-18)
(-0.748757 0.669114 9.11312e-20)
(-0.504478 0.931927 -1.00371e-17)
(-0.210599 1.15099 0)
(0.114394 1.31531 -6.73465e-18)
(0.453996 1.41537 0)
(0.78844 1.45537 -2.00675e-18)
(1.11827 1.41426 0)
(1.26882 1.07057 -1.27657e-18)
(1.36863 0.853394 -5.92894e-18)
(1.3109 0.578499 0)
(1.07393 0.286941 -1.44186e-17)
(0.681929 0.0268446 -3.56663e-18)
(0.22045 -0.145795 -1.68674e-17)
(-0.202869 -0.195007 6.02614e-18)
(-0.532808 -0.130872 0)
(-0.775506 0.0166112 0)
(-0.9387 0.225435 5.30568e-18)
(-1.02274 0.457731 2.29092e-17)
(-0.98694 0.714856 0)
(1.156 0.834526 1.23751e-18)
(1.20442 0.594912 0)
(1.1003 0.314702 -1.26096e-17)
(0.837018 0.0423735 3.32664e-18)
(0.455912 -0.17223 -3.3665e-18)
(0.0473002 -0.28299 1.90729e-17)
(-0.302061 -0.277829 1.13692e-17)
(-0.566137 -0.180449 -5.056e-18)
(-0.758851 -0.0179892 0)
(-0.884681 0.19244 0)
(-0.935558 0.414069 0)
(-0.867542 0.608308 0)
(1.03545 0.601169 -1.21816e-18)
(1.04077 0.349798 -6.77325e-18)
(0.905109 0.0770147 1.34038e-17)
(0.634468 -0.166609 0)
(0.279958 -0.334398 0)
(-0.073769 -0.393994 -5.46464e-17)
(-0.36251 -0.350733 2.73456e-17)
(-0.577452 -0.231812 0)
(-0.733483 -0.0601891 -4.88907e-18)
(-0.832147 0.15019 1.08468e-17)
(-0.860752 0.362768 -7.96462e-18)
(-0.774065 0.529761 0)
(0.912426 0.384235 1.20172e-18)
(0.884505 0.129687 5.26621e-18)
(0.730772 -0.128249 -1.14872e-17)
(0.466375 -0.340851 9.15062e-18)
(0.145892 -0.467113 -9.26989e-18)
(-0.157399 -0.488296 -5.97839e-18)
(-0.398113 -0.419858 -3.75469e-17)
(-0.576182 -0.287462 -4.99074e-18)
(-0.704755 -0.110376 4.96315e-18)
(-0.78319 0.0997936 2.2541e-17)
(-0.795962 0.304802 0)
(-0.683028 0.43698 0)
(0.790574 0.192225 0)
(0.7392 -0.059621 0)
(0.578382 -0.299618 1.12246e-17)
(0.329098 -0.483334 -1.18721e-17)
(0.0446046 -0.576507 -1.51794e-17)
(-0.215145 -0.571498 5.52194e-17)
(-0.418226 -0.488045 1.07054e-17)
(-0.568149 -0.348094 2.54807e-17)
(-0.675365 -0.168017 0)
(-0.737753 0.0427275 -2.37164e-17)
(-0.737357 0.243699 -3.46154e-17)
(-0.601373 0.35545 0)
(0.672229 0.029931 0)
(0.606265 -0.215915 1.28899e-18)
(0.446556 -0.438208 -1.40128e-18)
(0.217415 -0.597824 2.9362e-18)
(-0.0324576 -0.667407 4.51091e-17)
(-0.255839 -0.646926 -2.92241e-17)
(-0.429241 -0.55648 5.51792e-18)
(-0.556955 -0.413534 -2.13553e-17)
(-0.646479 -0.232264 -5.58813e-18)
(-0.694865 -0.0199904 6.41294e-18)
(-0.681996 0.180283 3.69564e-17)
(-0.517916 0.271916 0)
(0.55852 -0.100334 0)
(0.485397 -0.339437 1.30508e-18)
(0.332515 -0.546749 -1.41285e-18)
(0.12564 -0.688576 0)
(-0.0926623 -0.743796 -2.74854e-17)
(-0.286038 -0.71663 -3.037e-18)
(-0.435438 -0.625456 -1.17545e-17)
(-0.54466 -0.48308 -2.90433e-17)
(-0.618193 -0.302005 2.46341e-17)
(-0.652868 -0.0873647 0)
(-0.626297 0.116408 8.24011e-17)
(-0.435027 0.196227 0)
(0.449516 -0.198495 0)
(0.374996 -0.432383 1.35628e-18)
(0.232617 -0.62925 1.02074e-17)
(0.0482792 -0.760244 3.08514e-18)
(-0.141955 -0.809134 2.26225e-17)
(-0.310416 -0.781903 -6.55227e-18)
(-0.439501 -0.694696 3.2497e-17)
(-0.532168 -0.555591 5.28173e-17)
(-0.589782 -0.375829 2.85942e-17)
(-0.60947 -0.158437 8.51e-18)
(-0.566386 0.0531446 -1.17358e-17)
(-0.347846 0.129232 0)
(0.344105 -0.266548 0)
(0.272359 -0.498565 0)
(0.142738 -0.690778 -1.27382e-17)
(-0.0198157 -0.817729 0)
(-0.184994 -0.866563 9.70718e-20)
(-0.332212 -0.843557 -7.25851e-18)
(-0.4429 -0.763512 7.48033e-18)
(-0.519405 -0.629523 -3.15225e-17)
(-0.559948 -0.451884 -8.71458e-18)
(-0.562337 -0.231735 9.67854e-17)
(-0.498615 -0.00826063 -1.22997e-16)
(-0.253231 0.079308 3.69605e-16)
(0.242254 -0.308311 0)
(0.175771 -0.54314 7.47663e-18)
(0.059727 -0.737384 -1.53207e-17)
(-0.0820818 -0.865154 3.96e-18)
(-0.224387 -0.917744 -4.17777e-17)
(-0.352733 -0.90088 3.09714e-17)
(-0.446012 -0.829735 -3.71901e-17)
(-0.50607 -0.701576 1.01381e-17)
(-0.527945 -0.52662 -9.28986e-17)
(-0.51034 -0.304622 -1.03112e-16)
(-0.42044 -0.0644959 -2.21363e-17)
(-0.154173 0.0523297 -5.5796e-16)
(0.150992 -0.328516 0)
(0.0888071 -0.571945 -3.43364e-17)
(-0.0152403 -0.773337 2.24986e-17)
(-0.138399 -0.904089 0)
(-0.262666 -0.962427 -6.00994e-18)
(-0.368893 -0.950777 -3.17288e-17)
(-0.447432 -0.884157 -5.46101e-17)
(-0.490908 -0.761745 -3.0752e-17)
(-0.492326 -0.590395 1.81248e-16)
(-0.451465 -0.372858 1.68876e-16)
(-0.331008 -0.11739 0)
(-0.0584342 0.0526656 0)
(0.0809956 -0.322847 -1.47318e-17)
(0.027222 -0.574446 -1.38101e-19)
(-0.0597149 -0.787621 0)
(-0.159246 -0.917609 1.09372e-17)
(-0.257691 -0.99457 -1.10593e-17)
(-0.354886 -0.962685 -1.59228e-16)
(-0.399448 -0.894006 3.96695e-16)
(-0.418813 -0.777753 0)
(-0.403293 -0.627582 -2.38099e-16)
(-0.352666 -0.440091 -3.23837e-16)
(-0.223582 -0.190603 -7.38124e-16)
(0.00176718 0.0562327 1.4771e-15)
(-0.568408 0.819145 7.00111e-17)
(-0.43387 0.924209 2.53568e-17)
(-0.174224 0.964716 -1.69939e-17)
(0.10926 0.927687 0)
(0.392905 0.820077 -1.74788e-17)
(0.661405 0.647957 -1.05e-17)
(0.898559 0.417849 8.52089e-18)
(1.08989 0.141998 5.18932e-18)
(1.22385 -0.161373 0)
(1.29189 -0.47484 9.18191e-19)
(1.29457 -0.778749 2.99235e-18)
(1.21778 -1.06199 2.19749e-18)
(-0.522999 0.69122 7.23154e-17)
(-0.365463 0.825585 -6.60936e-18)
(-0.129021 0.859919 2.17262e-17)
(0.131744 0.822032 0)
(0.391655 0.718513 0)
(0.635243 0.555975 1.77347e-17)
(0.845937 0.340546 1.07238e-17)
(1.00884 0.0839042 -8.81246e-18)
(1.11229 -0.196269 1.78328e-18)
(1.14875 -0.481999 8.52019e-18)
(1.11691 -0.753725 -1.01763e-18)
(1.00834 -0.993877 1.10481e-18)
(-0.437196 0.632717 -7.32026e-17)
(-0.305308 0.737779 0)
(-0.090857 0.766725 0)
(0.148261 0.727768 0)
(0.385081 0.628052 0)
(0.603466 0.474659 1.84848e-17)
(0.786853 0.273749 -3.47966e-17)
(0.920469 0.0366345 9.1951e-18)
(0.993093 -0.219743 0)
(0.998199 -0.477083 -7.73147e-18)
(0.93401 -0.715924 -3.65114e-18)
(0.797036 -0.915345 -1.6476e-18)
(-0.372325 0.557061 8.18648e-17)
(-0.251555 0.66301 3.57263e-17)
(-0.0559534 0.686563 -2.38529e-17)
(0.164179 0.646682 1.6505e-17)
(0.379272 0.550875 0)
(0.572955 0.40644 3.94079e-18)
(0.729085 0.219788 1.32417e-17)
(0.833481 0.00204918 -1.13833e-17)
(0.875851 -0.230671 1.91519e-18)
(0.85099 -0.459975 -1.00482e-18)
(0.757663 -0.666752 5.27987e-18)
(0.596757 -0.829084 0)
(-0.301411 0.495756 3.43675e-19)
(-0.200808 0.599741 -2.98654e-17)
(-0.0205059 0.619441 2.51351e-17)
(0.183631 0.579331 -3.90284e-17)
(0.378986 0.488065 1.63105e-17)
(0.549165 0.352726 9.21585e-20)
(0.678897 0.180079 -1.98136e-18)
(0.75492 -0.0187465 1.97957e-17)
(0.768357 -0.228565 -1.98682e-18)
(0.715575 -0.431074 0)
(0.596716 -0.607895 5.42572e-19)
(0.416512 -0.737639 -2.81292e-18)
(-0.235612 0.433504 -1.04336e-16)
(-0.151789 0.545855 0)
(0.0178802 0.564054 0)
(0.209779 0.52534 2.32106e-17)
(0.387906 0.439842 -3.8868e-17)
(0.536348 0.314046 -2.08441e-17)
(0.641194 0.155248 2.04861e-18)
(0.690377 -0.0252912 -1.64818e-17)
(0.676731 -0.213436 2.06816e-18)
(0.5985 -0.3911 -1.07252e-18)
(0.457656 -0.540937 1.66401e-18)
(0.262184 -0.643086 -5.78763e-19)
(-0.171404 0.372588 -2.44975e-16)
(-0.103288 0.498525 -7.93178e-17)
(0.0614662 0.518495 1.21596e-17)
(0.245197 0.483705 1.53999e-17)
(0.408826 0.405805 3.75772e-17)
(0.537664 0.290446 4.499e-18)
(0.619589 0.14531 -4.39222e-18)
(0.644018 -0.0176471 0)
(0.60556 -0.185625 0)
(0.50449 -0.340829 7.82013e-18)
(0.344831 -0.467216 1.1475e-18)
(0.137266 -0.546881 2.36668e-18)
(-0.112851 0.308803 2.98748e-16)
(-0.0543959 0.454296 -1.99427e-19)
(0.112355 0.480414 -5.69029e-17)
(0.291909 0.453077 -7.08558e-17)
(0.443743 0.385098 -2.12637e-17)
(0.555154 0.281172 5.03031e-18)
(0.616331 0.149742 -7.19825e-18)
(0.61855 0.00364776 2.36426e-18)
(0.557784 -0.145743 1.88651e-17)
(0.436522 -0.281071 -2.02779e-17)
(0.260695 -0.387647 1.82615e-18)
(0.043198 -0.449715 -3.1236e-18)
(-0.0638702 0.239969 -3.41843e-16)
(-0.00381332 0.409232 9.01241e-17)
(0.172639 0.447251 7.19528e-17)
(0.351351 0.431736 -7.74723e-20)
(0.49376 0.376594 0)
(0.589705 0.28541 2.39857e-17)
(0.632303 0.167392 2.82286e-18)
(0.615197 0.0377614 2.43594e-20)
(0.53471 -0.0945099 -4.56351e-17)
(0.395752 -0.212371 1.07405e-17)
(0.205766 -0.302606 0)
(-0.0205248 -0.351448 2.76216e-18)
(-0.0307718 0.165479 1.14285e-15)
(0.0499634 0.360772 0)
(0.243469 0.417742 1.30213e-17)
(0.423074 0.41849 1.5339e-16)
(0.558275 0.378999 7.94291e-17)
(0.640871 0.301677 9.04026e-20)
(0.667699 0.197364 -1.1292e-17)
(0.633792 0.0831025 3.24929e-17)
(0.536257 -0.0337545 2.778e-17)
(0.382048 -0.136602 1.20553e-17)
(0.179151 -0.213814 1.70761e-18)
(-0.0560452 -0.25333 0)
(-0.01951 0.0905628 -8.5519e-16)
(0.115946 0.302266 0)
(0.32704 0.389118 0)
(0.504332 0.411516 -1.27399e-16)
(0.634282 0.390428 -1.09515e-16)
(0.707314 0.326226 -4.96162e-17)
(0.718956 0.235903 -4.68193e-17)
(0.671865 0.134594 -8.51388e-17)
(0.560693 0.0301225 -5.65067e-18)
(0.394604 -0.0616642 -2.63526e-17)
(0.179768 -0.131061 2.90955e-18)
(-0.0659573 -0.165387 0)
(-0.0278722 0.0184063 -1.96721e-15)
(0.186496 0.248427 0)
(0.422583 0.344847 0)
(0.586847 0.381064 2.82649e-17)
(0.710332 0.380328 -2.46512e-17)
(0.781169 0.345736 3.22692e-17)
(0.786001 0.25541 -2.3801e-17)
(0.7242 0.170789 9.6286e-17)
(0.601267 0.0783461 0)
(0.425529 -0.00295384 -6.41506e-17)
(0.204629 -0.0663524 -5.86047e-17)
(-0.04726 -0.0972711 1.81437e-17)
(1.06172 -1.26219 -8.45608e-21)
(0.843174 -1.35743 -5.87952e-18)
(0.5691 -1.29482 0)
(0.27988 -1.0562 1.07144e-17)
(0.023183 -0.667476 1.77074e-17)
(-0.146 -0.212907 6.6867e-18)
(-0.193562 0.203442 5.97997e-18)
(-0.129779 0.528718 -2.10926e-17)
(0.0160518 0.768479 0)
(0.222351 0.929709 -1.59173e-17)
(0.451745 1.01201 2.32304e-17)
(0.703545 0.974383 5.51833e-17)
(0.825583 -1.149 2.46807e-18)
(0.585427 -1.19349 0)
(0.307059 -1.08564 1.24822e-17)
(0.0377522 -0.822003 0)
(-0.17329 -0.444945 9.98519e-21)
(-0.281397 -0.0427976 2.5187e-17)
(-0.275618 0.301039 5.65094e-18)
(-0.179122 0.561666 -2.5247e-17)
(-0.0184334 0.752168 0)
(0.189515 0.876394 1.58351e-17)
(0.408248 0.925708 -2.34179e-17)
(0.599181 0.856407 0)
(0.593152 -1.02851 -1.20833e-18)
(0.341997 -1.03062 5.38669e-18)
(0.0717538 -0.892299 -1.18042e-17)
(-0.168557 -0.622258 1.56482e-17)
(-0.333023 -0.272016 -6.31093e-18)
(-0.390799 0.0760533 -1.49937e-17)
(-0.347627 0.360453 -3.25814e-17)
(-0.229919 0.572764 2.46703e-17)
(-0.0601605 0.727063 0)
(0.147718 0.824402 -1.62743e-17)
(0.357286 0.851569 -7.96082e-18)
(0.520308 0.763489 0)
(0.377841 -0.905855 -5.97861e-19)
(0.124052 -0.875437 -5.88219e-18)
(-0.130939 -0.719985 1.43078e-18)
(-0.340199 -0.456799 2.62366e-20)
(-0.46357 -0.140436 -1.22176e-17)
(-0.483619 0.158078 0)
(-0.415723 0.395358 2.66052e-17)
(-0.284742 0.571349 -4.93683e-18)
(-0.109589 0.698519 0)
(0.0980434 0.775862 4.48911e-17)
(0.299977 0.787273 0)
(0.428765 0.673249 0)
(0.187827 -0.784614 -2.40179e-18)
(-0.0628923 -0.731393 0)
(-0.299788 -0.569609 8.39917e-18)
(-0.480315 -0.321881 -1.17565e-17)
(-0.571075 -0.0411429 1.18326e-20)
(-0.565431 0.214647 2.59717e-17)
(-0.482777 0.414969 -5.35845e-18)
(-0.344349 0.563193 -1.52665e-17)
(-0.166243 0.669237 5.20804e-18)
(0.0419076 0.730748 -2.36238e-17)
(0.239688 0.729047 -1.72465e-17)
(0.347585 0.592117 2.03208e-17)
(0.0276771 -0.667034 2.42168e-18)
(-0.216871 -0.599764 0)
(-0.436077 -0.439689 -1.10813e-17)
(-0.592762 -0.212242 2.91645e-18)
(-0.660366 0.0343366 -2.99311e-18)
(-0.639561 0.254455 -2.90005e-17)
(-0.550021 0.425598 2.19892e-17)
(-0.408625 0.551869 2.65898e-17)
(-0.229321 0.64039 0)
(-0.0196868 0.688104 6.45717e-18)
(0.177329 0.673956 -9.19908e-18)
(0.265028 0.509428 0)
(-0.100548 -0.554196 6.18006e-19)
(-0.338285 -0.480192 -5.89169e-18)
(-0.542631 -0.327394 0)
(-0.681822 -0.122214 0)
(-0.735406 0.0932691 0)
(-0.708066 0.283947 -6.02795e-18)
(-0.617789 0.431454 -1.7464e-17)
(-0.476918 0.539413 -2.31736e-17)
(-0.297751 0.612067 6.16116e-18)
(-0.0857705 0.646273 6.32917e-20)
(0.114744 0.618407 -9.23053e-17)
(0.190022 0.427431 -2.23919e-16)
(-0.19694 -0.446061 2.59778e-18)
(-0.429438 -0.370991 6.78786e-18)
(-0.623506 -0.229041 -1.45796e-18)
(-0.752123 -0.046324 3.07183e-18)
(-0.79961 0.141516 1.92937e-17)
(-0.772238 0.307717 2.28147e-17)
(-0.685834 0.435183 -2.59827e-17)
(-0.548133 0.526712 5.92094e-17)
(-0.370168 0.583545 0)
(-0.155415 0.602967 0)
(0.05293 0.5587 8.37192e-17)
(0.124201 0.34112 3.43507e-17)
(-0.263592 -0.341517 -2.85513e-18)
(-0.494197 -0.269493 -1.48882e-18)
(-0.683752 -0.140513 1.59816e-18)
(-0.808482 0.0204875 0)
(-0.856055 0.183642 -5.58773e-17)
(-0.832861 0.328948 -3.61703e-17)
(-0.753488 0.43822 2.98537e-17)
(-0.620753 0.5137 -3.15587e-17)
(-0.444771 0.553532 8.75721e-18)
(-0.227199 0.555854 1.07751e-17)
(-0.00692249 0.491113 -1.52712e-17)
(0.0758149 0.247074 3.76819e-16)
(-0.304348 -0.240543 -3.5742e-18)
(-0.53773 -0.17398 0)
(-0.729341 -0.0586903 -1.53398e-17)
(-0.855043 0.0816549 3.96507e-18)
(-0.906436 0.222247 2.50545e-17)
(-0.889294 0.348937 -4.42196e-18)
(-0.818654 0.440942 -1.85969e-17)
(-0.691568 0.500088 7.12562e-17)
(-0.518115 0.521314 -8.13757e-17)
(-0.298573 0.503821 1.27867e-19)
(-0.0615475 0.412959 -2.21191e-17)
(0.0507859 0.148443 0)
(-0.323889 -0.150175 4.43914e-18)
(-0.565883 -0.088022 -1.87074e-17)
(-0.764576 0.0152042 4.24137e-17)
(-0.893317 0.136982 0)
(-0.950513 0.259688 -6.03074e-18)
(-0.938454 0.364552 6.38955e-18)
(-0.872279 0.441926 4.09338e-17)
(-0.750776 0.484537 -2.31389e-16)
(-0.580799 0.48546 1.45444e-16)
(-0.36546 0.445013 0)
(-0.11244 0.323559 0)
(0.0529758 0.0530851 0)
(-0.317909 -0.080866 2.95939e-17)
(-0.568405 -0.027182 5.0767e-17)
(-0.778559 0.05903 -9.2297e-17)
(-0.906564 0.157381 1.10142e-17)
(-0.982174 0.254719 -2.22221e-17)
(-0.950232 0.350526 -8.00034e-17)
(-0.882035 0.394406 -4.70936e-17)
(-0.766591 0.41323 2.5856e-17)
(-0.617673 0.397618 -2.09959e-16)
(-0.431634 0.346883 -4.0934e-17)
(-0.183019 0.217336 0)
(0.0577667 -0.00570678 -1.49596e-15)
(0.817709 0.567699 6.96355e-17)
(0.922381 0.433861 2.57395e-17)
(0.962947 0.175399 -1.67681e-17)
(0.9266 -0.106911 -1.85928e-17)
(0.819973 -0.38976 1.75104e-17)
(0.648853 -0.657889 1.7218e-17)
(0.41951 -0.895126 -1.69987e-18)
(0.144054 -1.08694 -3.42541e-18)
(-0.159363 -1.22168 1.72016e-18)
(-0.473299 -1.29075 0)
(-0.778303 -1.29463 0)
(-1.06348 -1.21915 -1.07817e-20)
(0.690355 0.522697 0)
(0.824206 0.36564 2.89682e-19)
(0.858643 0.130095 0)
(0.821364 -0.129766 1.51316e-17)
(0.718703 -0.389073 -3.63415e-18)
(0.557016 -0.632427 7.15201e-18)
(0.342213 -0.843286 -1.95994e-17)
(0.0858172 -1.0067 1.76426e-18)
(-0.194538 -1.11094 0)
(-0.480866 -1.14834 -7.56882e-18)
(-0.753809 -1.11762 0)
(-0.995936 -1.01018 2.20154e-18)
(0.631946 0.436805 0)
(0.736741 0.30551 -3.42593e-17)
(0.765819 0.091813 4.56664e-18)
(0.727408 -0.146603 0)
(0.628447 -0.382977 1.5064e-17)
(0.475784 -0.601253 3.69889e-18)
(0.275389 -0.784879 1.27823e-17)
(0.0384017 -0.91904 -1.10513e-17)
(-0.218265 -0.992417 1.8486e-18)
(-0.476316 -0.998398 1.55168e-17)
(-0.716424 -0.935158 4.17164e-18)
(-0.917808 -0.799006 -1.09827e-18)
(0.556506 0.372027 -8.20667e-17)
(0.662231 0.25176 0)
(0.685928 0.0567978 0)
(0.646542 -0.162788 2.06528e-17)
(0.551398 -0.377572 -1.93949e-17)
(0.407596 -0.57125 3.83073e-18)
(0.221363 -0.727683 -3.79339e-18)
(0.00366712 -0.832639 7.58637e-18)
(-0.229422 -0.875723 7.72699e-18)
(-0.459505 -0.851616 4.83173e-20)
(-0.667574 -0.759042 -4.22324e-18)
(-0.831769 -0.598646 1.11072e-18)
(0.49529 0.30117 9.16025e-17)
(0.599145 0.201 0)
(0.618999 0.0212539 5.04197e-18)
(0.579337 -0.182462 -3.91034e-17)
(0.488658 -0.377627 0)
(0.353868 -0.547885 -1.99516e-17)
(0.181556 -0.677965 2.17829e-17)
(-0.0172837 -0.754549 -1.78362e-17)
(-0.227523 -0.768636 -5.96152e-18)
(-0.430841 -0.716497 -1.85571e-17)
(-0.608912 -0.598167 0)
(-0.74039 -0.418136 -2.24753e-18)
(0.433092 0.2354 2.6088e-17)
(0.545381 0.151958 -4.01676e-17)
(0.563745 -0.0172163 0)
(0.525435 -0.208802 -8.74624e-20)
(0.440462 -0.386835 0)
(0.315138 -0.535429 4.12121e-18)
(0.156614 -0.640646 -2.06627e-17)
(-0.0239856 -0.690376 1.44143e-17)
(-0.212563 -0.677307 1.04061e-17)
(-0.391034 -0.599577 8.52997e-18)
(-0.542057 -0.459041 -4.45153e-18)
(-0.645751 -0.263439 1.14619e-18)
(0.372231 0.171288 0)
(0.498124 0.10344 1.05901e-16)
(0.518272 -0.0608717 5.48642e-17)
(0.483846 -0.244385 1.536e-17)
(0.406417 -0.408005 0)
(0.291462 -0.537054 2.247e-17)
(0.146559 -0.619365 -2.18694e-18)
(-0.0164872 -0.644315 1.89989e-20)
(-0.184884 -0.606346 -1.09125e-17)
(-0.340868 -0.505648 0)
(-0.468318 -0.346081 -1.24913e-20)
(-0.549331 -0.138097 3.52733e-26)
(0.308511 0.112805 -2.99739e-16)
(0.453929 0.0545269 -1.73636e-16)
(0.480236 -0.111821 -4.97339e-17)
(0.453229 -0.291239 -4.73755e-17)
(0.385677 -0.443146 0)
(0.282105 -0.554822 5.04181e-18)
(0.150875 -0.616393 -7.21527e-18)
(0.00468152 -0.619106 -2.06587e-20)
(-0.145091 -0.558748 2.34696e-18)
(-0.281139 -0.437729 0)
(-0.388651 -0.261803 4.87419e-18)
(-0.451835 -0.0436441 2.50026e-18)
(0.239831 0.0639119 -2.27612e-19)
(0.408878 0.00392036 1.03249e-16)
(0.44708 -0.172153 0)
(0.431873 -0.350798 7.26397e-18)
(0.377108 -0.493366 -1.54462e-22)
(0.28626 -0.589621 -2.40227e-17)
(0.168409 -0.632635 1.97791e-17)
(0.0387032 -0.616 -2.47559e-17)
(-0.0939128 -0.535862 0)
(-0.212393 -0.397045 -1.07802e-17)
(-0.303402 -0.206808 0)
(-0.353144 0.020341 -5.53249e-18)
(0.165536 0.0308384 5.72298e-16)
(0.360425 -0.0498805 -1.90671e-17)
(0.417549 -0.243018 1.30811e-16)
(0.418589 -0.422606 7.17136e-17)
(0.379415 -0.558059 -6.19085e-17)
(0.302432 -0.641004 3.20767e-17)
(0.198251 -0.668289 -7.45045e-18)
(0.0839793 -0.634847 2.5231e-17)
(-0.0331865 -0.537648 3.46487e-18)
(-0.136498 -0.383513 2.57807e-17)
(-0.214333 -0.180256 -5.16861e-18)
(-0.254537 0.0559253 3.44908e-18)
(0.0908129 0.0195477 0)
(0.301967 -0.115858 0)
(0.388892 -0.326615 -1.64125e-16)
(0.411539 -0.503937 0)
(0.390722 -0.634207 1.23501e-16)
(0.326856 -0.707633 -1.24506e-16)
(0.236689 -0.719801 -2.92159e-17)
(0.135395 -0.673192 3.98988e-17)
(0.0306921 -0.562382 0)
(-0.0614133 -0.396344 1.16168e-19)
(-0.131276 -0.18111 3.50711e-17)
(-0.166126 0.0656548 0)
(0.0184441 0.027741 -1.73738e-15)
(0.24819 -0.186283 -6.3163e-16)
(0.344586 -0.422135 3.40898e-17)
(0.380973 -0.586534 0)
(0.380418 -0.710254 -2.4737e-17)
(0.346069 -0.781461 3.21862e-16)
(0.256001 -0.787179 -2.36856e-17)
(0.171412 -0.725843 -1.08446e-16)
(0.0788462 -0.603357 1.27054e-17)
(-0.00261858 -0.427679 -5.67968e-17)
(-0.0663422 -0.206395 -1.33479e-16)
(-0.0976605 0.046455 1.81134e-17)
(-1.2664 -1.06427 1.25309e-18)
(-1.3648 -0.84652 -1.47108e-18)
(-1.30519 -0.572363 1.68684e-18)
(-1.06784 -0.282039 1.42962e-17)
(-0.677606 -0.023905 1.41746e-17)
(-0.218875 0.146757 -1.33989e-17)
(0.202713 0.194928 -6.01138e-18)
(0.532403 0.13049 -1.58622e-17)
(0.775502 -0.0169271 3.96286e-17)
(0.939215 -0.225545 0)
(1.02363 -0.457502 3.05752e-17)
(0.987684 -0.714804 0)
(-1.15369 -0.828251 1.23147e-18)
(-1.20099 -0.588429 0)
(-1.0955 -0.309469 0)
(-0.832455 -0.0387122 7.61102e-21)
(-0.453332 0.173972 -1.32955e-17)
(-0.0469277 0.283394 -3.15717e-17)
(0.301565 0.277776 -1.7009e-17)
(0.565848 0.180268 0)
(0.759084 0.0177852 -1.94002e-17)
(0.885358 -0.192594 5.3331e-18)
(0.936378 -0.414002 1.57882e-17)
(0.867899 -0.607936 7.267e-17)
(-1.03341 -0.595581 -1.21226e-18)
(-1.03792 -0.344273 1.33942e-18)
(-0.901374 -0.0730157 1.03441e-17)
(-0.631324 0.168994 -2.19453e-17)
(-0.27867 0.335217 -1.90402e-17)
(0.073499 0.394087 -3.08455e-18)
(0.361942 0.350729 3.26606e-17)
(0.577292 0.231766 1.49342e-17)
(0.733869 0.0600663 -1.95356e-17)
(0.832899 -0.150351 0)
(0.861491 -0.362785 -3.18832e-17)
(0.774224 -0.529331 4.48516e-19)
(-0.910741 -0.379777 2.39617e-18)
(-0.88232 -0.125394 0)
(-0.728082 0.130963 -1.13813e-17)
(-0.464404 0.342128 2.979e-18)
(-0.145455 0.467289 1.22304e-17)
(0.156852 0.48821 4.98335e-17)
(0.397597 0.419885 -2.67909e-17)
(0.57614 0.287497 -2.48361e-17)
(0.705232 0.11031 4.48268e-17)
(0.783977 -0.099934 -2.25483e-17)
(0.796608 -0.304833 0)
(0.682935 -0.436438 -7.12947e-17)
(-0.789296 -0.189123 -2.39732e-18)
(-0.737667 0.062605 0)
(-0.576616 0.301156 0)
(-0.328012 0.483734 8.84695e-18)
(-0.0446688 0.57625 3.01026e-17)
(0.214528 0.571284 -2.60139e-17)
(0.417808 0.488058 2.14441e-17)
(0.568195 0.348157 -2.04095e-17)
(0.675888 0.167976 -4.16177e-17)
(0.738538 -0.0428507 -1.10805e-19)
(0.737892 -0.243715 3.46286e-17)
(0.601081 -0.354756 0)
(-0.67135 -0.028238 1.21003e-18)
(-0.605292 0.217671 -5.16249e-18)
(-0.445534 0.438755 0)
(-0.216934 0.597566 0)
(0.032135 0.666852 -2.68909e-17)
(0.25526 0.646577 -2.04694e-17)
(0.428927 0.556425 0)
(0.557055 0.413563 2.13677e-17)
(0.647002 0.23219 1.66352e-17)
(0.695611 0.0198613 3.21403e-17)
(0.682368 -0.180298 -7.40975e-17)
(0.517444 -0.271197 1.86157e-16)
(-0.558 0.100725 -3.69627e-26)
(-0.484866 0.340113 6.521e-18)
(-0.332051 0.546491 -1.40578e-18)
(-0.125556 0.687822 -2.94885e-18)
(0.0922214 0.742997 6.10141e-18)
(0.285531 0.716099 2.11217e-17)
(0.435199 0.625264 0)
(0.544771 0.482998 0)
(0.618659 0.301826 2.46526e-17)
(0.653513 0.0871745 0)
(0.626442 -0.116476 3.07525e-17)
(0.434423 -0.195386 -1.93319e-16)
(-0.449248 0.197766 2.59727e-18)
(-0.374758 0.432123 5.44342e-18)
(-0.232551 0.628326 1.16248e-17)
(-0.0484302 0.759071 0)
(0.141469 0.808082 3.21504e-18)
(0.309967 0.781124 -9.81273e-18)
(0.439305 0.694274 1.3032e-17)
(0.532221 0.555313 -3.96928e-17)
(0.590126 0.375443 -2.13715e-17)
(0.609948 0.158095 0)
(0.566251 -0.0533236 9.6404e-17)
(0.347084 -0.128491 2.74204e-16)
(-0.34399 0.264865 -5.71725e-18)
(-0.272332 0.497475 -5.96623e-18)
(-0.142901 0.68925 -1.27003e-17)
(0.0194764 0.816141 3.33875e-18)
(0.184503 0.865212 -1.14894e-20)
(0.331781 0.842441 -3.62509e-18)
(0.442685 0.76278 0)
(0.519349 0.628942 -6.42567e-20)
(0.56006 0.451192 -8.84078e-18)
(0.562535 0.23114 9.68878e-17)
(0.498112 0.00784471 -1.2312e-16)
(0.252215 -0.0787394 -3.7102e-16)
(-0.242265 0.305805 3.55395e-18)
(-0.175887 0.541283 -7.47016e-18)
(-0.0600123 0.735266 1.53012e-17)
(0.0815774 0.863153 0)
(0.223886 0.916028 0)
(0.352263 0.899368 -2.65345e-17)
(0.445672 0.828599 2.78872e-17)
(0.50582 0.700576 1.22051e-16)
(0.527687 0.525544 9.30593e-17)
(0.510099 0.303617 1.4917e-17)
(0.419377 0.0635948 -2.21665e-17)
(0.152858 -0.0522226 0)
(-0.151208 0.325248 0)
(-0.0890498 0.569423 1.14086e-17)
(0.0148072 0.770658 -2.24939e-17)
(0.137732 0.901633 5.72041e-18)
(0.262028 0.960317 -6.03196e-18)
(0.36825 0.948808 5.08186e-17)
(0.44685 0.882449 -5.44428e-17)
(0.490267 0.760167 -1.23004e-16)
(0.491547 0.588741 -1.45125e-16)
(0.450712 0.371133 -1.93293e-16)
(0.3292 0.115577 3.70476e-16)
(0.056662 -0.0532953 -9.77838e-17)
(-0.0813607 0.318786 2.95405e-17)
(-0.027579 0.571443 -5.07384e-17)
(0.0592519 0.784391 0)
(0.158521 0.91464 -8.78994e-17)
(0.257025 0.991966 -8.82649e-17)
(0.354065 0.960187 0)
(0.39856 0.891544 2.34321e-17)
(0.417714 0.775161 -5.18379e-17)
(0.401997 0.624849 -2.22352e-19)
(0.350844 0.437405 4.05922e-17)
(0.220895 0.187411 -1.4869e-15)
(-0.00383689 -0.0576754 0)
(0.568548 -0.81816 -7.02541e-17)
(0.434685 -0.922967 -3.20537e-17)
(0.175566 -0.963839 2.12551e-17)
(-0.10768 -0.927261 0)
(-0.391248 -0.820121 1.39556e-17)
(-0.659763 -0.648442 3.47344e-18)
(-0.89701 -0.418754 -1.0217e-17)
(-1.08852 -0.14328 -5.16877e-18)
(-1.22275 0.159792 -8.58128e-18)
(-1.29118 0.473111 0)
(-1.29438 0.777093 3.99081e-18)
(-1.21825 1.06071 -1.09895e-18)
(0.522796 -0.690792 0)
(0.366059 -0.824876 3.3058e-17)
(0.130018 -0.85937 -2.17447e-17)
(-0.130563 -0.821801 0)
(-0.390422 -0.71867 1.09549e-17)
(-0.634046 -0.556519 3.56325e-18)
(-0.844862 -0.341465 -1.42578e-17)
(-1.00798 -0.0851483 -9.06586e-20)
(-1.11176 0.194785 0)
(-1.14867 0.480439 0)
(-1.11742 0.752342 0)
(-1.00956 0.992997 -1.1053e-18)
(0.437312 -0.632636 0)
(0.305796 -0.737486 2.07603e-17)
(0.0916001 -0.766445 2.28043e-17)
(-0.147413 -0.727702 0)
(-0.384218 -0.628302 -1.114e-17)
(-0.602669 -0.475244 7.42408e-18)
(-0.786211 -0.274662 2.00763e-17)
(-0.920079 -0.0378204 -3.74233e-18)
(-0.993078 0.218377 -5.61335e-18)
(-0.998666 0.475711 0)
(-0.935084 0.714817 -4.17485e-18)
(-0.798784 0.914829 1.09929e-18)
(0.372338 -0.557162 0)
(0.251924 -0.663026 -2.84601e-17)
(0.0564785 -0.686503 -3.80486e-17)
(-0.163627 -0.646757 0)
(-0.378745 -0.551206 -3.89067e-18)
(-0.572526 -0.407053 -1.1381e-17)
(-0.72884 -0.220683 1.52399e-17)
(-0.833515 -0.0031596 7.57903e-18)
(-0.876281 0.229437 -5.17035e-20)
(-0.85191 0.458799 1.00516e-18)
(-0.759162 0.665902 3.70369e-18)
(-0.598841 0.82887 -5.53363e-19)
(0.301494 -0.496004 2.27912e-17)
(0.201079 -0.599988 -1.50005e-17)
(0.0208323 -0.619559 2.01513e-17)
(-0.183356 -0.579527 4.34958e-18)
(-0.378775 -0.488468 2.03945e-17)
(-0.54908 -0.353359 -3.9706e-18)
(-0.679015 -0.180945 -2.95904e-17)
(-0.755329 0.0177204 1.79625e-20)
(-0.769161 0.227468 7.98703e-18)
(-0.716849 0.430087 -1.03302e-17)
(-0.598508 0.607269 0)
(-0.418763 0.737654 2.25357e-18)
(0.235651 -0.433779 0)
(0.151943 -0.546276 -7.98398e-18)
(-0.017754 -0.564321 5.47723e-18)
(-0.209778 -0.525644 0)
(-0.387997 -0.440316 -1.29201e-17)
(-0.53659 -0.314698 -1.67307e-17)
(-0.641645 -0.156087 1.23795e-17)
(-0.691117 0.0243507 -2.07377e-18)
(-0.677845 0.212467 2.0691e-18)
(-0.60004 0.390285 8.5338e-18)
(-0.459627 0.540492 0)
(-0.264476 0.643253 -2.29493e-18)
(0.17148 -0.372874 2.4488e-16)
(0.103311 -0.499069 6.18453e-17)
(-0.0615474 -0.518884 3.10873e-20)
(-0.245468 -0.484109 5.14322e-18)
(-0.40921 -0.406347 1.88367e-17)
(-0.538211 -0.291113 2.24367e-17)
(-0.620348 -0.146127 -4.39502e-18)
(-0.645052 0.0167843 0)
(-0.606932 0.184768 0)
(-0.50623 0.340158 0)
(-0.346909 0.466904 4.03869e-18)
(-0.139526 0.547129 5.91677e-19)
(0.112976 -0.309089 -2.61321e-16)
(0.0542532 -0.454914 -9.18323e-17)
(-0.112657 -0.480908 0)
(-0.292453 -0.453573 0)
(-0.444406 -0.385713 -3.72881e-17)
(-0.555988 -0.28186 2.01282e-17)
(-0.617371 -0.150542 -2.16228e-17)
(-0.619845 -0.00444413 -2.37806e-17)
(-0.559378 0.144977 2.34514e-18)
(-0.438421 0.280512 -1.19753e-18)
(-0.26284 0.387417 -3.65985e-18)
(-0.0453992 0.449979 -2.50215e-18)
(0.0640041 -0.240304 0)
(0.00346941 -0.40991 -1.2881e-17)
(-0.173188 -0.447809 9.04331e-18)
(-0.352144 -0.432341 7.33463e-18)
(-0.494692 -0.377261 2.5937e-17)
(-0.590787 -0.286138 -2.39375e-17)
(-0.633604 -0.168167 1.68707e-17)
(-0.616721 -0.0385187 4.39217e-17)
(-0.536506 0.0938219 0)
(-0.397791 0.211878 1.35001e-18)
(-0.207979 0.302405 -1.35581e-18)
(0.0183579 0.351673 2.76404e-18)
(0.0307155 -0.166032 0)
(-0.0505546 -0.36153 -1.9063e-17)
(-0.244293 -0.418347 6.90669e-20)
(-0.424075 -0.419219 9.21692e-17)
(-0.559446 -0.379697 -7.94859e-17)
(-0.642157 -0.302456 4.80736e-17)
(-0.669224 -0.198097 -3.72976e-18)
(-0.635513 -0.0838469 -3.60524e-17)
(-0.538239 0.0331306 3.46345e-18)
(-0.38423 0.136124 1.37874e-17)
(-0.181459 0.213592 0)
(0.0538473 0.25348 3.46936e-18)
(0.0191574 -0.091581 0)
(-0.116942 -0.303149 0)
(-0.328095 -0.389816 0)
(-0.505534 -0.412338 -1.2745e-16)
(-0.635651 -0.391192 2.3294e-16)
(-0.708791 -0.327034 -6.20329e-17)
(-0.720669 -0.23663 5.8739e-18)
(-0.673741 -0.135317 -5.65116e-18)
(-0.562837 -0.0307108 0)
(-0.396924 0.0611717 -4.98684e-17)
(-0.182218 0.130773 2.78138e-17)
(0.0636273 0.165465 -7.28988e-18)
(0.0269511 -0.018947 2.00561e-15)
(-0.187955 -0.249491 0)
(-0.423891 -0.345567 -3.37885e-17)
(-0.58823 -0.381866 2.54385e-16)
(-0.711889 -0.381091 -1.72312e-16)
(-0.782838 -0.346502 -6.43489e-17)
(-0.787875 -0.256043 1.30527e-16)
(-0.72618 -0.171415 -2.41041e-17)
(-0.60355 -0.0788633 1.26996e-17)
(-0.427957 0.00247885 1.13714e-16)
(-0.207181 0.0660256 -6.66579e-17)
(0.0447265 0.0973207 -3.62932e-17)
(-1.06312 1.26159 -1.25329e-18)
(-0.845796 1.35834 -1.47015e-18)
(-0.572761 1.29785 1.68503e-18)
(-0.284076 1.06129 0)
(-0.0271312 0.673571 -1.77427e-17)
(0.143193 0.218523 -1.00641e-17)
(0.192163 -0.199606 3.00742e-17)
(0.129331 -0.52683 1.58888e-17)
(-0.0160532 -0.768279 0)
(-0.222394 -0.930912 1.42679e-19)
(-0.452104 -1.0144 -3.06284e-17)
(-0.705781 -0.977572 -5.5165e-17)
(-0.827673 1.14899 -2.47021e-18)
(-0.588479 1.19502 -1.39705e-18)
(-0.310723 1.08908 -1.09389e-17)
(-0.0414299 0.826968 3.30226e-18)
(0.170275 0.450257 9.97529e-18)
(0.279557 0.0471371 -3.1609e-17)
(0.274816 -0.298399 -1.69748e-17)
(0.178879 -0.560596 0)
(0.0183585 -0.752404 0)
(-0.189789 -0.87768 -1.5865e-17)
(-0.408911 -0.927809 -7.8223e-18)
(-0.600651 -0.858811 -5.87841e-17)
(-0.595638 1.02895 6.04779e-19)
(-0.34515 1.03251 6.06928e-18)
(-0.07512 0.895815 1.18269e-17)
(0.165572 0.626815 0)
(0.330935 0.276439 -9.54052e-18)
(0.389777 -0.0728009 3.9237e-17)
(0.347334 -0.358704 -1.63811e-17)
(0.229918 -0.572281 0)
(0.0601369 -0.727606 0)
(-0.148053 -0.825735 0)
(-0.358097 -0.853464 0)
(-0.521974 -0.765656 6.4642e-17)
(-0.38048 0.906597 0)
(-0.127062 0.877496 -3.9368e-18)
(0.12805 0.723341 -1.43323e-18)
(0.337969 0.460788 3.01149e-18)
(0.462336 0.143986 6.11253e-18)
(0.483297 -0.155718 -2.6339e-17)
(0.415897 -0.394284 5.26441e-18)
(0.285025 -0.571302 0)
(0.109718 -0.699289 -1.99695e-17)
(-0.0983042 -0.77723 1.68973e-17)
(-0.300756 -0.789042 -2.4862e-17)
(-0.430103 -0.675089 -7.23883e-17)
(-0.190434 0.785537 1.80531e-18)
(0.060191 0.733448 6.48771e-19)
(0.297465 0.572655 0)
(0.478826 0.325235 -2.94579e-18)
(0.570589 0.0438968 -1.80743e-17)
(0.5657 -0.213006 -2.89431e-18)
(0.483378 -0.41441 -7.82609e-20)
(0.344941 -0.563477 -2.03877e-17)
(0.166593 -0.670179 1.55348e-17)
(-0.0420057 -0.732139 -1.77986e-17)
(-0.24035 -0.730721 3.44529e-17)
(-0.348854 -0.593779 -3.09024e-19)
(-0.0301269 0.668023 -3.02849e-18)
(0.214563 0.601691 1.93338e-18)
(0.434333 0.442334 -1.39535e-18)
(0.591939 0.214958 2.92253e-18)
(0.660495 -0.032274 2.38935e-17)
(0.640313 -0.253387 2.92183e-18)
(0.551001 -0.425433 1.65117e-17)
(0.409525 -0.552404 3.73915e-17)
(0.229927 -0.641459 5.54138e-18)
(0.0198108 -0.689505 0)
(-0.177793 -0.675552 0)
(-0.266065 -0.510905 9.38814e-17)
(0.0983168 0.555158 -1.85041e-26)
(0.336384 0.481904 -3.93819e-18)
(0.54141 0.3296 -1.26383e-17)
(0.681542 0.124333 0)
(0.736003 -0.091788 0)
(0.709186 -0.28333 -6.04917e-18)
(0.619081 -0.43159 5.84413e-18)
(0.478099 -0.540135 -4.6408e-17)
(0.29862 -0.613223 -3.08036e-17)
(0.0861437 -0.647668 1.44225e-17)
(-0.114964 -0.619931 7.20276e-17)
(-0.190906 -0.428701 2.23609e-16)
(0.194922 0.446921 1.95278e-18)
(0.427884 0.372437 7.47655e-18)
(0.622697 0.230808 2.17963e-17)
(0.75224 0.0479088 -2.47223e-17)
(0.800533 -0.140516 -2.25669e-17)
(0.773616 -0.307457 -9.80249e-18)
(0.687364 -0.435551 6.49249e-18)
(0.54955 -0.527569 2.63592e-17)
(0.37128 -0.584754 8.54653e-17)
(0.156039 -0.604331 6.78328e-17)
(-0.052889 -0.560127 2.36214e-19)
(-0.124828 -0.342194 2.79095e-19)
(0.261723 0.342222 -2.8573e-18)
(0.492876 0.270645 -5.99527e-18)
(0.683215 0.141861 -1.27248e-17)
(0.808855 -0.0193693 5.03622e-17)
(0.857184 -0.183051 2.7942e-17)
(0.834408 -0.328974 3.62996e-18)
(0.755184 -0.438769 -3.00141e-17)
(0.622352 -0.514648 0)
(0.44609 -0.554756 1.15803e-19)
(0.22805 -0.557154 -1.7194e-16)
(0.00720782 -0.492412 -1.38175e-16)
(-0.0761687 -0.247983 4.70893e-17)
(0.302518 0.241068 0)
(0.5365 0.174831 9.30674e-18)
(0.728939 0.05965 -1.72707e-17)
(0.85554 -0.0809366 -3.17684e-17)
(0.907654 -0.221997 -2.93887e-17)
(0.890913 -0.349192 -1.3285e-17)
(0.820433 -0.441626 -1.00107e-19)
(0.693276 -0.501083 -7.13498e-17)
(0.519583 -0.52251 -1.97966e-16)
(0.299596 -0.505017 1.32908e-16)
(0.0620053 -0.414106 0)
(-0.0508543 -0.149222 -1.14407e-15)
(0.321967 0.150549 0)
(0.56461 0.0886067 -2.01584e-17)
(0.76419 -0.0145814 1.97375e-17)
(0.893838 -0.136597 -5.745e-18)
(0.951731 -0.259726 1.02689e-16)
(0.940063 -0.364985 5.11424e-17)
(0.874005 -0.442693 5.46451e-17)
(0.752458 -0.485541 1.23387e-16)
(0.582272 -0.486581 1.45528e-16)
(0.366492 -0.446081 0)
(0.112985 -0.324542 0)
(-0.0529348 -0.0537328 7.84768e-16)
(0.31582 0.0811067 -1.48249e-17)
(0.56697 0.027526 1.08128e-16)
(0.778077 -0.0586969 4.04247e-17)
(0.907004 -0.157251 8.84107e-17)
(0.983343 -0.254889 -8.86265e-17)
(0.951653 -0.350993 -3.18753e-17)
(0.883454 -0.395024 2.35247e-17)
(0.767914 -0.413946 -2.61258e-17)
(0.618758 -0.398338 2.9922e-17)
(0.432539 -0.347476 0)
(0.183667 -0.217873 0)
(-0.057783 0.00541069 1.49569e-15)
(-0.818669 -0.570098 0)
(-0.923545 -0.436645 -3.17758e-17)
(-0.964522 -0.17766 4.25262e-18)
(-0.928226 0.105568 0)
(-0.821299 0.389516 0)
(-0.649632 0.658694 3.47149e-18)
(-0.419739 0.896845 5.09294e-18)
(-0.143977 1.08943 -1.69999e-18)
(0.159498 1.22493 6.85611e-18)
(0.473469 1.29485 0)
(0.778692 1.29975 3.99837e-18)
(1.06474 1.2259 1.11445e-18)
(-0.691867 -0.524534 0)
(-0.825708 -0.367819 0)
(-0.860273 -0.13172 -1.75828e-17)
(-0.822903 0.128995 0)
(-0.719873 0.389296 -3.62847e-18)
(-0.557609 0.633585 7.13616e-18)
(-0.342209 0.845269 -1.77719e-17)
(-0.0854451 1.00943 -1.77868e-18)
(0.195057 1.11446 1.78143e-18)
(0.481523 1.1528 7.57379e-18)
(0.754742 1.12313 0)
(0.997481 1.01726 -1.10139e-18)
(-0.633841 -0.438684 0)
(-0.738502 -0.307283 -6.85022e-18)
(-0.767497 -0.092932 2.71762e-17)
(-0.728885 0.146311 -3.9543e-18)
(-0.629501 0.383592 0)
(-0.476232 0.60269 -1.10963e-17)
(-0.275183 0.787034 2.56167e-17)
(-0.0377372 0.92184 0)
(0.219195 0.995939 0)
(0.477486 1.00281 -6.75391e-18)
(0.717895 0.940434 3.14397e-18)
(0.919554 0.805691 1.10803e-18)
(-0.558416 -0.373678 0)
(-0.664152 -0.253183 0)
(-0.687634 -0.0574872 -1.91097e-17)
(-0.647974 0.162909 4.11341e-18)
(-0.552371 0.378521 -3.88982e-18)
(-0.407947 0.572907 3.43036e-17)
(-0.221006 0.729935 -3.66876e-18)
(-0.00276218 0.835393 9.53019e-18)
(0.230719 0.879038 -9.62531e-18)
(0.461123 0.855638 8.01855e-18)
(0.669495 0.763625 -4.23017e-18)
(0.833625 0.604393 -1.10937e-18)
(-0.497247 -0.302611 0)
(-0.601156 -0.202114 3.00775e-17)
(-0.62072 -0.0215543 2.01346e-17)
(-0.580744 0.182958 0)
(-0.489588 0.378871 -1.22486e-17)
(-0.354171 0.549721 -2.37852e-17)
(-0.181118 0.680263 -2.56191e-17)
(0.0183465 0.757178 5.98813e-18)
(0.229087 0.771607 7.95226e-18)
(0.432784 0.719923 -8.22673e-18)
(0.611147 0.601791 0)
(0.742255 0.422627 0)
(-0.434926 -0.236614 0)
(-0.547437 -0.152773 -3.19837e-17)
(-0.565474 0.017289 5.45158e-18)
(-0.526839 0.209652 -4.66904e-18)
(-0.441387 0.388355 1.72479e-17)
(-0.315452 0.537422 4.18665e-18)
(-0.156167 0.642966 1.2364e-17)
(0.0251056 0.692843 -3.50215e-17)
(0.21427 0.679876 2.06505e-18)
(0.39315 0.602306 -1.07117e-18)
(0.544446 0.461611 1.10708e-18)
(0.647531 0.266535 0)
(-0.373899 -0.172263 0)
(-0.500182 -0.10395 -7.06869e-17)
(-0.520007 0.0613236 0)
(-0.485274 0.245585 -2.05694e-17)
(-0.407381 0.409794 1.41338e-17)
(-0.291838 0.539196 2.69772e-17)
(-0.146179 0.6217 -2.18115e-18)
(0.0175625 0.646616 1.5228e-17)
(0.186599 0.608509 0)
(0.343 0.507684 -1.1184e-18)
(0.470704 0.347622 1.14687e-18)
(0.550944 0.139825 0)
(-0.309923 -0.113593 0)
(-0.455941 -0.0547128 -1.03937e-17)
(-0.481972 0.112669 7.14158e-18)
(-0.454707 0.292789 -2.37355e-17)
(-0.386717 0.445204 -4.26323e-17)
(-0.282598 0.55711 -1.50212e-17)
(-0.150627 0.618755 -4.78807e-18)
(-0.00375335 0.621258 -2.13781e-17)
(0.146689 0.560544 2.34004e-18)
(0.283137 0.439123 -1.07315e-17)
(0.390904 0.262418 1.21409e-18)
(0.453228 0.0441489 0)
(-0.240937 -0.0645093 -3.89545e-16)
(-0.410794 -0.0037531 1.03344e-16)
(-0.448826 0.173407 -6.32191e-17)
(-0.4334 0.3527 -7.44243e-18)
(-0.378279 0.495677 2.59458e-17)
(-0.286891 0.592064 6.01066e-18)
(-0.168377 0.635028 -5.60877e-18)
(-0.037982 0.618041 -6.3062e-20)
(0.0952581 0.537334 0)
(0.214153 0.397883 1.07184e-17)
(0.305397 0.206598 0)
(0.354279 -0.0208878 0)
(-0.166373 -0.0312018 5.69368e-16)
(-0.362256 0.050433 -1.72208e-16)
(-0.419307 0.244651 1.17658e-16)
(-0.420164 0.424837 8.19227e-17)
(-0.380752 0.560587 8.83999e-18)
(-0.303221 0.643595 3.20729e-17)
(-0.198498 0.670709 -3.38726e-17)
(-0.0835141 0.636803 2.15732e-17)
(0.0341661 0.53884 3.45498e-18)
(0.137929 0.383856 1.37487e-17)
(0.215981 0.179294 -6.86211e-18)
(0.25537 -0.0574277 0)
(-0.0915858 -0.0195563 0)
(-0.303679 0.116951 2.47218e-16)
(-0.390643 0.328578 -1.84364e-16)
(-0.413198 0.506421 3.19062e-17)
(-0.392221 0.636939 -2.74291e-17)
(-0.327851 0.710363 -4.96796e-17)
(-0.237219 0.722277 6.41571e-17)
(-0.135261 0.675065 -5.64121e-18)
(-0.0301033 0.563338 0)
(0.062442 0.396242 -2.33486e-17)
(0.132561 0.179381 3.49915e-17)
(0.166624 -0.0680917 0)
(-0.0187996 -0.0274317 -1.99408e-15)
(-0.249756 0.187989 5.03536e-16)
(-0.346097 0.424344 2.70957e-16)
(-0.382455 0.589059 0)
(-0.381835 0.713068 -1.97034e-16)
(-0.3472 0.784294 -2.24781e-16)
(-0.256705 0.789723 7.12316e-17)
(-0.171551 0.727607 -1.20991e-17)
(-0.0786375 0.604056 1.26789e-17)
(0.00327637 0.427105 0)
(0.0672886 0.203816 1.65392e-19)
(0.097832 -0.0500148 1.80842e-17)
)
;

boundaryField
{
    rotor
    {
        type            noSlip;
    }
    stator
    {
        type            noSlip;
    }
    front
    {
        type            empty;
    }
    back
    {
        type            empty;
    }
}


// ************************************************************************* //
