/*--------------------------------*- C++ -*----------------------------------*\
| =========                 |                                                 |
| \\      /  F ield         | OpenFOAM: The Open Source CFD Toolbox           |
|  \\    /   O peration     | Version:  v1912                                 |
|   \\  /    A nd           | Website:  www.openfoam.com                      |
|    \\/     M anipulation  |                                                 |
\*---------------------------------------------------------------------------*/
FoamFile
{
    version     2.0;
    format      ascii;
    class       surfaceScalarField;
    location    "400";
    object      phi;
}
// * * * * * * * * * * * * * * * * * * * * * * * * * * * * * * * * * * * * * //

dimensions      [0 3 -1 0 0 0 0];
oriented        oriented;


internalField   nonuniform List<scalar> 
5952
(
5.16663e-06
-5.15823e-06
8.75766e-06
-3.59211e-06
1.14661e-05
-2.70793e-06
1.29094e-05
-1.44348e-06
1.29215e-05
-1.16967e-08
1.08623e-05
2.06164e-06
6.11714e-06
4.74521e-06
-1.33277e-06
7.452e-06
-1.50495e-05
1.37164e-05
-2.88923e-05
1.38429e-05
-3.91182e-05
1.02255e-05
7.98478e-06
-4.71033e-05
1.56342e-06
-6.72113e-06
3.79386e-06
-5.82317e-06
3.82447e-06
-2.73796e-06
1.82758e-06
5.53647e-07
-2.7226e-06
4.53935e-06
-1.11598e-05
1.04997e-05
-2.29563e-05
1.65421e-05
-3.39463e-05
1.84423e-05
-3.87816e-05
1.85518e-05
-4.10688e-05
1.613e-05
-4.35933e-05
1.27501e-05
1.00612e-05
-4.56699e-05
1.13614e-06
-7.85717e-06
6.38996e-07
-5.32614e-06
-1.89986e-06
-1.98867e-07
-7.55834e-06
6.21242e-06
-1.65423e-05
1.35237e-05
-2.53457e-05
1.93035e-05
-3.04229e-05
2.16196e-05
-3.31699e-05
2.11894e-05
-3.41967e-05
1.95787e-05
-3.47432e-05
1.66764e-05
-3.55878e-05
1.35946e-05
1.07379e-05
-3.62646e-05
-1.89532e-06
-5.96176e-06
-5.12642e-06
-2.09499e-06
-1.01318e-05
4.80669e-06
-1.65825e-05
1.26633e-05
-2.22584e-05
1.91998e-05
-2.55145e-05
2.25598e-05
-2.67874e-05
2.28926e-05
-2.71475e-05
2.15497e-05
-2.71003e-05
1.95315e-05
-2.71144e-05
1.66904e-05
-2.7252e-05
1.37321e-05
1.08397e-05
-2.73539e-05
-3.74888e-06
-2.21257e-06
-8.71924e-06
2.87552e-06
-1.37274e-05
9.8151e-06
-1.78552e-05
1.67914e-05
-2.01578e-05
2.15027e-05
-2.06691e-05
2.30713e-05
-2.03131e-05
2.25367e-05
-1.96746e-05
2.09114e-05
-1.88945e-05
1.87514e-05
-1.83362e-05
1.61321e-05
-1.79787e-05
1.33745e-05
1.05915e-05
-1.77306e-05
-4.85028e-06
2.63796e-06
-9.59641e-06
7.62212e-06
-1.32305e-05
1.34495e-05
-1.51251e-05
1.86865e-05
-1.52451e-05
2.16232e-05
-1.43162e-05
2.21427e-05
-1.30179e-05
2.12387e-05
-1.17058e-05
1.95993e-05
-1.05119e-05
1.75576e-05
-9.58366e-06
1.52038e-05
-8.90682e-06
1.26977e-05
1.01081e-05
-8.42351e-06
-5.03612e-06
7.67506e-06
-8.9764e-06
1.15629e-05
-1.1081e-05
1.55546e-05
-1.11372e-05
1.87432e-05
-9.73893e-06
2.02253e-05
-7.76691e-06
2.01711e-05
-5.73669e-06
1.92087e-05
-3.87981e-06
1.77427e-05
-2.28707e-06
1.5965e-05
-1.01889e-06
1.39358e-05
-5.48909e-08
1.17337e-05
9.40025e-06
6.52999e-07
-4.94308e-06
1.26186e-05
-7.81692e-06
1.44371e-05
-8.32679e-06
1.60649e-05
-6.82955e-06
1.72463e-05
-4.24676e-06
1.76428e-05
-1.38604e-06
1.73106e-05
1.33612e-06
1.64867e-05
3.74079e-06
1.53382e-05
5.76738e-06
1.39385e-05
7.39795e-06
1.23053e-05
8.66509e-06
1.04666e-05
8.44665e-06
9.61874e-06
-4.38108e-06
1.70002e-05
-6.05034e-06
1.61066e-05
-4.85212e-06
1.48668e-05
-1.96121e-06
1.43555e-05
1.6694e-06
1.40124e-05
5.34165e-06
1.36385e-05
8.70488e-06
1.31236e-05
1.16209e-05
1.24223e-05
1.40564e-05
1.15032e-05
1.60229e-05
1.03387e-05
1.75695e-05
8.92016e-06
7.26224e-06
1.87539e-05
-3.9748e-06
2.0975e-05
-2.95481e-06
1.50867e-05
7.21349e-07
1.11907e-05
5.09518e-06
9.98177e-06
9.62216e-06
9.48552e-06
1.38637e-05
9.39705e-06
1.76037e-05
9.38382e-06
2.07776e-05
9.24842e-06
2.33967e-05
8.88416e-06
2.55056e-05
8.22987e-06
2.71732e-05
7.25256e-06
5.96997e-06
2.84655e-05
4.72377e-07
2.05028e-05
5.98683e-06
9.57229e-06
1.18873e-05
5.29023e-06
1.72664e-05
4.60275e-06
2.20021e-05
4.74989e-06
2.60675e-05
5.33176e-06
2.94978e-05
5.95362e-06
3.23419e-05
6.40447e-06
3.46601e-05
6.56604e-06
3.65162e-05
6.37379e-06
3.79903e-05
5.77859e-06
4.81503e-06
3.91453e-05
2.01742e-05
3.28541e-07
2.83855e-05
1.36094e-06
3.34601e-05
2.15552e-07
3.7377e-05
6.85831e-07
4.04221e-05
1.70488e-06
4.29274e-05
2.82651e-06
4.50312e-05
3.84994e-06
4.67769e-05
4.65882e-06
4.81976e-05
5.14541e-06
4.9327e-05
5.24446e-06
5.02308e-05
4.87479e-06
5.0953e-05
4.09282e-06
-5.27068e-05
5.60329e-06
-5.6351e-05
3.64401e-06
-5.80023e-05
1.65129e-06
-5.78786e-05
-1.23757e-07
-5.60191e-05
-1.85949e-06
-5.24424e-05
-3.57668e-06
-4.69357e-05
-5.50664e-06
-3.94879e-05
-7.44774e-06
-2.99258e-05
-9.56195e-06
-1.84723e-05
-1.14534e-05
-7.05865e-06
-1.14134e-05
-7.05853e-06
-4.72047e-05
7.13808e-06
-4.80247e-05
4.46394e-06
-4.826e-05
1.88662e-06
-4.78259e-05
-5.57891e-07
-4.66781e-05
-3.00715e-06
-4.46078e-05
-5.64697e-06
-4.15504e-05
-8.56389e-06
-3.717e-05
-1.18279e-05
-3.12777e-05
-1.54541e-05
-2.35855e-05
-1.91454e-05
-1.31393e-05
-2.18593e-05
-2.01978e-05
-3.69258e-05
7.79929e-06
-3.74101e-05
4.9481e-06
-3.76396e-05
2.11619e-06
-3.74445e-05
-7.52977e-07
-3.66736e-05
-3.77792e-06
-3.52625e-05
-7.05798e-06
-3.31074e-05
-1.07189e-05
-3.00777e-05
-1.48575e-05
-2.6087e-05
-1.94447e-05
-2.06571e-05
-2.45752e-05
-1.2784e-05
-2.97323e-05
-3.29817e-05
-2.74537e-05
7.89899e-06
-2.74721e-05
4.96645e-06
-2.7352e-05
1.99608e-06
-2.70184e-05
-1.08656e-06
-2.64071e-05
-4.38914e-06
-2.54503e-05
-8.01474e-06
-2.40594e-05
-1.21098e-05
-2.21075e-05
-1.68093e-05
-1.93871e-05
-2.2165e-05
-1.54097e-05
-2.85525e-05
-9.41493e-06
-3.57269e-05
-4.23966e-05
-1.75795e-05
7.7478e-06
-1.74666e-05
4.85356e-06
-1.73366e-05
1.86602e-06
-1.71373e-05
-1.28585e-06
-1.68276e-05
-4.69885e-06
-1.63599e-05
-8.48242e-06
-1.56759e-05
-1.27936e-05
-1.47142e-05
-1.7771e-05
-1.32738e-05
-2.36053e-05
-1.11378e-05
-3.06883e-05
-7.42932e-06
-3.94353e-05
-4.98258e-05
-8.10218e-06
7.42643e-06
-7.89707e-06
4.64843e-06
-7.76794e-06
1.7369e-06
-7.68363e-06
-1.37012e-06
-7.62319e-06
-4.75924e-06
-7.56664e-06
-8.53886e-06
-7.5097e-06
-1.28504e-05
-7.41632e-06
-1.78642e-05
-7.17242e-06
-2.3849e-05
-6.59707e-06
-3.12635e-05
-4.86916e-06
-4.1163e-05
-5.46949e-05
1.14312e-06
6.93634e-06
1.45256e-06
4.33903e-06
1.60833e-06
1.58121e-06
1.6233e-06
-1.38501e-06
1.49561e-06
-4.63141e-06
1.21082e-06
-8.25396e-06
7.40422e-07
-1.23799e-05
6.6042e-08
-1.71897e-05
-7.89066e-07
-2.29938e-05
-1.70675e-06
-3.03456e-05
-2.2268e-06
-4.06427e-05
-5.69216e-05
1.03039e-05
6.25121e-06
1.0754e-05
3.88904e-06
1.09877e-05
1.34754e-06
1.10046e-05
-1.40177e-06
1.07837e-05
-4.41037e-06
1.02812e-05
-7.75125e-06
9.42241e-06
-1.15209e-05
8.11415e-06
-1.58813e-05
6.2616e-06
-2.1141e-05
3.84425e-06
-2.79282e-05
1.24232e-06
-3.80406e-05
-5.56791e-05
1.96322e-05
5.37294e-06
2.02386e-05
3.28271e-06
2.05898e-05
9.96508e-07
2.06767e-05
-1.48853e-06
2.04644e-05
-4.19791e-06
1.98849e-05
-7.17158e-06
1.88146e-05
-1.04505e-05
1.70757e-05
-1.41422e-05
1.44224e-05
-1.84876e-05
1.05977e-05
-2.41033e-05
5.69588e-06
-3.31385e-05
-4.99832e-05
2.94524e-05
4.3861e-06
3.01682e-05
2.56696e-06
3.0632e-05
5.32859e-07
3.08306e-05
-1.687e-06
3.07182e-05
-4.08539e-06
3.02087e-05
-6.66186e-06
2.9136e-05
-9.37769e-06
2.72459e-05
-1.2252e-05
2.41277e-05
-1.53692e-05
1.92762e-05
-1.92517e-05
1.18788e-05
-2.5741e-05
-3.81042e-05
4.00651e-05
3.46633e-06
4.07744e-05
1.85781e-06
4.12951e-05
1.22953e-08
4.16119e-05
-2.0037e-06
4.16705e-05
-4.14378e-06
4.13721e-05
-6.36331e-06
4.05243e-05
-8.5298e-06
3.8831e-05
-1.05586e-05
3.57422e-05
-1.22804e-05
3.05225e-05
-1.40319e-05
2.06619e-05
-1.58802e-05
-1.74423e-05
5.15975e-05
2.82187e-06
5.21634e-05
1.29205e-06
5.26735e-05
-4.97707e-07
5.31047e-05
-2.43475e-06
5.33897e-05
-4.42876e-06
5.34203e-05
-6.39374e-06
5.30022e-05
-8.11167e-06
5.18677e-05
-9.42396e-06
4.94929e-05
-9.90545e-06
4.49407e-05
-9.47973e-06
3.45781e-05
-5.51756e-06
1.7136e-05
5.16342e-06
-5.16327e-06
8.75665e-06
-3.59403e-06
1.14663e-05
-2.70956e-06
1.29105e-05
-1.44421e-06
1.29231e-05
-1.26982e-08
1.08663e-05
2.05941e-06
6.12229e-06
4.74371e-06
-1.3217e-06
7.44629e-06
-1.50363e-05
1.37141e-05
-2.88838e-05
1.38478e-05
-3.91122e-05
1.02282e-05
7.9873e-06
-4.70997e-05
1.56328e-06
-6.72635e-06
3.79588e-06
-5.827e-06
3.82728e-06
-2.74078e-06
1.83186e-06
5.51347e-07
-2.71634e-06
4.53583e-06
-1.11506e-05
1.04944e-05
-2.29467e-05
1.654e-05
-3.39432e-05
1.84431e-05
-3.87831e-05
1.85541e-05
-4.10695e-05
1.61341e-05
-4.35942e-05
1.27528e-05
1.00636e-05
-4.56707e-05
1.13573e-06
-7.86184e-06
6.39958e-07
-5.33133e-06
-1.89719e-06
-2.03553e-07
-7.55265e-06
6.20695e-06
-1.65352e-05
1.35185e-05
-2.53423e-05
1.93018e-05
-3.04233e-05
2.16211e-05
-3.3172e-05
2.11919e-05
-3.41998e-05
1.95818e-05
-3.47456e-05
1.66799e-05
-3.55901e-05
1.35972e-05
1.07401e-05
-3.62668e-05
-1.89537e-06
-5.96621e-06
-5.12504e-06
-2.1016e-06
-1.01285e-05
4.80014e-06
-1.65794e-05
1.2658e-05
-2.22583e-05
1.91976e-05
-2.55171e-05
2.25608e-05
-2.67909e-05
2.2895e-05
-2.71513e-05
2.15524e-05
-2.71039e-05
1.95344e-05
-2.71175e-05
1.66933e-05
-2.72548e-05
1.37344e-05
1.08415e-05
-2.73563e-05
-3.74894e-06
-2.21697e-06
-8.71886e-06
2.86888e-06
-1.37279e-05
9.80926e-06
-1.78576e-05
1.6788e-05
-2.0162e-05
2.15023e-05
-2.06739e-05
2.30728e-05
-2.03175e-05
2.25389e-05
-1.96789e-05
2.09137e-05
-1.88982e-05
1.87537e-05
-1.83393e-05
1.61342e-05
-1.79812e-05
1.33763e-05
1.05928e-05
-1.77327e-05
-4.84978e-06
2.63458e-06
-9.59785e-06
7.61712e-06
-1.32336e-05
1.34457e-05
-1.51297e-05
1.86846e-05
-1.52504e-05
2.16234e-05
-1.43211e-05
2.2144e-05
-1.30224e-05
2.12403e-05
-1.17095e-05
1.96011e-05
-1.05151e-05
1.75592e-05
-9.58616e-06
1.52054e-05
-8.90889e-06
1.26989e-05
1.0109e-05
-8.42512e-06
-5.03723e-06
7.67249e-06
-8.97895e-06
1.15598e-05
-1.10851e-05
1.55522e-05
-1.11422e-05
1.87423e-05
-9.74376e-06
2.02256e-05
-7.77129e-06
2.0172e-05
-5.74037e-06
1.92098e-05
-3.88292e-06
1.77439e-05
-2.28955e-06
1.59661e-05
-1.02085e-06
1.39367e-05
-5.63859e-08
1.17345e-05
9.40075e-06
6.51875e-07
-4.94442e-06
1.26178e-05
-7.81988e-06
1.44354e-05
-8.33072e-06
1.60636e-05
-6.83376e-06
1.72457e-05
-4.2507e-06
1.76429e-05
-1.38949e-06
1.73111e-05
1.33323e-06
1.64874e-05
3.73845e-06
1.53389e-05
5.76556e-06
1.39391e-05
7.3966e-06
1.23058e-05
8.66414e-06
1.0467e-05
8.44679e-06
9.61812e-06
-4.3826e-06
1.70007e-05
-6.05276e-06
1.61061e-05
-4.85512e-06
1.4866e-05
-1.96429e-06
1.43551e-05
1.66656e-06
1.40123e-05
5.33922e-06
1.36386e-05
8.70292e-06
1.31239e-05
1.16194e-05
1.24225e-05
1.40553e-05
1.15034e-05
1.60223e-05
1.03389e-05
1.75691e-05
8.92017e-06
7.26209e-06
1.87539e-05
-3.97545e-06
2.09767e-05
-2.95589e-06
1.50865e-05
7.19979e-07
1.11904e-05
5.09367e-06
9.98147e-06
9.6208e-06
9.48532e-06
1.38626e-05
9.39697e-06
1.76029e-05
9.3838e-06
2.07771e-05
9.24842e-06
2.33965e-05
8.88411e-06
2.55057e-05
8.22975e-06
2.71736e-05
7.25232e-06
5.96961e-06
2.84661e-05
4.72813e-07
2.05041e-05
5.98724e-06
9.57238e-06
1.18875e-05
5.29001e-06
1.72666e-05
4.60249e-06
2.20024e-05
4.74968e-06
2.60679e-05
5.33159e-06
2.94984e-05
5.9535e-06
3.23426e-05
6.40433e-06
3.46609e-05
6.56586e-06
3.65172e-05
6.37354e-06
3.79914e-05
5.77822e-06
4.81455e-06
3.91465e-05
2.01754e-05
3.28979e-07
2.8387e-05
1.36076e-06
3.34616e-05
2.1562e-07
3.73784e-05
6.8575e-07
4.04234e-05
1.70474e-06
4.29287e-05
2.82634e-06
4.50325e-05
3.84977e-06
4.67783e-05
4.65862e-06
4.81991e-05
5.14517e-06
4.93285e-05
5.24415e-06
5.02324e-05
4.87439e-06
5.09547e-05
4.0923e-06
-5.27045e-05
5.60468e-06
-5.63504e-05
3.64572e-06
-5.80023e-05
1.65198e-06
-5.78794e-05
-1.22986e-07
-5.60201e-05
-1.85927e-06
-5.24438e-05
-3.5764e-06
-4.6937e-05
-5.50673e-06
-3.94891e-05
-7.44783e-06
-2.99268e-05
-9.5623e-06
-1.8473e-05
-1.14538e-05
-7.05894e-06
-1.14139e-05
-7.05889e-06
-4.72061e-05
7.14015e-06
-4.8026e-05
4.4655e-06
-4.82616e-05
1.88757e-06
-4.78274e-05
-5.57263e-07
-4.66797e-05
-3.00685e-06
-4.46092e-05
-5.64691e-06
-4.15518e-05
-8.56409e-06
-3.71713e-05
-1.18283e-05
-3.12788e-05
-1.54547e-05
-2.35863e-05
-1.91462e-05
-1.31399e-05
-2.18602e-05
-2.01987e-05
-3.69278e-05
7.80105e-06
-3.74118e-05
4.94941e-06
-3.76413e-05
2.11704e-06
-3.74461e-05
-7.5252e-07
-3.66751e-05
-3.77782e-06
-3.52638e-05
-7.05818e-06
-3.31085e-05
-1.07193e-05
-3.00787e-05
-1.48581e-05
-2.60878e-05
-1.94456e-05
-2.06577e-05
-2.45763e-05
-1.27843e-05
-2.97335e-05
-3.2983e-05
-2.74558e-05
7.90039e-06
-2.74739e-05
4.96742e-06
-2.73535e-05
1.99659e-06
-2.70197e-05
-1.08641e-06
-2.64082e-05
-4.38931e-06
-2.54512e-05
-8.01517e-06
-2.40601e-05
-1.21104e-05
-2.21081e-05
-1.68101e-05
-1.93876e-05
-2.21661e-05
-1.54102e-05
-2.85537e-05
-9.41522e-06
-3.57283e-05
-4.23982e-05
-1.75812e-05
7.74878e-06
-1.7468e-05
4.85414e-06
-1.73377e-05
1.86623e-06
-1.71382e-05
-1.28596e-06
-1.68283e-05
-4.69923e-06
-1.63604e-05
-8.48302e-06
-1.56765e-05
-1.27944e-05
-1.47146e-05
-1.77719e-05
-1.32742e-05
-2.36065e-05
-1.11381e-05
-3.06897e-05
-7.42956e-06
-3.94369e-05
-4.98278e-05
-8.10345e-06
7.42701e-06
-7.89803e-06
4.64868e-06
-7.76867e-06
1.73683e-06
-7.68417e-06
-1.37046e-06
-7.62357e-06
-4.75981e-06
-7.56694e-06
-8.53964e-06
-7.50991e-06
-1.28514e-05
-7.41651e-06
-1.78653e-05
-7.17259e-06
-2.38503e-05
-6.59727e-06
-3.1265e-05
-4.86932e-06
-4.11647e-05
-5.4697e-05
1.14233e-06
6.93657e-06
1.45204e-06
4.33898e-06
1.60801e-06
1.58089e-06
1.62315e-06
-1.38555e-06
1.49556e-06
-4.63216e-06
1.21088e-06
-8.25487e-06
7.40497e-07
-1.23809e-05
6.61377e-08
-1.71909e-05
-7.89007e-07
-2.29951e-05
-1.70678e-06
-3.03472e-05
-2.22689e-06
-4.06445e-05
-5.69239e-05
1.03036e-05
6.25113e-06
1.07539e-05
3.88873e-06
1.09878e-05
1.34702e-06
1.10049e-05
-1.40249e-06
1.07841e-05
-4.41125e-06
1.02816e-05
-7.75228e-06
9.42285e-06
-1.15221e-05
8.11456e-06
-1.58825e-05
6.26191e-06
-2.11424e-05
3.84449e-06
-2.79296e-05
1.24238e-06
-3.80424e-05
-5.56814e-05
1.96325e-05
5.37262e-06
2.02391e-05
3.2822e-06
2.05904e-05
9.95823e-07
2.06774e-05
-1.48939e-06
2.04652e-05
-4.1989e-06
1.98857e-05
-7.1727e-06
1.88154e-05
-1.04517e-05
1.70765e-05
-1.41434e-05
1.44231e-05
-1.84889e-05
1.05982e-05
-2.41047e-05
5.69611e-06
-3.31401e-05
-4.99853e-05
2.94532e-05
4.38558e-06
3.01692e-05
2.5663e-06
3.06331e-05
5.32038e-07
3.08318e-05
-1.68794e-06
3.07195e-05
-4.08646e-06
3.02099e-05
-6.66302e-06
2.91372e-05
-9.3789e-06
2.72471e-05
-1.22532e-05
2.41287e-05
-1.53704e-05
1.9277e-05
-1.92529e-05
1.18792e-05
-2.57424e-05
-3.81059e-05
4.00665e-05
3.46571e-06
4.07758e-05
1.85706e-06
4.12966e-05
1.13968e-08
4.16135e-05
-2.00472e-06
4.16721e-05
-4.14492e-06
4.13737e-05
-6.3645e-06
4.05259e-05
-8.53102e-06
3.88325e-05
-1.05597e-05
3.57436e-05
-1.22814e-05
3.05237e-05
-1.40329e-05
2.06627e-05
-1.58812e-05
-1.74432e-05
5.15993e-05
2.82122e-06
5.21652e-05
1.29124e-06
5.26754e-05
-4.98642e-07
5.31065e-05
-2.43583e-06
5.33917e-05
-4.42993e-06
5.34222e-05
-6.39497e-06
5.30041e-05
-8.11287e-06
5.18695e-05
-9.42506e-06
4.94945e-05
-9.90639e-06
4.49422e-05
-9.4804e-06
3.45791e-05
-5.51814e-06
1.71361e-05
5.16272e-06
-5.16215e-06
8.75498e-06
-3.5927e-06
1.14637e-05
-2.70816e-06
1.29072e-05
-1.44298e-06
1.29179e-05
-1.01065e-08
1.08569e-05
2.06447e-06
6.11147e-06
4.74584e-06
-1.34131e-06
7.45566e-06
-1.50585e-05
1.37168e-05
-2.8897e-05
1.38387e-05
-3.91205e-05
1.02231e-05
7.9826e-06
-4.71035e-05
1.56149e-06
-6.72314e-06
3.79108e-06
-5.82255e-06
3.81976e-06
-2.7363e-06
1.82132e-06
5.56129e-07
-2.73107e-06
4.5432e-06
-1.117e-05
1.05045e-05
-2.29665e-05
1.65428e-05
-3.39504e-05
1.84399e-05
-3.87816e-05
1.85481e-05
-4.10683e-05
1.61254e-05
-4.35922e-05
1.27468e-05
1.00585e-05
-4.56683e-05
1.13291e-06
-7.85601e-06
6.33322e-07
-5.32306e-06
-1.90832e-06
-1.94498e-07
-7.57015e-06
6.21827e-06
-1.65551e-05
1.35285e-05
-2.53532e-05
1.93029e-05
-3.04255e-05
2.16153e-05
-3.31698e-05
2.11844e-05
-3.41954e-05
1.95737e-05
-3.47418e-05
1.66716e-05
-3.5586e-05
1.35909e-05
1.07349e-05
-3.62626e-05
-1.89872e-06
-5.95726e-06
-5.13363e-06
-2.08817e-06
-1.0142e-05
4.81404e-06
-1.65922e-05
1.26687e-05
-2.22636e-05
1.92002e-05
-2.55157e-05
2.25554e-05
-2.67868e-05
2.28866e-05
-2.71461e-05
2.1544e-05
-2.70986e-05
1.95261e-05
-2.71126e-05
1.66857e-05
-2.72501e-05
1.37283e-05
1.08365e-05
-2.73518e-05
-3.75198e-06
-2.2051e-06
-8.72442e-06
2.88447e-06
-1.37325e-05
9.82236e-06
-1.78577e-05
1.67943e-05
-2.01576e-05
2.15004e-05
-2.06677e-05
2.30659e-05
-2.03115e-05
2.25307e-05
-1.96729e-05
2.09056e-05
-1.88929e-05
1.87462e-05
-1.83347e-05
1.61275e-05
-1.79771e-05
1.33707e-05
1.05883e-05
-1.7729e-05
-4.85232e-06
2.64769e-06
-9.5981e-06
7.63072e-06
-1.32306e-05
1.34554e-05
-1.51236e-05
1.86879e-05
-1.5243e-05
2.16204e-05
-1.43143e-05
2.21377e-05
-1.30164e-05
2.12332e-05
-1.17045e-05
1.95941e-05
-1.05108e-05
1.75528e-05
-9.58269e-06
1.51995e-05
-8.90585e-06
1.2694e-05
1.0105e-05
-8.42249e-06
-5.03552e-06
7.6842e-06
-8.97485e-06
1.15706e-05
-1.10783e-05
1.55596e-05
-1.11341e-05
1.87443e-05
-9.7363e-06
2.02231e-05
-7.7651e-06
2.01671e-05
-5.73559e-06
1.92041e-05
-3.87915e-06
1.77381e-05
-2.28665e-06
1.59606e-05
-1.01854e-06
1.39317e-05
-5.45209e-08
1.17301e-05
9.39709e-06
6.53464e-07
-4.94149e-06
1.26261e-05
-7.81373e-06
1.44434e-05
-8.32279e-06
1.6069e-05
-6.82573e-06
1.72477e-05
-4.24392e-06
1.76417e-05
-1.38426e-06
1.73078e-05
1.33706e-06
1.64831e-05
3.74119e-06
1.53343e-05
5.7675e-06
1.39345e-05
7.39798e-06
1.23014e-05
8.66515e-06
1.04631e-05
8.44347e-06
9.61889e-06
-4.37852e-06
1.70052e-05
-6.0462e-06
1.61113e-05
-4.84742e-06
1.48704e-05
-1.95684e-06
1.43573e-05
1.67282e-06
1.40122e-05
5.34401e-06
1.36368e-05
8.70636e-06
1.3121e-05
1.16218e-05
1.2419e-05
1.40569e-05
1.14997e-05
1.60233e-05
1.03352e-05
1.75697e-05
8.91677e-06
7.25912e-06
1.87542e-05
-3.97205e-06
2.09773e-05
-2.95086e-06
1.50902e-05
7.26148e-07
1.11934e-05
5.09996e-06
9.98346e-06
9.62637e-06
9.48584e-06
1.38671e-05
9.39611e-06
1.76063e-05
9.38192e-06
2.07796e-05
9.24586e-06
2.33982e-05
8.8812e-06
2.55068e-05
8.22674e-06
2.71743e-05
7.24946e-06
5.96705e-06
2.84664e-05
4.73987e-07
2.05036e-05
5.99035e-06
9.57387e-06
1.18919e-05
5.2919e-06
1.72714e-05
4.60398e-06
2.2007e-05
4.75025e-06
2.6072e-05
5.33115e-06
2.95017e-05
5.9522e-06
3.23452e-05
6.40244e-06
3.46629e-05
6.56362e-06
3.65186e-05
6.37116e-06
3.79923e-05
5.77592e-06
4.81246e-06
3.9147e-05
2.01759e-05
3.27591e-07
2.83887e-05
1.36096e-06
3.34643e-05
2.16257e-07
3.73819e-05
6.86374e-07
4.04272e-05
1.70489e-06
4.29324e-05
2.82588e-06
4.50359e-05
3.84871e-06
4.67812e-05
4.65714e-06
4.82014e-05
5.14343e-06
4.93303e-05
5.24233e-06
5.02337e-05
4.87264e-06
5.09554e-05
4.09075e-06
-5.27058e-05
5.60194e-06
-5.63488e-05
3.64279e-06
-5.79996e-05
1.65066e-06
-5.78756e-05
-1.24209e-07
-5.6016e-05
-1.85965e-06
-5.24394e-05
-3.57673e-06
-4.69329e-05
-5.50648e-06
-3.94854e-05
-7.44747e-06
-2.99239e-05
-9.56153e-06
-1.8471e-05
-1.14529e-05
-7.05809e-06
-1.14128e-05
-7.05805e-06
-4.72024e-05
7.13597e-06
-4.80222e-05
4.46239e-06
-4.82572e-05
1.8856e-06
-4.7823e-05
-5.58517e-07
-4.66752e-05
-3.00745e-06
-4.4605e-05
-5.64696e-06
-4.15479e-05
-8.56361e-06
-3.71679e-05
-1.18274e-05
-3.1276e-05
-1.54534e-05
-2.35843e-05
-1.91445e-05
-1.31388e-05
-2.18583e-05
-2.01968e-05
-3.69236e-05
7.79691e-06
-3.74077e-05
4.94631e-06
-3.76371e-05
2.11495e-06
-3.74419e-05
-7.53735e-07
-3.66712e-05
-3.77822e-06
-3.52602e-05
-7.05788e-06
-3.31054e-05
-1.07184e-05
-3.0076e-05
-1.48567e-05
-2.60856e-05
-1.94437e-05
-2.06561e-05
-2.45739e-05
-1.27834e-05
-2.97309e-05
-3.29802e-05
-2.74515e-05
7.89649e-06
-2.74698e-05
4.96458e-06
-2.73497e-05
1.99478e-06
-2.70162e-05
-1.08732e-06
-2.6405e-05
-4.38941e-06
-2.54483e-05
-8.01455e-06
-2.40576e-05
-1.21091e-05
-2.2106e-05
-1.68083e-05
-1.93859e-05
-2.21637e-05
-1.54089e-05
-2.85509e-05
-9.41451e-06
-3.57251e-05
-4.23947e-05
-1.75778e-05
7.74526e-06
-1.74649e-05
4.85163e-06
-1.73348e-05
1.86467e-06
-1.71355e-05
-1.28665e-06
-1.68258e-05
-4.69913e-06
-1.63582e-05
-8.48218e-06
-1.56744e-05
-1.27928e-05
-1.47129e-05
-1.77698e-05
-1.32729e-05
-2.36037e-05
-1.11372e-05
-3.06865e-05
-7.42905e-06
-3.94332e-05
-4.98237e-05
-8.10108e-06
7.42386e-06
-7.89588e-06
4.64642e-06
-7.76666e-06
1.73545e-06
-7.68228e-06
-1.37102e-06
-7.6218e-06
-4.75959e-06
-7.56527e-06
-8.53866e-06
-7.5084e-06
-1.28497e-05
-7.41518e-06
-1.78629e-05
-7.17155e-06
-2.38473e-05
-6.5965e-06
-3.12615e-05
-4.86889e-06
-4.11607e-05
-5.46926e-05
1.14371e-06
6.93368e-06
1.45329e-06
4.33689e-06
1.60919e-06
1.5796e-06
1.62428e-06
-1.38606e-06
1.49668e-06
-4.6319e-06
1.21195e-06
-8.25386e-06
7.41528e-07
-1.23791e-05
6.70256e-08
-1.71883e-05
-7.88285e-07
-2.29919e-05
-1.70627e-06
-3.03433e-05
-2.22658e-06
-4.06403e-05
-5.69191e-05
1.03042e-05
6.24846e-06
1.07544e-05
3.88676e-06
1.09883e-05
1.34578e-06
1.10053e-05
-1.40299e-06
1.07846e-05
-4.41101e-06
1.02821e-05
-7.75127e-06
9.42338e-06
-1.15203e-05
8.11506e-06
-1.58799e-05
6.26232e-06
-2.1139e-05
3.84472e-06
-2.79257e-05
1.24254e-06
-3.8038e-05
-5.56765e-05
1.96326e-05
5.37017e-06
2.02391e-05
3.28037e-06
2.05904e-05
9.94649e-07
2.06774e-05
-1.48986e-06
2.04652e-05
-4.19867e-06
1.98857e-05
-7.17171e-06
1.88155e-05
-1.04499e-05
1.70765e-05
-1.41408e-05
1.44231e-05
-1.84855e-05
1.05982e-05
-2.41006e-05
5.69608e-06
-3.31357e-05
-4.99803e-05
2.94533e-05
4.38345e-06
3.0169e-05
2.56467e-06
3.06328e-05
5.31019e-07
3.08314e-05
-1.68833e-06
3.0719e-05
-4.08617e-06
3.02095e-05
-6.66202e-06
2.91369e-05
-9.37712e-06
2.72467e-05
-1.22506e-05
2.41284e-05
-1.5367e-05
1.92767e-05
-1.92489e-05
1.1879e-05
-2.57379e-05
-3.81012e-05
4.00666e-05
3.46395e-06
4.07756e-05
1.85574e-06
4.12962e-05
1.06159e-08
4.16129e-05
-2.00492e-06
4.16714e-05
-4.14448e-06
4.13729e-05
-6.36339e-06
4.05251e-05
-8.52917e-06
3.88317e-05
-1.05571e-05
3.57428e-05
-1.22781e-05
3.0523e-05
-1.40289e-05
2.06621e-05
-1.5877e-05
-1.7439e-05
5.15996e-05
2.81992e-06
5.21651e-05
1.29032e-06
5.26749e-05
-4.99102e-07
5.31058e-05
-2.43573e-06
5.33907e-05
-4.42925e-06
5.3421e-05
-6.39362e-06
5.30028e-05
-8.11083e-06
5.18681e-05
-9.42225e-06
4.94931e-05
-9.90297e-06
4.49408e-05
-9.47672e-06
3.45782e-05
-5.51421e-06
1.71393e-05
5.16346e-06
-5.16328e-06
8.75664e-06
-3.59398e-06
1.14662e-05
-2.70945e-06
1.29103e-05
-1.44406e-06
1.29225e-05
-1.23196e-08
1.08648e-05
2.06031e-06
6.12008e-06
4.74444e-06
-1.32694e-06
7.44933e-06
-1.50434e-05
1.37161e-05
-2.88897e-05
1.38465e-05
-3.91173e-05
1.02274e-05
7.98654e-06
-4.7104e-05
1.56324e-06
-6.72631e-06
3.79563e-06
-5.82675e-06
3.82665e-06
-2.74028e-06
1.83059e-06
5.52164e-07
-2.7188e-06
4.53741e-06
-1.11548e-05
1.0497e-05
-2.2952e-05
1.65419e-05
-3.39464e-05
1.84441e-05
-3.87846e-05
1.85543e-05
-4.10714e-05
1.61332e-05
-4.35962e-05
1.27522e-05
1.00629e-05
-4.56727e-05
1.13565e-06
-7.86172e-06
6.39619e-07
-5.33082e-06
-1.89808e-06
-2.02501e-07
-7.55463e-06
6.20885e-06
-1.6538e-05
1.3521e-05
-2.53446e-05
1.93039e-05
-3.0425e-05
2.16223e-05
-3.31732e-05
2.11925e-05
-3.42008e-05
1.95818e-05
-3.47469e-05
1.66793e-05
-3.55914e-05
1.35966e-05
1.07394e-05
-3.62682e-05
-1.89541e-06
-5.96603e-06
-5.12537e-06
-2.10081e-06
-1.01294e-05
4.80174e-06
-1.65807e-05
1.26603e-05
-2.22595e-05
1.91999e-05
-2.5518e-05
2.25626e-05
-2.67917e-05
2.28961e-05
-2.7152e-05
2.15529e-05
-2.71047e-05
1.95344e-05
-2.71184e-05
1.66929e-05
-2.72558e-05
1.37339e-05
1.08409e-05
-2.73574e-05
-3.74897e-06
-2.21677e-06
-8.71901e-06
2.86983e-06
-1.37283e-05
9.81104e-06
-1.7858e-05
1.67904e-05
-2.01624e-05
2.15046e-05
-2.06742e-05
2.30745e-05
-2.03178e-05
2.254e-05
-1.96793e-05
2.09142e-05
-1.88987e-05
1.87538e-05
-1.83399e-05
1.6134e-05
-1.7982e-05
1.33759e-05
1.05922e-05
-1.77335e-05
-4.84979e-06
2.6349e-06
-9.59792e-06
7.61813e-06
-1.32337e-05
1.34476e-05
-1.51298e-05
1.8687e-05
-1.52504e-05
2.16256e-05
-1.4321e-05
2.21457e-05
-1.30224e-05
2.12414e-05
-1.17096e-05
1.96018e-05
-1.05154e-05
1.75595e-05
-9.58655e-06
1.52053e-05
-8.90936e-06
1.26986e-05
1.01085e-05
-8.42563e-06
-5.03721e-06
7.67282e-06
-8.97893e-06
1.15608e-05
-1.10851e-05
1.5554e-05
-1.1142e-05
1.87445e-05
-9.74344e-06
2.02278e-05
-7.77095e-06
2.01737e-05
-5.74011e-06
1.9211e-05
-3.88276e-06
1.77446e-05
-2.2895e-06
1.59665e-05
-1.02089e-06
1.39367e-05
-5.64919e-08
1.17342e-05
9.40025e-06
6.51737e-07
-4.94437e-06
1.26181e-05
-7.81983e-06
1.44365e-05
-8.33053e-06
1.60653e-05
-6.83332e-06
1.72477e-05
-4.25008e-06
1.76449e-05
-1.38882e-06
1.73127e-05
1.33384e-06
1.64887e-05
3.73897e-06
1.53397e-05
5.76597e-06
1.39396e-05
7.39693e-06
1.23059e-05
8.66442e-06
1.04668e-05
8.44632e-06
9.61837e-06
-4.3827e-06
1.70012e-05
-6.05273e-06
1.6107e-05
-4.85481e-06
1.48674e-05
-1.96369e-06
1.43568e-05
1.66734e-06
1.40141e-05
5.34007e-06
1.36402e-05
8.70373e-06
1.31252e-05
1.16202e-05
1.24234e-05
1.4056e-05
1.15039e-05
1.60229e-05
1.0339e-05
1.75697e-05
8.92e-06
7.26163e-06
1.87545e-05
-3.97549e-06
2.09772e-05
-2.95584e-06
1.50874e-05
7.20226e-07
1.11916e-05
5.09413e-06
9.98296e-06
9.62142e-06
9.48694e-06
1.38633e-05
9.39848e-06
1.76036e-05
9.38507e-06
2.07778e-05
9.24935e-06
2.33972e-05
8.88466e-06
2.55064e-05
8.22991e-06
2.71743e-05
7.25213e-06
5.96912e-06
2.84668e-05
4.72785e-07
2.05047e-05
5.98715e-06
9.5733e-06
1.18874e-05
5.29126e-06
1.72665e-05
4.60395e-06
2.20024e-05
4.75123e-06
2.60679e-05
5.33305e-06
2.94984e-05
5.95471e-06
3.23427e-05
6.40519e-06
3.46612e-05
6.56632e-06
3.65176e-05
6.3736e-06
3.79918e-05
5.77792e-06
4.81395e-06
3.91471e-05
2.01746e-05
3.30267e-07
2.83858e-05
1.36208e-06
3.34603e-05
2.17063e-07
3.73769e-05
6.87308e-07
4.0422e-05
1.70625e-06
4.29274e-05
2.82768e-06
4.50314e-05
3.85081e-06
4.67774e-05
4.65927e-06
4.81984e-05
5.1454e-06
4.93281e-05
5.24395e-06
5.02322e-05
4.87382e-06
5.09548e-05
4.09143e-06
-5.27083e-05
5.60414e-06
-5.63534e-05
3.645e-06
-5.8005e-05
1.65156e-06
-5.78816e-05
-1.23457e-07
-5.60219e-05
-1.85959e-06
-5.24452e-05
-3.57677e-06
-4.69382e-05
-5.50697e-06
-3.94901e-05
-7.44807e-06
-2.99277e-05
-9.56245e-06
-1.84737e-05
-1.14539e-05
-7.05952e-06
-1.14141e-05
-7.05947e-06
-4.72079e-05
7.13933e-06
-4.80278e-05
4.46475e-06
-4.82631e-05
1.88693e-06
-4.78288e-05
-5.57865e-07
-4.66809e-05
-3.00742e-06
-4.46102e-05
-5.64744e-06
-4.15526e-05
-8.56456e-06
-3.71719e-05
-1.18287e-05
-3.12792e-05
-1.54551e-05
-2.35865e-05
-1.91465e-05
-1.314e-05
-2.18605e-05
-2.01995e-05
-3.69292e-05
7.8003e-06
-3.74132e-05
4.94864e-06
-3.76425e-05
2.11628e-06
-3.74472e-05
-7.53282e-07
-3.6676e-05
-3.77856e-06
-3.52646e-05
-7.05889e-06
-3.31091e-05
-1.072e-05
-3.00791e-05
-1.48587e-05
-2.6088e-05
-1.94461e-05
-2.06577e-05
-2.45767e-05
-1.27842e-05
-2.97339e-05
-3.29836e-05
-2.74569e-05
7.89964e-06
-2.74749e-05
4.96661e-06
-2.73545e-05
1.99576e-06
-2.70206e-05
-1.08726e-06
-2.6409e-05
-4.39018e-06
-2.54518e-05
-8.01603e-06
-2.40606e-05
-1.21112e-05
-2.21084e-05
-1.68109e-05
-1.93878e-05
-2.21667e-05
-1.54102e-05
-2.85542e-05
-9.41523e-06
-3.57288e-05
-4.23988e-05
-1.7582e-05
7.74806e-06
-1.74688e-05
4.85332e-06
-1.73385e-05
1.86534e-06
-1.71389e-05
-1.28691e-06
-1.68288e-05
-4.70022e-06
-1.63609e-05
-8.48401e-06
-1.56767e-05
-1.27954e-05
-1.47147e-05
-1.77728e-05
-1.32742e-05
-2.36073e-05
-1.11379e-05
-3.06903e-05
-7.42937e-06
-3.94373e-05
-4.98281e-05
-8.10397e-06
7.4263e-06
-7.89852e-06
4.64784e-06
-7.7691e-06
1.73588e-06
-7.68452e-06
-1.37149e-06
-7.62382e-06
-4.76089e-06
-7.56708e-06
-8.54074e-06
-7.50995e-06
-1.28524e-05
-7.41644e-06
-1.78663e-05
-7.17244e-06
-2.38512e-05
-6.59705e-06
-3.12657e-05
-4.86915e-06
-4.11651e-05
-5.46972e-05
1.14218e-06
6.93586e-06
1.45192e-06
4.33812e-06
1.60794e-06
1.5799e-06
1.62315e-06
-1.38664e-06
1.49564e-06
-4.63331e-06
1.21103e-06
-8.25604e-06
7.40739e-07
-1.23821e-05
6.64481e-08
-1.71919e-05
-7.88647e-07
-2.2996e-05
-1.70642e-06
-3.03478e-05
-2.22656e-06
-4.06448e-05
-5.69237e-05
1.03038e-05
6.25043e-06
1.07541e-05
3.88785e-06
1.09881e-05
1.34599e-06
1.10052e-05
-1.40363e-06
1.07845e-05
-4.41246e-06
1.0282e-05
-7.75351e-06
9.42336e-06
-1.15233e-05
8.11511e-06
-1.58836e-05
6.26245e-06
-2.11433e-05
3.84498e-06
-2.79302e-05
1.24275e-06
-3.80425e-05
-5.56808e-05
1.9633e-05
5.37192e-06
2.02397e-05
3.2813e-06
2.0591e-05
9.94769e-07
2.0678e-05
-1.49057e-06
2.04659e-05
-4.20014e-06
1.98864e-05
-7.17396e-06
1.88161e-05
-1.04529e-05
1.70772e-05
-1.41445e-05
1.44238e-05
-1.84897e-05
1.05988e-05
-2.41051e-05
5.69658e-06
-3.31401e-05
-4.99842e-05
2.9454e-05
4.38485e-06
3.017e-05
2.56537e-06
3.06339e-05
5.30944e-07
3.08326e-05
-1.68916e-06
3.07204e-05
-4.08774e-06
3.02108e-05
-6.66429e-06
2.91382e-05
-9.38009e-06
2.7248e-05
-1.22542e-05
2.41295e-05
-1.53711e-05
1.92777e-05
-1.92532e-05
1.18797e-05
-2.57421e-05
-3.81043e-05
4.00671e-05
3.46487e-06
4.07766e-05
1.85603e-06
4.12975e-05
1.02147e-08
4.16145e-05
-2.006e-06
4.16731e-05
-4.14624e-06
4.13747e-05
-6.36578e-06
4.05269e-05
-8.53217e-06
3.88334e-05
-1.05606e-05
3.57444e-05
-1.2282e-05
3.05242e-05
-1.4033e-05
2.06631e-05
-1.58806e-05
-1.74412e-05
5.15996e-05
2.82014e-06
5.21657e-05
1.29001e-06
5.26761e-05
-4.99999e-07
5.31074e-05
-2.43724e-06
5.33926e-05
-4.43131e-06
5.34231e-05
-6.39623e-06
5.30049e-05
-8.11393e-06
5.18702e-05
-9.42582e-06
4.9495e-05
-9.90679e-06
4.49424e-05
-9.48036e-06
3.45792e-05
-5.51743e-06
1.71382e-05
6.55487e-05
4.15773e-06
-6.93778e-05
6.4852e-05
2.05762e-06
6.34844e-05
1.58322e-06
6.27453e-05
1.42495e-06
6.25364e-05
1.91378e-06
6.26399e-05
2.72314e-06
6.28767e-05
3.61315e-06
6.31232e-05
4.41243e-06
6.33139e-05
4.95476e-06
6.3429e-05
5.12937e-06
6.35165e-05
4.78737e-06
4.00099e-06
6.36084e-05
8.42239e-05
3.29597e-06
-8.33623e-05
8.3879e-05
2.40248e-06
8.31988e-05
2.26336e-06
8.23372e-05
2.28644e-06
8.15068e-05
2.74422e-06
8.07251e-05
3.50488e-06
7.99596e-05
4.37865e-06
7.9179e-05
5.19299e-06
7.83798e-05
5.75405e-06
7.75937e-05
5.91547e-06
7.69174e-05
5.46364e-06
4.48458e-06
7.64339e-05
9.72577e-05
2.31485e-06
-9.62765e-05
9.75642e-05
2.096e-06
9.75119e-05
2.31566e-06
9.71051e-05
2.69321e-06
9.64297e-05
3.41968e-06
9.55257e-05
4.40892e-06
9.44205e-05
5.48383e-06
9.31584e-05
6.45513e-06
9.18157e-05
7.09678e-06
9.05163e-05
7.21487e-06
8.94376e-05
6.54231e-06
5.12922e-06
8.8793e-05
0.000109095
-0.000108501
1.72045e-06
0.000109361
1.82999e-06
0.000109312
2.36521e-06
0.000108904
3.10053e-06
0.000108148
4.1762e-06
0.000107078
5.47822e-06
0.000105756
6.80641e-06
0.000104283
7.92832e-06
0.000102809
8.57e-06
0.000101556
8.46834e-06
0.000100777
7.32081e-06
0.000100906
5.00103e-06
6.38602e-05
2.57014e-06
6.42274e-05
9.2493e-07
6.47297e-05
-9.99959e-07
6.53174e-05
-3.02233e-06
6.58951e-05
-5.00632e-06
6.633e-05
-6.82857e-06
6.64437e-05
-8.22529e-06
6.60358e-05
-9.01589e-06
6.48867e-05
-8.75637e-06
6.27406e-05
-7.33342e-06
6.10591e-05
-3.83606e-06
8.81904e-06
6.9376e-05
7.64177e-05
2.58637e-06
7.67371e-05
6.05578e-07
7.73906e-05
-1.65346e-06
7.82667e-05
-3.89841e-06
7.92244e-05
-5.9639e-06
8.00853e-05
-7.68944e-06
8.06659e-05
-8.80591e-06
8.07728e-05
-9.12283e-06
8.0349e-05
-8.3324e-06
7.92716e-05
-6.25617e-06
7.89466e-05
-3.51096e-06
4.40394e-06
8.33617e-05
8.90017e-05
2.37773e-06
8.96876e-05
-8.01704e-08
9.07934e-05
-2.75918e-06
9.21143e-05
-5.21927e-06
9.34667e-05
-7.31627e-06
9.4637e-05
-8.8597e-06
9.54513e-05
-9.62023e-06
9.57268e-05
-9.39823e-06
9.54815e-05
-8.08718e-06
9.47158e-05
-5.49022e-06
9.41671e-05
-2.96231e-06
2.29386e-06
9.62772e-05
0.000102243
1.0402e-06
0.000103768
-1.60469e-06
0.000105475
-4.46626e-06
0.000107131
-6.87516e-06
0.000108575
-8.76105e-06
0.000109634
-9.91822e-06
0.000110199
-1.01854e-05
0.000110172
-9.37096e-06
0.000109634
-7.54885e-06
0.000108769
-4.62576e-06
0.000107824
-2.01725e-06
0.000108503
1.61485e-06
6.55481e-05
4.15696e-06
6.4852e-05
2.05695e-06
6.34848e-05
1.58262e-06
6.27462e-05
1.42451e-06
6.25376e-05
1.91337e-06
6.26412e-05
2.72278e-06
6.28782e-05
3.61284e-06
6.31248e-05
4.41213e-06
6.33156e-05
4.95445e-06
6.34307e-05
5.12902e-06
6.35182e-05
4.78695e-06
4.00045e-06
6.36102e-05
8.42236e-05
3.29511e-06
8.38789e-05
2.40159e-06
8.31991e-05
2.26261e-06
8.23379e-05
2.28569e-06
8.15077e-05
2.74357e-06
8.07262e-05
3.50431e-06
7.99608e-05
4.37819e-06
7.91804e-05
5.19259e-06
7.83812e-05
5.75368e-06
7.75952e-05
5.91508e-06
7.6919e-05
5.46319e-06
4.48402e-06
7.64355e-05
9.72583e-05
2.31401e-06
9.75648e-05
2.09513e-06
9.75126e-05
2.31464e-06
9.71059e-05
2.69233e-06
9.64306e-05
3.41891e-06
9.55267e-05
4.40826e-06
9.44216e-05
5.48332e-06
9.31595e-05
6.45471e-06
9.18168e-05
7.0964e-06
9.05174e-05
7.21447e-06
8.94388e-05
6.54183e-06
5.12858e-06
8.87943e-05
0.000109097
1.72011e-06
0.000109363
1.82938e-06
0.000109313
2.36444e-06
0.000108905
3.09974e-06
0.000108149
4.17548e-06
0.000107079
5.47764e-06
0.000105757
6.80596e-06
0.000104283
7.92796e-06
0.00010281
8.56966e-06
0.000101557
8.46794e-06
0.000100778
7.32028e-06
0.000100907
5.00028e-06
6.3862e-05
2.56946e-06
6.42293e-05
9.24085e-07
6.47317e-05
-1.00094e-06
6.53194e-05
-3.02346e-06
6.58971e-05
-5.00752e-06
6.6332e-05
-6.8298e-06
6.64457e-05
-8.22646e-06
6.60376e-05
-9.01694e-06
6.48885e-05
-8.75716e-06
6.27422e-05
-7.33409e-06
6.10606e-05
-3.83639e-06
8.81877e-06
6.93779e-05
7.64194e-05
2.58563e-06
7.67389e-05
6.04658e-07
7.73925e-05
-1.65453e-06
7.82687e-05
-3.89959e-06
7.92263e-05
-5.96514e-06
8.00872e-05
-7.69064e-06
8.06677e-05
-8.807e-06
8.07745e-05
-9.12374e-06
8.03505e-05
-8.33311e-06
7.92731e-05
-6.25661e-06
7.8948e-05
-3.51139e-06
4.4037e-06
8.33632e-05
8.90032e-05
2.37685e-06
8.96892e-05
-8.12137e-08
9.07951e-05
-2.76035e-06
9.2116e-05
-5.2205e-06
9.34684e-05
-7.31749e-06
9.46386e-05
-8.86079e-06
9.54528e-05
-9.62117e-06
9.5728e-05
-9.39897e-06
9.54827e-05
-8.08772e-06
9.47168e-05
-5.49074e-06
9.41682e-05
-2.96262e-06
2.29342e-06
9.62784e-05
0.000102244
1.0392e-06
0.000103769
-1.60584e-06
0.000105476
-4.46746e-06
0.000107132
-6.87637e-06
0.000108577
-8.76216e-06
0.000109635
-9.91918e-06
0.0001102
-1.01862e-05
0.000110172
-9.37157e-06
0.000109634
-7.54935e-06
0.00010877
-4.62616e-06
0.000107825
-2.01787e-06
0.000108504
1.61434e-06
6.55493e-05
4.15618e-06
6.48535e-05
2.05674e-06
6.3487e-05
1.58274e-06
6.27488e-05
1.42448e-06
6.25406e-05
1.91305e-06
6.26444e-05
2.72207e-06
6.28813e-05
3.61177e-06
6.31276e-05
4.41084e-06
6.3318e-05
4.95307e-06
6.34327e-05
5.1277e-06
6.35196e-05
4.78575e-06
3.99946e-06
6.3611e-05
8.42249e-05
3.29446e-06
8.38803e-05
2.40122e-06
8.32007e-05
2.26224e-06
8.23399e-05
2.28524e-06
8.151e-05
2.74283e-06
8.07287e-05
3.50329e-06
7.99635e-05
4.37697e-06
7.91829e-05
5.19134e-06
7.83834e-05
5.75255e-06
7.75969e-05
5.91419e-06
7.69201e-05
5.46254e-06
4.4836e-06
7.6436e-05
9.72594e-05
2.31345e-06
9.75659e-05
2.09466e-06
9.75139e-05
2.31424e-06
9.71074e-05
2.69162e-06
9.64323e-05
3.41791e-06
9.55286e-05
4.407e-06
9.44235e-05
5.48196e-06
9.31613e-05
6.4535e-06
9.18183e-05
7.09553e-06
9.05184e-05
7.21405e-06
8.94392e-05
6.54177e-06
5.12874e-06
8.87941e-05
0.000109098
1.71943e-06
0.000109364
1.82881e-06
0.000109314
2.36373e-06
0.000108907
3.09887e-06
0.00010815
4.17433e-06
0.000107081
5.4763e-06
0.000105758
6.80467e-06
0.000104284
7.92701e-06
0.00010281
8.56928e-06
0.000101556
8.46818e-06
0.000100777
7.32088e-06
0.000100905
5.00088e-06
6.38623e-05
2.56864e-06
6.42291e-05
9.23595e-07
6.47312e-05
-1.00102e-06
6.53185e-05
-3.023e-06
6.58959e-05
-5.0065e-06
6.63305e-05
-6.82812e-06
6.64438e-05
-8.22409e-06
6.60355e-05
-9.01381e-06
6.48861e-05
-8.75351e-06
6.27397e-05
-7.33018e-06
6.10581e-05
-3.83256e-06
8.82245e-06
6.93749e-05
7.64194e-05
2.58529e-06
7.67385e-05
6.04585e-07
7.73917e-05
-1.6542e-06
7.82675e-05
-3.89874e-06
7.92247e-05
-5.96368e-06
8.00851e-05
-7.68849e-06
8.06652e-05
-8.80413e-06
8.07716e-05
-9.12018e-06
8.03472e-05
-8.32902e-06
7.92695e-05
-6.25259e-06
7.89443e-05
-3.50729e-06
4.40746e-06
8.33593e-05
8.90025e-05
2.37688e-06
8.96882e-05
-8.09415e-08
9.07937e-05
-2.75963e-06
9.21142e-05
-5.2192e-06
9.3466e-05
-7.3155e-06
9.46356e-05
-8.85807e-06
9.54493e-05
-9.6177e-06
9.5724e-05
-9.39487e-06
9.54782e-05
-8.08324e-06
9.47121e-05
-5.48633e-06
9.41634e-05
-2.95858e-06
2.2973e-06
9.62736e-05
0.000102243
1.03936e-06
0.000103767
-1.60525e-06
0.000105474
-4.46631e-06
0.000107129
-6.87453e-06
0.000108573
-8.75958e-06
0.000109631
-9.91584e-06
0.000110195
-1.01822e-05
0.000110167
-9.36703e-06
0.000109629
-7.54459e-06
0.000108764
-4.62177e-06
0.000107819
-2.01372e-06
0.000108498
1.618e-06
6.55459e-05
4.15931e-06
6.48491e-05
2.059e-06
6.34816e-05
1.58443e-06
6.27428e-05
1.42613e-06
6.25343e-05
1.91478e-06
6.26382e-05
2.7239e-06
6.28755e-05
3.61359e-06
6.31224e-05
4.41243e-06
6.33135e-05
4.95429e-06
6.34292e-05
5.12838e-06
6.35171e-05
4.78592e-06
3.99911e-06
6.36095e-05
8.42207e-05
3.29802e-06
8.38755e-05
2.40415e-06
8.31953e-05
2.26483e-06
8.23338e-05
2.28758e-06
8.15035e-05
2.74508e-06
8.0722e-05
3.50537e-06
7.99569e-05
4.37873e-06
7.91768e-05
5.19254e-06
7.8378e-05
5.75303e-06
7.75926e-05
5.91384e-06
7.69171e-05
5.46149e-06
4.48198e-06
7.64343e-05
9.72545e-05
2.31706e-06
9.75608e-05
2.0979e-06
9.75083e-05
2.3171e-06
9.71015e-05
2.69443e-06
9.6426e-05
3.42057e-06
9.55221e-05
4.40935e-06
9.44171e-05
5.4837e-06
9.31554e-05
6.45431e-06
9.18132e-05
7.09521e-06
9.05146e-05
7.2125e-06
8.94368e-05
6.53929e-06
5.1257e-06
8.87931e-05
0.000109093
1.72304e-06
0.000109358
1.8321e-06
0.000109309
2.36689e-06
0.000108901
3.10185e-06
0.000108145
4.17711e-06
0.000107075
5.47858e-06
0.000105753
6.80603e-06
0.00010428
7.92705e-06
0.000102808
8.56777e-06
0.000101555
8.46512e-06
0.000100777
7.31688e-06
0.000100906
4.99677e-06
6.38618e-05
2.56795e-06
6.42295e-05
9.22493e-07
6.47322e-05
-1.00258e-06
6.53201e-05
-3.02504e-06
6.58978e-05
-5.00897e-06
6.63327e-05
-6.83102e-06
6.64462e-05
-8.22738e-06
6.60379e-05
-9.01747e-06
6.48884e-05
-8.75726e-06
6.27419e-05
-7.33377e-06
6.10602e-05
-3.83557e-06
8.82058e-06
7.64188e-05
2.5835e-06
7.67388e-05
6.02609e-07
7.73927e-05
-1.65647e-06
7.8269e-05
-3.90132e-06
7.92266e-05
-5.96658e-06
8.00874e-05
-7.69172e-06
8.06677e-05
-8.80769e-06
8.07742e-05
-9.12398e-06
8.03499e-05
-8.33287e-06
7.92721e-05
-6.25597e-06
7.89469e-05
-3.5104e-06
4.40526e-06
8.90027e-05
2.37409e-06
8.96891e-05
-8.36292e-08
9.07951e-05
-2.76244e-06
9.2116e-05
-5.22218e-06
9.34682e-05
-7.31875e-06
9.46381e-05
-8.86163e-06
9.5452e-05
-9.62156e-06
9.5727e-05
-9.39887e-06
9.54813e-05
-8.08713e-06
9.47151e-05
-5.48978e-06
9.41663e-05
-2.96143e-06
2.29496e-06
0.000102244
1.03623e-06
0.000103769
-1.60822e-06
0.000105476
-4.4693e-06
0.000107131
-6.87773e-06
0.000108576
-8.76309e-06
0.000109634
-9.91967e-06
0.000110198
-1.01862e-05
0.000110171
-9.37111e-06
0.000109632
-7.54842e-06
0.000108767
-4.62493e-06
0.000107822
-2.01644e-06
1.6157e-06
-3.98514e-05
1.61279e-06
3.99591e-05
-4.02068e-05
2.18536e-06
-4.093e-05
3.08831e-06
-4.20255e-05
4.19596e-06
-4.34139e-05
5.56453e-06
-4.4955e-05
7.01932e-06
-4.64669e-05
8.31829e-06
-4.7721e-05
9.18234e-06
-4.84651e-05
9.31411e-06
-4.8446e-05
8.44925e-06
-4.74508e-05
6.32558e-06
2.84538e-06
-4.52954e-05
-3.54955e-05
1.99324e-06
3.51148e-05
-3.62978e-05
2.98753e-06
-3.74412e-05
4.23152e-06
-3.88843e-05
5.6389e-06
-4.04868e-05
7.16691e-06
-4.20524e-05
8.58476e-06
-4.33452e-05
9.6111e-06
-4.41136e-05
9.95059e-06
-4.41362e-05
9.33675e-06
-4.32762e-05
7.58913e-06
-4.14854e-05
4.53459e-06
7.23636e-08
-3.87122e-05
-3.13587e-05
2.66776e-06
3.06842e-05
-3.23884e-05
4.01703e-06
-3.36972e-05
5.54026e-06
-3.52069e-05
7.14846e-06
-3.67497e-05
8.70957e-06
-3.81083e-05
9.9433e-06
-3.90403e-05
1.0543e-05
-3.93162e-05
1.02264e-05
-3.87822e-05
8.80273e-06
-3.74408e-05
6.24758e-06
-3.54593e-05
2.55308e-06
-2.52325e-06
-3.28639e-05
-2.73041e-05
2.65216e-05
3.44998e-06
-2.83628e-05
5.07553e-06
-2.96234e-05
6.80065e-06
-3.09862e-05
8.51107e-06
-3.22777e-05
1.0001e-05
-3.32797e-05
1.09452e-05
-3.3754e-05
1.10171e-05
-3.34801e-05
9.95246e-06
-3.23198e-05
7.64244e-06
-3.03351e-05
4.26278e-06
-2.78642e-05
8.2064e-08
-2.69978e-05
-3.38953e-06
-4.22486e-05
-2.00635e-06
-4.0283e-05
-3.57011e-06
-3.86603e-05
-6.089e-06
-3.74517e-05
-8.08377e-06
-3.67431e-05
-9.46963e-06
-3.65695e-05
-1.00918e-05
-3.69156e-05
-9.83942e-06
-3.76825e-05
-8.604e-06
-3.871e-05
-6.52141e-06
-3.96146e-05
-3.72103e-06
-4.03122e-05
-1.31976e-06
1.25966e-06
-3.99571e-05
-3.49283e-05
-5.79019e-06
-3.30205e-05
-5.47789e-06
-3.17876e-05
-7.32197e-06
-3.10348e-05
-8.83661e-06
-3.08073e-05
-9.69723e-06
-3.10754e-05
-9.82374e-06
-3.17619e-05
-9.15299e-06
-3.27125e-05
-7.65354e-06
-3.3733e-05
-5.50096e-06
-3.45288e-05
-2.92538e-06
-3.50807e-05
-7.67895e-07
1.29144e-06
-3.51125e-05
-2.86092e-05
-1.00447e-05
-2.7067e-05
-7.02008e-06
-2.63222e-05
-8.06678e-06
-2.5972e-05
-9.18694e-06
-2.60481e-05
-9.6212e-06
-2.6517e-05
-9.35485e-06
-2.72915e-05
-8.3786e-06
-2.82201e-05
-6.72499e-06
-2.91319e-05
-4.58923e-06
-2.98326e-05
-2.22454e-06
-3.0363e-05
-2.37592e-07
1.61012e-06
-3.06818e-05
-2.23097e-05
-1.47326e-05
-2.17079e-05
-7.62197e-06
-2.16172e-05
-8.1576e-06
-2.1667e-05
-9.13722e-06
-2.19561e-05
-9.33228e-06
-2.25075e-05
-8.80353e-06
-2.32609e-05
-7.62531e-06
-2.40967e-05
-5.88927e-06
-2.48857e-05
-3.80039e-06
-2.5511e-05
-1.59939e-06
-2.60421e-05
2.93393e-07
-2.65195e-05
2.08749e-06
-3.98498e-05
1.61278e-06
-4.02053e-05
2.18495e-06
-4.09287e-05
3.08758e-06
-4.20243e-05
4.19531e-06
-4.34128e-05
5.56394e-06
-4.49541e-05
7.01887e-06
-4.64662e-05
8.31796e-06
-4.77204e-05
9.18208e-06
-4.84646e-05
9.31384e-06
-4.84455e-05
8.44889e-06
-4.74503e-05
6.32506e-06
2.84462e-06
-4.52949e-05
-3.54936e-05
1.99395e-06
-3.62962e-05
2.98746e-06
-3.74398e-05
4.23121e-06
-3.88831e-05
5.63849e-06
-4.04858e-05
7.16655e-06
-4.20516e-05
8.58452e-06
-4.33448e-05
9.61096e-06
-4.41132e-05
9.95048e-06
-4.4136e-05
9.33658e-06
-4.3276e-05
7.58884e-06
-4.14853e-05
4.5341e-06
7.16367e-08
-3.87121e-05
-3.13569e-05
2.66893e-06
-3.23867e-05
4.01726e-06
-3.36959e-05
5.54014e-06
-3.52058e-05
7.14834e-06
-3.67489e-05
8.70949e-06
-3.81078e-05
9.94331e-06
-3.90401e-05
1.05431e-05
-3.93162e-05
1.02265e-05
-3.87823e-05
8.80269e-06
-3.74409e-05
6.24735e-06
-3.54595e-05
2.55262e-06
-2.52398e-06
-3.28642e-05
-2.73023e-05
3.45178e-06
-2.83613e-05
5.07612e-06
-2.96221e-05
6.80097e-06
-3.09852e-05
8.51128e-06
-3.22771e-05
1.00012e-05
-3.32794e-05
1.09455e-05
-3.37539e-05
1.10174e-05
-3.34802e-05
9.95268e-06
-3.23201e-05
7.6425e-06
-3.03354e-05
4.26259e-06
-2.78646e-05
8.15877e-08
-2.69983e-05
-3.39027e-06
-4.2248e-05
-2.00739e-06
-4.02824e-05
-3.57125e-06
-3.86597e-05
-6.09014e-06
-3.74512e-05
-8.08491e-06
-3.67427e-05
-9.47068e-06
-3.65692e-05
-1.00927e-05
-3.69152e-05
-9.84018e-06
-3.76821e-05
-8.60466e-06
-3.87095e-05
-6.52195e-06
-3.9614e-05
-3.72172e-06
-4.03114e-05
-1.32034e-06
1.25892e-06
-3.99562e-05
-3.49282e-05
-5.79128e-06
-3.30204e-05
-5.47901e-06
-3.17875e-05
-7.32308e-06
-3.10347e-05
-8.83774e-06
-3.08072e-05
-9.69832e-06
-3.10753e-05
-9.82471e-06
-3.17617e-05
-9.15385e-06
-3.27121e-05
-7.65429e-06
-3.37325e-05
-5.50167e-06
-3.45282e-05
-2.92604e-06
-3.508e-05
-7.68751e-07
1.29071e-06
-3.51117e-05
-2.86094e-05
-1.00458e-05
-2.70672e-05
-7.02122e-06
-2.63224e-05
-8.06789e-06
-2.59721e-05
-9.18812e-06
-2.60481e-05
-9.62239e-06
-2.65169e-05
-9.35595e-06
-2.72912e-05
-8.37959e-06
-2.82197e-05
-6.72587e-06
-2.91314e-05
-4.59003e-06
-2.98321e-05
-2.22541e-06
-3.03624e-05
-2.38339e-07
1.60929e-06
-3.06813e-05
-2.23101e-05
-1.4734e-05
-2.17082e-05
-7.62316e-06
-2.16175e-05
-8.15875e-06
-2.16672e-05
-9.13849e-06
-2.19561e-05
-9.33358e-06
-2.25074e-05
-8.80476e-06
-2.32607e-05
-7.62642e-06
-2.40964e-05
-5.89025e-06
-2.48853e-05
-3.80127e-06
-2.55106e-05
-1.60018e-06
-2.60417e-05
2.92504e-07
-2.65191e-05
2.08676e-06
-3.98489e-05
1.61209e-06
-4.02045e-05
2.18431e-06
-4.09278e-05
3.08695e-06
-4.20235e-05
4.19444e-06
-4.34122e-05
5.56294e-06
-4.49539e-05
7.01789e-06
-4.64666e-05
8.31726e-06
-4.77216e-05
9.18188e-06
-4.84667e-05
9.31429e-06
-4.84485e-05
8.44987e-06
-4.74538e-05
6.32612e-06
2.84532e-06
-4.52984e-05
-3.5493e-05
1.99317e-06
-3.62956e-05
2.98676e-06
-3.74394e-05
4.23048e-06
-3.88829e-05
5.63783e-06
-4.04861e-05
7.16598e-06
-4.20526e-05
8.58421e-06
-4.33467e-05
9.61112e-06
-4.41162e-05
9.95123e-06
-4.41399e-05
9.33792e-06
-4.32806e-05
7.5905e-06
-4.14902e-05
4.53551e-06
7.22915e-08
-3.8717e-05
-3.13565e-05
2.66822e-06
-3.23865e-05
4.01666e-06
-3.36959e-05
5.53975e-06
-3.52063e-05
7.14808e-06
-3.67501e-05
8.70955e-06
-3.81098e-05
9.94384e-06
-3.90431e-05
1.05442e-05
-3.93202e-05
1.02282e-05
-3.87872e-05
8.80484e-06
-3.74464e-05
6.2496e-06
-3.54652e-05
2.55432e-06
-2.52342e-06
-3.28698e-05
-2.73022e-05
3.4511e-06
-2.83614e-05
5.07566e-06
-2.96227e-05
6.80077e-06
-3.09863e-05
8.5115e-06
-3.22789e-05
1.00019e-05
-3.32821e-05
1.09468e-05
-3.37575e-05
1.10195e-05
-3.34846e-05
9.95519e-06
-3.23251e-05
7.64522e-06
-3.03407e-05
4.26518e-06
-2.787e-05
8.34502e-08
-2.7004e-05
-3.38941e-06
-4.22515e-05
-2.00733e-06
-4.02864e-05
-3.57026e-06
-3.86642e-05
-6.08848e-06
-3.74561e-05
-8.08258e-06
-3.6748e-05
-9.46769e-06
-3.65748e-05
-1.00891e-05
-3.6921e-05
-9.83601e-06
-3.76879e-05
-8.60011e-06
-3.87152e-05
-6.51737e-06
-3.96194e-05
-3.71735e-06
-4.03167e-05
-1.31656e-06
1.26252e-06
-3.99612e-05
-3.49328e-05
-5.79156e-06
-3.30253e-05
-5.47774e-06
-3.17928e-05
-7.321e-06
-3.10404e-05
-8.83509e-06
-3.0813e-05
-9.69513e-06
-3.10811e-05
-9.82103e-06
-3.17674e-05
-9.14975e-06
-3.27177e-05
-7.64997e-06
-3.37377e-05
-5.49735e-06
-3.45331e-05
-2.9221e-06
-3.50846e-05
-7.65091e-07
1.29391e-06
-3.5116e-05
-2.86144e-05
-1.00468e-05
-2.70723e-05
-7.01978e-06
-2.63278e-05
-8.06552e-06
-2.59777e-05
-9.1853e-06
-2.60537e-05
-9.61916e-06
-2.65225e-05
-9.35237e-06
-2.72965e-05
-8.37574e-06
-2.82246e-05
-6.72189e-06
-2.91359e-05
-4.58613e-06
-2.98362e-05
-2.22176e-06
-3.03661e-05
-2.35237e-07
1.61212e-06
-3.06844e-05
-2.23147e-05
-1.4736e-05
-2.1713e-05
-7.62147e-06
-2.16225e-05
-8.15614e-06
-2.16724e-05
-9.13558e-06
-2.19612e-05
-9.33042e-06
-2.25123e-05
-8.80138e-06
-2.32653e-05
-7.62289e-06
-2.41006e-05
-5.88669e-06
-2.48889e-05
-3.79784e-06
-2.55138e-05
-1.59712e-06
-2.60443e-05
2.95241e-07
-2.65211e-05
2.08895e-06
-3.98537e-05
1.61544e-06
-4.02089e-05
2.18738e-06
-4.0932e-05
3.08972e-06
-4.20272e-05
4.19708e-06
-4.34153e-05
5.56513e-06
-4.49561e-05
7.01923e-06
-4.64674e-05
8.31735e-06
-4.77209e-05
9.18045e-06
-4.84644e-05
9.31125e-06
-4.84448e-05
8.44553e-06
-4.74493e-05
6.3214e-06
2.84128e-06
-4.52941e-05
-3.54967e-05
1.99618e-06
-3.62988e-05
2.98938e-06
-3.74418e-05
4.23281e-06
-3.88845e-05
5.63966e-06
-4.04866e-05
7.16706e-06
-4.20516e-05
8.58415e-06
-4.3344e-05
9.60961e-06
-4.41119e-05
9.94821e-06
-4.41342e-05
9.33355e-06
-4.32741e-05
7.58531e-06
-4.14835e-05
4.53061e-06
6.88379e-08
-3.87108e-05
-3.13589e-05
2.67062e-06
-3.23882e-05
4.01856e-06
-3.36966e-05
5.54105e-06
-3.52058e-05
7.14879e-06
-3.67481e-05
8.70924e-06
-3.81063e-05
9.94218e-06
-3.90379e-05
1.05411e-05
-3.93136e-05
1.02238e-05
-3.87796e-05
8.79949e-06
-3.74383e-05
6.24396e-06
-3.54573e-05
2.54954e-06
-2.52611e-06
-3.28626e-05
-2.73034e-05
3.45286e-06
-2.83617e-05
5.07674e-06
-2.96218e-05
6.80114e-06
-3.09841e-05
8.51096e-06
-3.22752e-05
1.00002e-05
-3.32769e-05
1.09437e-05
-3.37509e-05
1.1015e-05
-3.34769e-05
9.94975e-06
-3.23169e-05
7.6394e-06
-3.03326e-05
4.25959e-06
-2.78624e-05
7.91283e-08
-2.69966e-05
-3.3919e-06
-4.22479e-05
-2.00968e-06
-4.02829e-05
-3.57306e-06
-3.86607e-05
-6.09148e-06
-3.74526e-05
-8.08581e-06
-3.67445e-05
-9.47118e-06
-3.65714e-05
-1.00928e-05
-3.69178e-05
-9.83983e-06
-3.76851e-05
-8.60384e-06
-3.87128e-05
-6.52074e-06
-3.96175e-05
-3.7203e-06
-4.03148e-05
-1.319e-06
1.25991e-06
-3.4928e-05
-5.7925e-06
-3.3021e-05
-5.48e-06
-3.17887e-05
-7.32378e-06
-3.10365e-05
-8.8381e-06
-3.08095e-05
-9.69834e-06
-3.1078e-05
-9.82436e-06
-3.17648e-05
-9.15309e-06
-3.27156e-05
-7.65313e-06
-3.37362e-05
-5.50022e-06
-3.4532e-05
-2.92453e-06
-3.50836e-05
-7.67552e-07
1.29106e-06
-2.86092e-05
-1.00457e-05
-2.70679e-05
-7.0213e-06
-2.63238e-05
-8.06792e-06
-2.5974e-05
-9.18791e-06
-2.60505e-05
-9.6219e-06
-2.65198e-05
-9.35515e-06
-2.72945e-05
-8.37845e-06
-2.82233e-05
-6.7244e-06
-2.91351e-05
-4.5884e-06
-2.98359e-05
-2.22387e-06
-3.0366e-05
-2.37398e-07
1.60907e-06
-2.231e-05
-1.47323e-05
-2.1709e-05
-7.62234e-06
-2.16188e-05
-8.15815e-06
-2.16691e-05
-9.13776e-06
-2.19585e-05
-9.33262e-06
-2.25102e-05
-8.80355e-06
-2.32638e-05
-7.62493e-06
-2.40998e-05
-5.88854e-06
-2.48888e-05
-3.79952e-06
-2.5514e-05
-1.59869e-06
-2.60448e-05
2.93176e-07
2.08585e-06
-2.32952e-05
4.19578e-06
2.25492e-05
-2.4231e-05
6.01117e-06
-2.52842e-05
7.85376e-06
-2.6348e-05
9.57469e-06
-2.72535e-05
1.09063e-05
-2.77863e-05
1.14779e-05
-2.76962e-05
1.0927e-05
-2.67071e-05
8.9632e-06
-2.45065e-05
5.44185e-06
-2.0654e-05
4.10273e-07
-1.40191e-05
-6.55285e-06
-1.74086e-05
-1.93602e-05
4.80354e-06
1.87521e-05
-2.00713e-05
6.72207e-06
-2.08166e-05
8.59892e-06
-2.14927e-05
1.02506e-05
-2.19443e-05
1.13578e-05
-2.19698e-05
1.15032e-05
-2.13167e-05
1.02739e-05
-1.96744e-05
7.32083e-06
-1.66495e-05
2.417e-06
-1.16597e-05
-4.57952e-06
-4.957e-06
-1.32556e-05
-2.23656e-05
-1.55561e-05
5.21204e-06
1.51475e-05
-1.59874e-05
7.15322e-06
-1.63789e-05
8.99029e-06
-1.66403e-05
1.05118e-05
-1.66423e-05
1.13597e-05
-1.62187e-05
1.10795e-05
-1.51599e-05
9.21501e-06
-1.32211e-05
5.38195e-06
-1.02078e-05
-5.96306e-07
-6.18627e-06
-8.60104e-06
-2.09181e-06
-1.735e-05
-2.44573e-05
-1.19467e-05
5.39146e-06
1.1767e-05
-1.20796e-05
7.28602e-06
-1.21138e-05
9.02427e-06
-1.19803e-05
1.03782e-05
-1.15892e-05
1.09685e-05
-1.08337e-05
1.03239e-05
-9.59127e-06
7.97257e-06
-7.75594e-06
3.54658e-06
-5.39628e-06
-2.95598e-06
-2.90367e-06
-1.10936e-05
-8.74047e-07
-1.93796e-05
-2.53313e-05
-8.58981e-06
5.3351e-06
8.64604e-06
-8.43026e-06
7.12636e-06
-8.12942e-06
8.72335e-06
-7.64623e-06
9.89499e-06
-6.93856e-06
1.02608e-05
-5.97309e-06
9.35834e-06
-4.73022e-06
6.72965e-06
-3.23705e-06
2.05338e-06
-1.70255e-06
-4.4905e-06
-4.51875e-07
-1.23443e-05
3.37012e-07
-2.01685e-05
-2.49942e-05
-5.53047e-06
5.05214e-06
5.81325e-06
-5.0986e-06
6.69439e-06
-4.49693e-06
8.12158e-06
-3.71545e-06
9.11343e-06
-2.76169e-06
9.30697e-06
-1.67657e-06
8.27316e-06
-5.32745e-07
5.58579e-06
5.55509e-07
9.65095e-07
1.33571e-06
-5.27072e-06
1.61343e-06
-1.26221e-05
1.36813e-06
-1.99232e-05
-2.36261e-05
-2.79711e-06
4.56269e-06
3.28646e-06
-2.12063e-06
6.01783e-06
-1.25476e-06
7.25573e-06
-2.20775e-07
8.07939e-06
9.27978e-07
8.15821e-06
2.0848e-06
7.11629e-06
3.10561e-06
4.56495e-06
3.8304e-06
2.40283e-07
3.9911e-06
-5.43146e-06
3.47276e-06
-1.21037e-05
2.34721e-06
-1.87976e-05
-2.12789e-05
-4.00918e-07
3.8927e-06
1.07073e-06
4.89811e-07
5.12709e-06
1.58586e-06
6.15964e-06
2.83684e-06
6.82838e-06
4.15175e-06
6.84324e-06
5.36957e-06
5.89843e-06
6.29173e-06
3.64274e-06
6.73473e-06
-2.02769e-07
6.40097e-06
-5.09773e-06
5.18529e-06
-1.08881e-05
3.18964e-06
-1.6802e-05
-1.80893e-05
1.66553e-06
3.07107e-06
-8.43771e-07
2.74095e-06
4.05143e-06
4.03828e-06
4.86256e-06
5.48272e-06
5.38372e-06
6.95441e-06
5.37171e-06
8.24707e-06
4.60567e-06
9.11862e-06
2.77121e-06
9.36914e-06
-4.53275e-07
8.63816e-06
-4.36686e-06
6.77879e-06
-9.02865e-06
3.91313e-06
-1.39365e-05
-1.41762e-05
3.43388e-06
2.12535e-06
-2.48834e-06
4.66812e-06
2.81717e-06
6.14417e-06
3.3866e-06
7.77053e-06
3.75729e-06
9.40432e-06
3.73795e-06
1.07992e-05
3.21074e-06
1.16709e-05
1.89955e-06
1.18078e-05
-5.90278e-07
1.07404e-05
-3.29946e-06
8.25439e-06
-6.54264e-06
4.48248e-06
-1.01647e-05
-9.69373e-06
4.98983e-06
1.08319e-06
-3.94814e-06
6.35931e-06
1.44757e-06
7.99711e-06
1.74894e-06
9.8026e-06
1.95169e-06
1.16073e-05
1.93332e-06
1.31432e-05
1.67477e-06
1.40518e-05
9.90875e-07
1.41021e-05
-6.40564e-07
1.26794e-05
-1.87688e-06
9.57347e-06
-3.43668e-06
4.94864e-06
-5.53993e-06
-4.74524e-06
6.49218e-06
-5.40922e-06
7.93979e-06
9.6887e-06
1.16404e-05
1.35737e-05
1.52485e-05
1.62393e-05
1.55988e-05
1.37219e-05
1.02852e-05
4.74524e-06
-1.40859e-05
-6.47071e-07
-1.66322e-05
-5.07586e-06
-1.73979e-05
-7.392e-06
-1.78587e-05
-8.67656e-06
-1.83117e-05
-8.87932e-06
-1.88897e-05
-8.2256e-06
-1.95804e-05
-6.93469e-06
-2.03052e-05
-5.16461e-06
-2.09758e-05
-3.12983e-06
-2.15275e-05
-1.04765e-06
-2.20324e-05
7.98106e-07
2.60232e-06
-2.25473e-05
-9.05226e-06
8.40512e-06
-1.24612e-05
-1.66697e-06
-1.37194e-05
-6.13392e-06
-1.44542e-05
-7.9419e-06
-1.50171e-05
-8.31661e-06
-1.55914e-05
-7.65147e-06
-1.62076e-05
-6.31857e-06
-1.68227e-05
-4.54965e-06
-1.73815e-05
-2.57112e-06
-1.78509e-05
-5.78504e-07
-1.82916e-05
1.23881e-06
3.06114e-06
-1.87505e-05
-6.18393e-06
1.45889e-05
-9.1332e-06
1.28215e-06
-1.05428e-05
-4.72448e-06
-1.13972e-05
-7.08753e-06
-1.20173e-05
-7.69664e-06
-1.25729e-05
-7.09602e-06
-1.31179e-05
-5.77359e-06
-1.36339e-05
-4.03375e-06
-1.4088e-05
-2.1172e-06
-1.44637e-05
-2.02815e-07
-1.48067e-05
1.58171e-06
3.40048e-06
-1.51461e-05
-4.11754e-06
1.87062e-05
-6.41763e-06
3.58218e-06
-7.76611e-06
-3.37612e-06
-8.63309e-06
-6.22069e-06
-9.2711e-06
-7.05876e-06
-9.8068e-06
-6.56045e-06
-1.02934e-05
-5.28708e-06
-1.07261e-05
-3.60122e-06
-1.10852e-05
-1.75825e-06
-1.13608e-05
7.26108e-08
-1.15831e-05
1.80394e-06
3.58333e-06
-1.1766e-05
-2.40027e-06
2.11071e-05
-4.07153e-06
5.25342e-06
-5.27407e-06
-2.17364e-06
-6.10094e-06
-5.3939e-06
-6.74149e-06
-6.41832e-06
-7.27026e-06
-6.03177e-06
-7.71841e-06
-4.83903e-06
-8.08723e-06
-3.23248e-06
-8.36473e-06
-1.48085e-06
-8.54179e-06
2.4962e-07
-8.63448e-06
1.89651e-06
3.59405e-06
-8.64529e-06
-8.63321e-07
2.19703e-05
-1.93874e-06
6.32877e-06
-2.96386e-06
-1.14864e-06
-3.7453e-06
-4.61263e-06
-4.39929e-06
-5.76445e-06
-4.94281e-06
-5.48838e-06
-5.37815e-06
-4.40381e-06
-5.70603e-06
-2.90472e-06
-5.9189e-06
-1.26808e-06
-6.00649e-06
3.37072e-07
-5.97295e-06
1.86289e-06
3.43387e-06
-5.81283e-06
5.89759e-07
2.1381e-05
7.988e-08
6.83877e-06
-7.58325e-07
-3.10546e-07
-1.51725e-06
-3.85373e-06
-2.21474e-06
-5.06711e-06
-2.80421e-06
-4.89899e-06
-3.25761e-06
-3.95055e-06
-3.57065e-06
-2.59176e-06
-3.73925e-06
-1.09962e-06
-3.75193e-06
3.49691e-07
-3.60433e-06
1.71518e-06
3.11578e-06
-3.28632e-06
1.98405e-06
1.93971e-05
2.03336e-06
6.78928e-06
1.39335e-06
3.294e-07
6.2468e-07
-3.08527e-06
-1.56664e-07
-4.28589e-06
-8.32099e-07
-4.22373e-06
-1.3389e-06
-3.44386e-06
-1.66617e-06
-2.26464e-06
-1.8134e-06
-9.52486e-07
-1.76963e-06
3.05779e-07
-1.52605e-06
1.47151e-06
2.66049e-06
-1.07084e-06
3.30299e-06
1.60931e-05
3.94086e-06
6.15201e-06
3.52042e-06
7.49176e-07
2.71313e-06
-2.27757e-06
1.80737e-06
-3.38057e-06
1.00236e-06
-3.41858e-06
4.03327e-07
-2.84512e-06
2.97796e-08
-1.89105e-06
-1.20924e-07
-8.02037e-07
-4.12486e-08
2.26145e-07
2.76423e-07
1.15373e-06
2.09336e-06
8.43472e-07
4.59241e-06
1.15002e-05
5.7904e-06
4.95374e-06
5.6361e-06
9.03121e-07
4.78392e-06
-1.42548e-06
3.72792e-06
-2.32485e-06
2.75396e-06
-2.44478e-06
2.01876e-06
-2.11016e-06
1.55932e-06
-1.4318e-06
1.37645e-06
-6.19386e-07
1.47057e-06
1.31926e-07
1.83749e-06
7.86743e-07
1.44289e-06
2.48785e-06
5.61544e-06
5.88374e-06
7.54091e-06
3.02777e-06
7.74415e-06
6.99073e-07
6.90726e-06
-5.88837e-07
5.72351e-06
-1.14166e-06
4.55826e-06
-1.27989e-06
3.62881e-06
-1.18125e-06
3.02204e-06
-8.25491e-07
2.76584e-06
-3.63756e-07
2.84994e-06
4.75842e-08
3.24162e-06
3.94862e-07
7.36894e-07
3.94739e-06
5.88365e-06
8.91124e-06
9.61027e-06
9.02133e-06
7.87961e-06
6.59961e-06
5.41828e-06
4.59266e-06
4.22885e-06
4.27639e-06
4.6712e-06
5.40806e-06
-2.32935e-05
4.19793e-06
-2.42295e-05
6.01204e-06
-2.52831e-05
7.85432e-06
-2.63471e-05
9.57521e-06
-2.72529e-05
1.09068e-05
-2.7786e-05
1.14784e-05
-2.76963e-05
1.09275e-05
-2.67073e-05
8.96358e-06
-2.45068e-05
5.44201e-06
-2.06544e-05
4.101e-07
-1.40195e-05
-6.55347e-06
-1.74099e-05
-1.93587e-05
4.8061e-06
-2.007e-05
6.72325e-06
-2.08156e-05
8.59985e-06
-2.14919e-05
1.02514e-05
-2.19438e-05
1.13586e-05
-2.19696e-05
1.1504e-05
-2.13167e-05
1.02745e-05
-1.96746e-05
7.32133e-06
-1.66499e-05
2.41725e-06
-1.16602e-05
-4.57964e-06
-4.95742e-06
-1.32564e-05
-2.23675e-05
-1.55549e-05
5.21479e-06
-1.59863e-05
7.1546e-06
-1.6378e-05
8.99143e-06
-1.66396e-05
1.05129e-05
-1.66419e-05
1.13607e-05
-1.62185e-05
1.10804e-05
-1.51599e-05
9.21584e-06
-1.32212e-05
5.38257e-06
-1.02081e-05
-5.95966e-07
-6.18665e-06
-8.60116e-06
-2.09212e-06
-1.7351e-05
-2.44596e-05
-1.19456e-05
5.39444e-06
-1.20787e-05
7.28761e-06
-1.2113e-05
9.02566e-06
-1.19797e-05
1.03795e-05
-1.15888e-05
1.09697e-05
-1.08334e-05
1.03249e-05
-9.59123e-06
7.97352e-06
-7.75604e-06
3.5473e-06
-5.39649e-06
-2.95557e-06
-2.90389e-06
-1.10938e-05
-8.74193e-07
-1.93808e-05
-2.5334e-05
-8.58902e-06
5.33809e-06
-8.4295e-06
7.12802e-06
-8.12875e-06
8.72482e-06
-7.64567e-06
9.89631e-06
-6.93814e-06
1.02621e-05
-5.97282e-06
9.3595e-06
-4.73008e-06
6.73068e-06
-3.23702e-06
2.05416e-06
-1.70258e-06
-4.49008e-06
-4.51857e-07
-1.23446e-05
3.37091e-07
-2.01699e-05
-2.4997e-05
-5.52989e-06
5.05511e-06
-5.09799e-06
6.69608e-06
-4.49635e-06
8.12317e-06
-3.71492e-06
9.1148e-06
-2.76124e-06
9.30829e-06
-1.6762e-06
8.27435e-06
-5.3246e-07
5.58685e-06
5.55738e-07
9.65886e-07
1.33593e-06
-5.27031e-06
1.61369e-06
-1.26224e-05
1.36837e-06
-1.99247e-05
-2.36287e-05
-2.79673e-06
4.56544e-06
-2.12014e-06
6.01945e-06
-1.25425e-06
7.25721e-06
-2.2024e-07
8.08071e-06
9.28496e-07
8.15949e-06
2.0853e-06
7.11746e-06
3.10608e-06
4.56598e-06
3.83086e-06
2.41045e-07
3.99157e-06
-5.43111e-06
3.47323e-06
-1.21041e-05
2.34759e-06
-1.87992e-05
-2.12813e-05
-4.00675e-07
3.89523e-06
4.90216e-07
5.12852e-06
1.58633e-06
6.16107e-06
2.8374e-06
6.82958e-06
4.15236e-06
6.84443e-06
5.37022e-06
5.89949e-06
6.2924e-06
3.64372e-06
6.73544e-06
-2.02086e-07
6.4017e-06
-5.09743e-06
5.18597e-06
-1.08885e-05
3.19014e-06
-1.68035e-05
-1.80913e-05
1.66564e-06
3.073e-06
2.74133e-06
4.05279e-06
4.03872e-06
4.86362e-06
5.48333e-06
5.38478e-06
6.95511e-06
5.37267e-06
8.24788e-06
4.60663e-06
9.11949e-06
2.77201e-06
9.37009e-06
-4.52672e-07
8.63912e-06
-4.36664e-06
6.77966e-06
-9.02902e-06
3.9137e-06
-1.39377e-05
-1.41777e-05
3.43397e-06
2.1268e-06
4.66849e-06
2.8182e-06
6.14465e-06
3.38731e-06
7.77119e-06
3.75804e-06
9.40512e-06
3.73864e-06
1.08002e-05
3.21145e-06
1.16719e-05
1.90013e-06
1.1809e-05
-5.89838e-07
1.07416e-05
-3.29934e-06
8.25544e-06
-6.54296e-06
4.48312e-06
-1.01656e-05
-9.69475e-06
4.98988e-06
1.08413e-06
6.35973e-06
1.44817e-06
7.99764e-06
1.74908e-06
9.80331e-06
1.95194e-06
1.16082e-05
1.93355e-06
1.31443e-05
1.67509e-06
1.40531e-05
9.91119e-07
1.41035e-05
-6.40385e-07
1.26809e-05
-1.8769e-06
9.57469e-06
-3.43693e-06
4.94931e-06
-5.54052e-06
-4.74594e-06
6.49216e-06
7.94027e-06
9.68927e-06
1.16412e-05
1.35747e-05
1.52497e-05
1.62408e-05
1.56004e-05
1.37235e-05
1.02865e-05
4.74594e-06
-1.40863e-05
-6.48224e-07
-1.66325e-05
-5.07706e-06
-1.73982e-05
-7.3932e-06
-1.78589e-05
-8.67792e-06
-1.83118e-05
-8.88073e-06
-1.88897e-05
-8.22696e-06
-1.95803e-05
-6.9359e-06
-2.03049e-05
-5.16567e-06
-2.09755e-05
-3.13074e-06
-2.15273e-05
-1.04853e-06
-2.20322e-05
7.97382e-07
2.60161e-06
-2.25473e-05
-9.05263e-06
8.4041e-06
-1.24616e-05
-1.66816e-06
-1.37198e-05
-6.13519e-06
-1.44545e-05
-7.94333e-06
-1.50173e-05
-8.31811e-06
-1.55914e-05
-7.65292e-06
-1.62076e-05
-6.31986e-06
-1.68226e-05
-4.55074e-06
-1.73814e-05
-2.57204e-06
-1.78508e-05
-5.79265e-07
-1.82917e-05
1.23805e-06
3.06059e-06
-1.87507e-05
-6.18423e-06
1.45879e-05
-9.13359e-06
1.28103e-06
-1.05431e-05
-4.72577e-06
-1.13976e-05
-7.08901e-06
-1.20176e-05
-7.69821e-06
-1.2573e-05
-7.09753e-06
-1.3118e-05
-5.77492e-06
-1.3634e-05
-4.03484e-06
-1.40881e-05
-2.11807e-06
-1.44639e-05
-2.03572e-07
-1.4807e-05
1.58114e-06
3.40001e-06
-1.51466e-05
-4.11784e-06
1.87055e-05
-6.41804e-06
3.58113e-06
-7.76652e-06
-3.3774e-06
-8.63347e-06
-6.22219e-06
-9.27145e-06
-7.06034e-06
-9.80711e-06
-6.56198e-06
-1.02937e-05
-5.2884e-06
-1.07264e-05
-3.60228e-06
-1.10855e-05
-1.75905e-06
-1.13612e-05
7.19998e-08
-1.15837e-05
1.80342e-06
3.58303e-06
-1.17668e-05
-2.4006e-06
2.11065e-05
-4.07196e-06
5.25246e-06
-5.27453e-06
-2.17488e-06
-6.10142e-06
-5.39536e-06
-6.74198e-06
-6.41987e-06
-7.27074e-06
-6.03328e-06
-7.71891e-06
-4.84033e-06
-8.08778e-06
-3.23349e-06
-8.36535e-06
-1.48157e-06
-8.54253e-06
2.49077e-07
-8.63536e-06
1.89618e-06
3.59387e-06
-8.64637e-06
-8.6368e-07
2.19699e-05
-1.93922e-06
6.32791e-06
-2.9644e-06
-1.14979e-06
-3.7459e-06
-4.61399e-06
-4.39995e-06
-5.76592e-06
-4.9435e-06
-5.48984e-06
-5.37888e-06
-4.40503e-06
-5.70683e-06
-2.90563e-06
-5.91981e-06
-1.26869e-06
-6.00751e-06
3.36677e-07
-5.97412e-06
1.86265e-06
3.43384e-06
-5.81417e-06
5.89375e-07
2.13808e-05
7.93535e-08
6.83804e-06
-7.58963e-07
-3.11587e-07
-1.51798e-06
-3.85497e-06
-2.21557e-06
-5.06846e-06
-2.80511e-06
-4.90035e-06
-3.25858e-06
-3.95168e-06
-3.57172e-06
-2.59256e-06
-3.74044e-06
-1.10011e-06
-3.75323e-06
3.49385e-07
-3.60576e-06
1.71511e-06
3.11587e-06
-3.28792e-06
1.98366e-06
1.93972e-05
2.03278e-06
6.78869e-06
1.39261e-06
3.28534e-07
6.23802e-07
-3.08635e-06
-1.57683e-07
-4.28707e-06
-8.33211e-07
-4.22497e-06
-1.34012e-06
-3.44485e-06
-1.6675e-06
-2.26531e-06
-1.81486e-06
-9.52862e-07
-1.7712e-06
3.05589e-07
-1.52774e-06
1.47153e-06
2.66069e-06
-1.07267e-06
3.30263e-06
1.60933e-05
3.94026e-06
6.15164e-06
3.51958e-06
7.48461e-07
2.71212e-06
-2.27841e-06
1.80617e-06
-3.38159e-06
1.00104e-06
-3.41961e-06
4.01866e-07
-2.846e-06
2.81956e-08
-1.89155e-06
-1.22655e-07
-8.0233e-07
-4.30619e-08
2.26067e-07
2.74528e-07
1.15387e-06
2.09369e-06
8.41449e-07
4.59209e-06
1.15004e-05
5.78977e-06
4.95352e-06
5.6352e-06
9.02635e-07
4.78281e-06
-1.42608e-06
3.72657e-06
-2.32561e-06
2.75246e-06
-2.44559e-06
2.01708e-06
-2.11083e-06
1.5575e-06
-1.43211e-06
1.37447e-06
-6.19581e-07
1.46854e-06
1.3193e-07
1.83543e-06
7.86967e-07
1.44317e-06
2.48566e-06
5.61521e-06
5.88361e-06
7.54032e-06
3.02768e-06
7.74326e-06
6.98763e-07
6.90614e-06
-5.89157e-07
5.72208e-06
-1.14206e-06
4.5566e-06
-1.28033e-06
3.62692e-06
-1.18162e-06
3.01998e-06
-8.25593e-07
2.76364e-06
-3.63892e-07
2.84773e-06
4.76569e-08
3.23945e-06
3.95075e-07
7.36901e-07
3.9451e-06
5.88346e-06
8.91095e-06
9.60968e-06
9.02042e-06
7.87832e-06
6.5979e-06
5.4162e-06
4.59046e-06
4.22652e-06
4.27415e-06
4.6691e-06
5.40583e-06
-2.32937e-05
4.19742e-06
-2.42301e-05
6.01183e-06
-2.5284e-05
7.85456e-06
-2.63486e-05
9.57593e-06
-2.72551e-05
1.09082e-05
-2.77889e-05
1.14805e-05
-2.76999e-05
1.09302e-05
-2.67114e-05
8.96658e-06
-2.45111e-05
5.44483e-06
-2.06583e-05
4.12307e-07
-1.40221e-05
-6.55269e-06
-1.74116e-05
-1.93592e-05
4.80572e-06
-2.00708e-05
6.72323e-06
-2.08168e-05
8.60035e-06
-2.14936e-05
1.02525e-05
-2.19461e-05
1.13605e-05
-2.19724e-05
1.15066e-05
-2.13199e-05
1.02777e-05
-1.96779e-05
7.32447e-06
-1.66529e-05
2.41974e-06
-1.16622e-05
-4.57837e-06
-4.95811e-06
-1.32569e-05
-2.23698e-05
-1.55557e-05
5.21461e-06
-1.59874e-05
7.15483e-06
-1.63795e-05
8.99227e-06
-1.66414e-05
1.05144e-05
-1.66441e-05
1.13631e-05
-1.6221e-05
1.10834e-05
-1.51625e-05
9.21915e-06
-1.32237e-05
5.38558e-06
-1.021e-05
-5.94012e-07
-6.18771e-06
-8.60071e-06
-2.09233e-06
-1.73522e-05
-2.4462e-05
-1.19467e-05
5.39438e-06
-1.208e-05
7.28798e-06
-1.21146e-05
9.02667e-06
-1.19815e-05
1.03812e-05
-1.15908e-05
1.09722e-05
-1.08355e-05
1.0328e-05
-9.59325e-06
7.97677e-06
-7.75776e-06
3.55002e-06
-5.39766e-06
-2.95413e-06
-2.90448e-06
-1.10939e-05
-8.74332e-07
-1.93824e-05
-2.53364e-05
-8.5903e-06
5.3382e-06
-8.43097e-06
7.12854e-06
-8.1304e-06
8.72599e-06
-7.64743e-06
9.8981e-06
-6.93993e-06
1.02646e-05
-5.97451e-06
9.3625e-06
-4.73154e-06
6.73372e-06
-3.23812e-06
2.05655e-06
-1.70323e-06
-4.48904e-06
-4.52178e-07
-1.23449e-05
3.37016e-07
-2.01715e-05
-2.49993e-05
-5.53141e-06
5.05532e-06
-5.09963e-06
6.69663e-06
-4.49808e-06
8.12433e-06
-3.71662e-06
9.11652e-06
-2.76283e-06
9.31073e-06
-1.67754e-06
8.27712e-06
-5.33468e-07
5.58959e-06
5.55091e-07
9.67951e-07
1.33562e-06
-5.26959e-06
1.61357e-06
-1.26229e-05
1.36837e-06
-1.99264e-05
-2.3631e-05
-2.79848e-06
4.56575e-06
-2.12194e-06
6.02003e-06
-1.25606e-06
7.25834e-06
-2.21886e-07
8.0823e-06
9.27067e-07
8.1617e-06
2.08424e-06
7.1199e-06
3.10542e-06
4.56837e-06
3.83054e-06
2.42777e-07
3.99153e-06
-5.43058e-06
3.47328e-06
-1.21047e-05
2.34768e-06
-1.88008e-05
-2.12833e-05
-4.02637e-07
3.89564e-06
4.88262e-07
5.12901e-06
1.58445e-06
6.16207e-06
2.83578e-06
6.83085e-06
4.15104e-06
6.84636e-06
5.36936e-06
5.9015e-06
6.29198e-06
3.64567e-06
6.73536e-06
-2.00638e-07
6.40186e-06
-5.09712e-06
5.18616e-06
-1.0889e-05
3.19029e-06
-1.68049e-05
-1.80931e-05
1.66346e-06
3.07328e-06
2.73925e-06
4.05339e-06
4.03673e-06
4.86429e-06
5.48174e-06
5.38597e-06
6.95385e-06
5.37407e-06
8.24717e-06
4.60822e-06
9.11927e-06
2.77359e-06
9.37019e-06
-4.51665e-07
8.63951e-06
-4.36631e-06
6.77998e-06
-9.02957e-06
3.91393e-06
-1.39389e-05
-1.41792e-05
3.43164e-06
2.12699e-06
4.66626e-06
2.81866e-06
6.14259e-06
3.38775e-06
7.76957e-06
3.75892e-06
9.40393e-06
3.7396e-06
1.07996e-05
3.21255e-06
1.16719e-05
1.90125e-06
1.18093e-05
-5.89146e-07
1.07422e-05
-3.29914e-06
8.2559e-06
-6.54341e-06
4.4834e-06
-1.01664e-05
-9.69582e-06
4.98743e-06
1.08393e-06
6.35739e-06
1.44837e-06
7.9955e-06
1.74919e-06
9.80169e-06
1.95254e-06
1.1607e-05
1.93404e-06
1.31438e-05
1.67571e-06
1.40532e-05
9.91796e-07
1.4104e-05
-6.40011e-07
1.26816e-05
-1.87676e-06
9.57528e-06
-3.43718e-06
4.94965e-06
-5.54085e-06
-4.7463e-06
6.4897e-06
7.93797e-06
9.68713e-06
1.16396e-05
1.35737e-05
1.52494e-05
1.62411e-05
1.56011e-05
1.37244e-05
1.02872e-05
4.7463e-06
-1.40896e-05
-6.46749e-07
-1.66367e-05
-5.07449e-06
-1.74027e-05
-7.39034e-06
-1.78634e-05
-8.67498e-06
-1.83162e-05
-8.87772e-06
-1.88938e-05
-8.22384e-06
-1.9584e-05
-6.93276e-06
-2.03082e-05
-5.16258e-06
-2.09783e-05
-3.12784e-06
-2.15295e-05
-1.04593e-06
-2.20337e-05
7.99432e-07
2.60324e-06
-2.25481e-05
-9.05512e-06
8.40824e-06
-1.2465e-05
-1.66466e-06
-1.37234e-05
-6.13209e-06
-1.44581e-05
-7.9404e-06
-1.50207e-05
-8.31527e-06
-1.55946e-05
-7.65011e-06
-1.62103e-05
-6.31711e-06
-1.68249e-05
-4.54812e-06
-1.73832e-05
-2.56964e-06
-1.7852e-05
-5.77279e-07
-1.82922e-05
1.23962e-06
3.06152e-06
-1.87506e-05
-6.18611e-06
1.45941e-05
-9.13617e-06
1.28525e-06
-1.05459e-05
-4.72251e-06
-1.14002e-05
-7.08614e-06
-1.202e-05
-7.69558e-06
-1.25752e-05
-7.09504e-06
-1.31198e-05
-5.77258e-06
-1.36353e-05
-4.0327e-06
-1.40888e-05
-2.1162e-06
-1.44641e-05
-2.02057e-07
-1.48067e-05
1.58207e-06
3.4004e-06
-1.51456e-05
-4.11908e-06
1.8713e-05
-6.41976e-06
3.58585e-06
-7.76833e-06
-3.37408e-06
-8.63517e-06
-6.21944e-06
-9.27292e-06
-7.05797e-06
-9.80826e-06
-6.55982e-06
-1.02945e-05
-5.28647e-06
-1.07267e-05
-3.60059e-06
-1.10854e-05
-1.75765e-06
-1.13606e-05
7.29986e-08
-1.15825e-05
1.80393e-06
3.58286e-06
-1.1765e-05
-2.40122e-06
2.11147e-05
-4.07283e-06
5.25743e-06
-5.2754e-06
-2.17156e-06
-6.10212e-06
-5.39282e-06
-6.74241e-06
-6.41778e-06
-7.27089e-06
-6.03144e-06
-7.71868e-06
-4.83878e-06
-8.08714e-06
-3.23223e-06
-8.36428e-06
-1.4806e-06
-8.54103e-06
2.49691e-07
-8.63344e-06
1.89623e-06
3.59333e-06
-8.64399e-06
-8.63692e-07
2.19783e-05
-1.93923e-06
6.33288e-06
-2.96432e-06
-1.1466e-06
-3.7456e-06
-4.6117e-06
-4.39937e-06
-5.76413e-06
-4.94265e-06
-5.48828e-06
-5.3777e-06
-4.40383e-06
-5.70529e-06
-2.90474e-06
-5.91789e-06
-1.2681e-06
-6.00524e-06
3.36924e-07
-5.97151e-06
1.86241e-06
3.43299e-06
-5.81124e-06
5.89947e-07
2.13887e-05
8.01718e-08
6.84276e-06
-7.57928e-07
-3.08602e-07
-1.5167e-06
-3.85296e-06
-2.21401e-06
-5.06696e-06
-2.80332e-06
-4.89906e-06
-3.25651e-06
-3.95076e-06
-3.56934e-06
-2.592e-06
-3.73773e-06
-1.09983e-06
-3.75025e-06
3.49386e-07
-3.60255e-06
1.7146e-06
3.11486e-06
-3.28451e-06
1.98477e-06
1.94041e-05
2.03439e-06
6.79294e-06
1.39456e-06
3.31141e-07
6.26034e-07
-3.08465e-06
-1.55176e-07
-4.28588e-06
-8.3052e-07
-4.22388e-06
-1.33721e-06
-3.44418e-06
-1.66433e-06
-2.265e-06
-1.81144e-06
-9.52813e-07
-1.76758e-06
3.05404e-07
-1.524e-06
1.47092e-06
2.65961e-06
-1.06884e-06
3.30421e-06
1.60989e-05
3.94257e-06
6.15509e-06
3.5224e-06
7.50698e-07
2.71523e-06
-2.27715e-06
1.80957e-06
-3.38059e-06
1.00456e-06
-3.41878e-06
4.05572e-07
-2.84545e-06
3.20782e-08
-1.89149e-06
-1.1857e-07
-8.02417e-07
-3.88805e-08
2.25763e-07
2.78728e-07
1.15321e-06
2.09262e-06
8.45632e-07
4.59409e-06
1.15042e-05
5.79272e-06
4.95613e-06
5.63878e-06
9.04276e-07
4.78672e-06
-1.42521e-06
3.73076e-06
-2.32491e-06
2.75675e-06
-2.44494e-06
2.0215e-06
-2.11043e-06
1.56205e-06
-1.43221e-06
1.37915e-06
-6.19742e-07
1.47323e-06
1.31614e-07
1.84002e-06
7.86347e-07
1.44236e-06
2.49017e-06
5.61735e-06
5.88567e-06
7.54378e-06
3.02912e-06
7.74747e-06
6.99747e-07
6.9107e-06
-5.88748e-07
5.72695e-06
-1.1417e-06
4.56159e-06
-1.27997e-06
3.63204e-06
-1.18139e-06
3.02515e-06
-8.25787e-07
2.76886e-06
-3.63983e-07
2.85285e-06
4.74231e-08
3.24436e-06
3.94651e-07
7.3662e-07
3.94986e-06
5.88556e-06
8.9145e-06
9.61419e-06
9.02534e-06
7.88356e-06
6.6035e-06
5.42201e-06
4.59611e-06
4.23208e-06
4.27946e-06
4.67406e-06
5.41064e-06
-2.32937e-05
4.1984e-06
-2.42291e-05
6.01199e-06
-2.52819e-05
7.85379e-06
-2.63452e-05
9.57418e-06
-2.72504e-05
1.09051e-05
-2.77829e-05
1.14761e-05
-2.76928e-05
1.09247e-05
-2.67038e-05
8.96062e-06
-2.45037e-05
5.43924e-06
-2.0652e-05
4.07763e-07
-1.40179e-05
-6.555e-06
-1.741e-05
-1.93582e-05
4.806e-06
-2.00689e-05
6.72259e-06
-2.08138e-05
8.59869e-06
-2.14896e-05
1.02498e-05
-2.1941e-05
1.13564e-05
-2.19663e-05
1.15013e-05
-2.13134e-05
1.02716e-05
-1.96714e-05
7.31856e-06
-1.66473e-05
2.41503e-06
-1.16585e-05
-4.58104e-06
-4.9568e-06
-1.32569e-05
-2.2367e-05
-1.55539e-05
5.2142e-06
-1.59848e-05
7.15343e-06
-1.6376e-05
8.98977e-06
-1.66371e-05
1.05108e-05
-1.66391e-05
1.13582e-05
-1.62155e-05
1.10775e-05
-1.51569e-05
9.21293e-06
-1.32186e-05
5.38014e-06
-1.02061e-05
-5.97567e-07
-6.18544e-06
-8.60176e-06
-2.09166e-06
-1.73507e-05
-2.44587e-05
-1.19443e-05
5.39346e-06
-1.2077e-05
7.28605e-06
-1.21109e-05
9.02364e-06
-1.19773e-05
1.03771e-05
-1.15862e-05
1.0967e-05
-1.08309e-05
1.0322e-05
-9.58884e-06
7.97079e-06
-7.75403e-06
3.54525e-06
-5.395e-06
-2.95665e-06
-2.90292e-06
-1.10939e-05
-8.73676e-07
-1.93801e-05
-2.53325e-05
-8.58746e-06
5.33686e-06
-8.42769e-06
7.12622e-06
-8.12673e-06
8.72259e-06
-7.64352e-06
9.89382e-06
-6.93597e-06
1.02593e-05
-5.97076e-06
9.35671e-06
-4.72828e-06
6.72821e-06
-3.23558e-06
2.05247e-06
-1.70152e-06
-4.49077e-06
-4.5113e-07
-1.23444e-05
3.37499e-07
-2.01688e-05
-2.49951e-05
-5.52819e-06
5.05376e-06
-5.0962e-06
6.69419e-06
-4.4945e-06
8.12087e-06
-3.71308e-06
9.11232e-06
-2.75951e-06
9.30567e-06
-1.67469e-06
8.27178e-06
-5.31236e-07
5.58467e-06
5.56653e-07
9.64514e-07
1.33658e-06
-5.27075e-06
1.61414e-06
-1.2622e-05
1.36865e-06
-1.99234e-05
-2.36266e-05
-2.79493e-06
4.56411e-06
-2.1184e-06
6.01762e-06
-1.25261e-06
7.25502e-06
-2.18743e-07
8.07838e-06
9.29773e-07
8.1571e-06
2.08629e-06
7.11518e-06
3.10677e-06
4.5641e-06
3.83129e-06
2.39935e-07
3.99182e-06
-5.43136e-06
3.47339e-06
-1.21036e-05
2.34769e-06
-1.87979e-05
-2.1279e-05
-3.98808e-07
3.89402e-06
4.9189e-07
5.12688e-06
1.58777e-06
6.1591e-06
2.83857e-06
6.82752e-06
4.15322e-06
6.84236e-06
5.37074e-06
5.89756e-06
6.29261e-06
3.64214e-06
6.73541e-06
-2.02957e-07
6.40155e-06
-5.09756e-06
5.18582e-06
-1.0888e-05
3.19005e-06
-1.68022e-05
-1.80891e-05
1.66758e-06
3.07201e-06
2.74296e-06
4.05146e-06
4.04e-06
4.86202e-06
5.48422e-06
5.38309e-06
6.95561e-06
5.37102e-06
8.24799e-06
4.60507e-06
9.11927e-06
2.77079e-06
9.36965e-06
-4.53339e-07
8.63861e-06
-4.36668e-06
6.77919e-06
-9.02857e-06
3.91343e-06
-1.39367e-05
-1.41758e-05
3.43598e-06
2.12611e-06
4.67012e-06
2.81726e-06
6.14582e-06
3.38616e-06
7.77187e-06
3.75681e-06
9.40534e-06
3.73746e-06
1.07999e-05
3.21034e-06
1.16714e-05
1.89927e-06
1.18082e-05
-5.90274e-07
1.07407e-05
-3.29931e-06
8.25468e-06
-6.54262e-06
4.48267e-06
-1.01649e-05
-9.69327e-06
4.992e-06
1.08377e-06
6.3614e-06
1.44768e-06
7.99876e-06
1.74846e-06
9.80386e-06
1.95127e-06
1.16082e-05
1.93294e-06
1.31438e-05
1.6745e-06
1.40522e-05
9.9066e-07
1.41023e-05
-6.40569e-07
1.26797e-05
-1.87683e-06
9.57366e-06
-3.43675e-06
4.94869e-06
-5.5402e-06
-4.74508e-06
6.49438e-06
7.94199e-06
9.69035e-06
1.16416e-05
1.35745e-05
1.52489e-05
1.62396e-05
1.5599e-05
1.37221e-05
1.02853e-05
4.74508e-06
-1.40866e-05
-6.46232e-07
-1.66334e-05
-5.07572e-06
-1.73995e-05
-7.39212e-06
-1.78606e-05
-8.67675e-06
-1.8314e-05
-8.87939e-06
-1.88922e-05
-8.2254e-06
-1.9583e-05
-6.93414e-06
-2.03079e-05
-5.16378e-06
-2.09785e-05
-3.12892e-06
-2.15302e-05
-1.04712e-06
-2.20348e-05
7.97713e-07
2.60018e-06
-9.05296e-06
8.40642e-06
-1.24624e-05
-1.6664e-06
-1.37209e-05
-6.13372e-06
-1.4456e-05
-7.94181e-06
-1.5019e-05
-8.31647e-06
-1.55934e-05
-7.6511e-06
-1.62098e-05
-6.3179e-06
-1.68249e-05
-4.54873e-06
-1.73838e-05
-2.57021e-06
-1.7853e-05
-5.77972e-07
-1.82936e-05
1.2381e-06
3.05863e-06
-6.18458e-06
1.45906e-05
-9.13418e-06
1.28302e-06
-1.0544e-05
-4.72403e-06
-1.13987e-05
-7.08724e-06
-1.20189e-05
-7.69635e-06
-1.25745e-05
-7.09554e-06
-1.31196e-05
-5.77284e-06
-1.36356e-05
-4.03279e-06
-1.40897e-05
-2.11628e-06
-1.44653e-05
-2.02406e-07
-1.48082e-05
1.58094e-06
3.39771e-06
-4.11808e-06
1.87084e-05
-6.41843e-06
3.58329e-06
-7.76707e-06
-3.3755e-06
-8.63415e-06
-6.22029e-06
-9.27224e-06
-7.05837e-06
-9.80798e-06
-6.55991e-06
-1.02946e-05
-5.28629e-06
-1.07273e-05
-3.60025e-06
-1.10863e-05
-1.75733e-06
-1.13619e-05
7.30406e-08
-1.15842e-05
1.80306e-06
3.58046e-06
-2.4007e-06
2.11096e-05
-4.07212e-06
5.25468e-06
-5.27474e-06
-2.17293e-06
-6.10165e-06
-5.39344e-06
-6.74221e-06
-6.41789e-06
-7.27098e-06
-6.03121e-06
-7.7191e-06
-4.83824e-06
-8.08789e-06
-3.23153e-06
-8.36538e-06
-1.47995e-06
-8.54245e-06
2.50001e-07
-8.63517e-06
1.8957e-06
3.59118e-06
-8.63631e-07
2.19729e-05
-1.93913e-06
6.3301e-06
-2.96426e-06
-1.14789e-06
-3.74566e-06
-4.61216e-06
-4.39962e-06
-5.76403e-06
-4.94309e-06
-5.48784e-06
-5.37837e-06
-4.40304e-06
-5.70621e-06
-2.90379e-06
-5.91907e-06
-1.26717e-06
-6.00669e-06
3.375e-07
-5.97323e-06
1.86207e-06
3.4311e-06
5.8958e-07
2.13837e-05
7.97137e-08
6.84007e-06
-7.58455e-07
-3.09829e-07
-1.51729e-06
-3.85332e-06
-2.21471e-06
-5.06673e-06
-2.80409e-06
-4.8985e-06
-3.25741e-06
-3.94984e-06
-3.57038e-06
-2.59088e-06
-3.73896e-06
-1.09873e-06
-3.75169e-06
3.50114e-07
-3.6042e-06
1.71448e-06
3.11325e-06
1.98401e-06
1.93997e-05
2.03341e-06
6.79045e-06
1.39348e-06
3.30052e-07
6.24925e-07
-3.08496e-06
-1.56312e-07
-4.28559e-06
-8.31628e-07
-4.22332e-06
-1.33833e-06
-3.44322e-06
-1.66548e-06
-2.26384e-06
-1.81269e-06
-9.51642e-07
-1.76896e-06
3.06228e-07
-1.52555e-06
1.47095e-06
2.65828e-06
3.30309e-06
1.60954e-05
3.94112e-06
6.153e-06
3.52077e-06
7.49656e-07
2.71364e-06
-2.27733e-06
1.80799e-06
-3.3804e-06
1.00313e-06
-3.41823e-06
4.04224e-07
-2.84463e-06
3.08287e-08
-1.89035e-06
-1.1983e-07
-8.01313e-07
-4.0172e-08
2.26624e-07
2.77282e-07
1.15341e-06
2.09158e-06
4.59264e-06
1.15019e-05
5.79084e-06
4.95437e-06
5.63668e-06
9.03429e-07
4.78464e-06
-1.42534e-06
3.72876e-06
-2.32476e-06
2.75497e-06
-2.44452e-06
2.01993e-06
-2.10978e-06
1.56069e-06
-1.43126e-06
1.37791e-06
-6.18828e-07
1.47206e-06
1.32386e-07
1.8387e-06
7.86652e-07
1.4415e-06
5.61591e-06
5.88446e-06
7.54153e-06
3.02805e-06
7.74493e-06
6.99124e-07
6.90817e-06
-5.88772e-07
5.72452e-06
-1.14159e-06
4.55946e-06
-1.27966e-06
3.63023e-06
-1.18097e-06
3.0237e-06
-8.25135e-07
2.76767e-06
-3.63496e-07
2.85187e-06
4.79033e-08
3.24326e-06
3.9477e-07
7.3572e-07
5.88432e-06
8.91217e-06
9.61126e-06
9.02239e-06
7.88077e-06
6.60103e-06
5.41998e-06
4.59469e-06
4.23113e-06
4.27894e-06
4.6735e-06
)
;

boundaryField
{
    rotor
    {
        type            calculated;
        value           uniform 0;
    }
    stator
    {
        type            calculated;
        value           uniform 0;
    }
    front
    {
        type            empty;
        value           nonuniform 0();
    }
    back
    {
        type            empty;
        value           nonuniform 0();
    }
}


// ************************************************************************* //
