/*--------------------------------*- C++ -*----------------------------------*\
| =========                 |                                                 |
| \\      /  F ield         | OpenFOAM: The Open Source CFD Toolbox           |
|  \\    /   O peration     | Version:  v1912                                 |
|   \\  /    A nd           | Website:  www.openfoam.com                      |
|    \\/     M anipulation  |                                                 |
\*---------------------------------------------------------------------------*/
FoamFile
{
    version     2.0;
    format      ascii;
    class       volVectorField;
    location    "400";
    object      U;
}
// * * * * * * * * * * * * * * * * * * * * * * * * * * * * * * * * * * * * * //

dimensions      [0 1 -1 0 0 0 0];


internalField   nonuniform List<vector> 
3072
(
(0.287766 2.21817 0)
(0.309373 1.93418 0)
(0.391904 1.76512 1.43062e-19)
(0.504435 1.65978 7.10729e-19)
(0.620423 1.58517 -1.19561e-18)
(0.751006 1.54596 7.64286e-19)
(0.896398 1.6695 3.6616e-19)
(1.30109 1.6937 9.40599e-19)
(2.26853 1.45193 -2.75833e-19)
(2.93494 1.79395 9.24329e-19)
(3.12979 2.11536 8.07227e-19)
(3.43651 2.24498 7.32673e-19)
(-0.376893 2.74396 -2.67494e-19)
(-0.215981 2.38019 -6.18616e-19)
(0.0419682 2.3459 5.38326e-19)
(0.320335 2.35495 0)
(0.651815 2.42718 1.12747e-18)
(1.1913 2.39623 -1.4018e-18)
(2.04956 2.54148 0)
(2.6849 2.777 0)
(2.98283 2.76344 0)
(3.09803 2.8371 8.07691e-19)
(3.13129 2.83992 -2.79572e-18)
(3.24242 2.82638 3.51175e-19)
(-0.345043 2.99778 1.77129e-19)
(-0.0946191 2.70833 0)
(0.333915 2.74431 0)
(0.855721 2.77466 -3.63301e-18)
(1.54328 2.88292 1.32492e-18)
(2.24462 3.01534 -2.05033e-18)
(2.71243 3.036 1.78552e-18)
(2.98292 3.00025 0)
(3.13578 2.87304 0)
(3.20639 2.78295 -1.02327e-18)
(3.2608 2.69717 -1.09296e-18)
(3.33752 2.6122 3.81636e-18)
(-0.292944 3.32117 -1.33168e-18)
(0.113028 3.12741 -2.23804e-18)
(0.698516 3.22935 1.9637e-18)
(1.36529 3.30221 -1.77057e-18)
(2.01205 3.36068 3.60903e-18)
(2.49979 3.32305 -3.61569e-18)
(2.78553 3.20383 -2.15944e-18)
(2.94831 3.07056 -6.6993e-18)
(3.05855 2.91846 -3.0172e-19)
(3.11734 2.80375 3.50162e-18)
(3.16889 2.69937 3.90698e-18)
(3.22765 2.5986 -3.11188e-18)
(-0.0750573 3.53209 0)
(0.385808 3.49252 1.23922e-18)
(0.997751 3.60044 -2.7728e-18)
(1.63307 3.63165 3.22738e-18)
(2.16572 3.5762 6.00809e-19)
(2.50936 3.43727 2.15737e-18)
(2.7124 3.2687 2.43273e-18)
(2.84111 3.10139 2.36221e-18)
(2.92884 2.93844 -4.91987e-18)
(2.99089 2.79646 4.16992e-18)
(3.04821 2.66939 -5.64395e-18)
(3.10695 2.55082 7.47905e-18)
(0.137298 3.71941 -4.64089e-18)
(0.627513 3.77661 1.75195e-18)
(1.1941 3.85462 5.05145e-18)
(1.74084 3.81819 0)
(2.1573 3.68599 -7.24921e-18)
(2.42245 3.50241 7.57657e-18)
(2.59232 3.30747 0)
(2.71052 3.11924 -5.67763e-18)
(2.7994 2.94202 4.83241e-18)
(2.86937 2.78337 0)
(2.93294 2.64088 2.77501e-19)
(2.99473 2.51014 4.40056e-18)
(0.345233 3.88478 0)
(0.815764 4.02913 -4.07621e-18)
(1.3064 4.05245 3.71832e-18)
(1.74927 3.95971 0)
(2.07844 3.78048 -4.37998e-18)
(2.30117 3.56726 7.0069e-19)
(2.45767 3.35056 6.1761e-18)
(2.57563 3.14413 5.6941e-18)
(2.66991 2.95232 -5.00978e-18)
(2.74859 2.77856 4.96815e-18)
(2.81948 2.6216 -4.30076e-18)
(2.8864 2.4785 -1.20642e-17)
(0.542019 4.06949 0)
(0.949676 4.27696 3.40902e-18)
(1.34582 4.23272 -4.9537e-18)
(1.69432 4.09616 4.93412e-18)
(1.96422 3.88238 0)
(2.16491 3.64291 -6.37009e-18)
(2.31833 3.40438 6.27559e-18)
(2.44113 3.17859 1.23385e-19)
(2.54315 2.96966 -1.04578e-17)
(2.63042 2.77963 -4.90493e-18)
(2.70832 2.6077 -2.74563e-19)
(2.7802 2.45161 8.83389e-18)
(0.696073 4.2412 0)
(1.03366 4.51408 -3.88288e-18)
(1.32644 4.39396 -5.43171e-18)
(1.59634 4.21479 -3.8808e-18)
(1.82461 3.97119 7.8502e-18)
(2.01284 3.70804 0)
(2.16819 3.44909 0)
(2.2985 3.20494 0)
(2.40955 2.97958 0)
(2.50571 2.7745 4.94301e-18)
(2.59069 2.58901 -4.97955e-18)
(2.66766 2.4211 4.76999e-18)
(0.822982 4.50466 0)
(1.02626 4.71655 2.70746e-18)
(1.22018 4.49183 -6.16907e-19)
(1.44017 4.25366 4.45996e-18)
(1.64386 3.98278 4.44343e-18)
(1.82692 3.7036 -7.13179e-18)
(1.98851 3.43415 0)
(2.12967 3.18184 -2.17725e-19)
(2.25265 2.9495 -1.77085e-17)
(2.35995 2.73782 0)
(2.45409 2.54601 1.10377e-17)
(2.53792 2.37218 -5.17172e-18)
(0.972969 4.5668 0)
(0.935461 4.68979 3.14173e-18)
(1.02306 4.37874 9.23473e-18)
(1.2073 4.08463 -7.88925e-18)
(1.40038 3.81188 -1.1058e-17)
(1.58863 3.54588 1.75112e-17)
(1.76344 3.29399 -1.99026e-19)
(1.92098 3.05867 -6.8813e-18)
(2.06036 2.84046 5.6287e-18)
(2.18268 2.63973 -1.1998e-17)
(2.28932 2.45607 -1.66472e-17)
(2.38304 2.28787 1.68513e-17)
(0.398924 4.18545 -1.8615e-18)
(0.564777 4.11273 -1.23159e-17)
(0.692646 3.81201 2.37324e-18)
(0.88806 3.56499 0)
(1.10184 3.37072 0)
(1.31102 3.17861 3.63151e-19)
(1.5053 2.98971 1.86389e-17)
(1.6817 2.80633 1.15145e-17)
(1.83898 2.62978 0)
(1.97794 2.46228 1.08613e-17)
(2.09874 2.30487 0)
(2.20427 2.15701 4.97225e-19)
(3.67864 2.27586 1.65274e-19)
(3.90975 2.21977 -3.65253e-19)
(4.05424 2.11534 -3.30077e-19)
(4.14565 1.97185 -5.77066e-19)
(4.15168 1.81379 -2.8895e-19)
(4.10842 1.62534 0)
(3.97521 1.43561 0)
(3.77441 1.23522 8.03469e-19)
(3.48764 1.03099 -9.43456e-19)
(3.10803 0.78999 0)
(2.68284 0.379584 0)
(2.54027 -0.217201 -6.49551e-20)
(3.33276 2.80688 1.66705e-18)
(3.43466 2.74991 0)
(3.53214 2.65871 -8.95144e-19)
(3.62744 2.53059 5.06235e-19)
(3.70582 2.36916 2.95675e-19)
(3.74499 2.20609 2.66523e-18)
(3.7386 2.04703 -4.34025e-18)
(3.68086 1.90098 6.77684e-19)
(3.56903 1.788 0)
(3.32634 1.68253 0)
(3.05072 1.54268 0)
(3.19069 1.02917 7.28219e-19)
(3.40775 2.52612 1.5588e-18)
(3.48464 2.43517 -4.26822e-18)
(3.55701 2.33824 1.18825e-18)
(3.61881 2.23771 2.87191e-18)
(3.66074 2.13837 -2.91296e-18)
(3.67746 2.04367 0)
(3.66335 1.96466 0)
(3.61949 1.91154 -2.35579e-19)
(3.55338 1.88728 1.0976e-18)
(3.41693 1.87767 0)
(3.19927 1.86651 0)
(3.41143 1.74583 -4.69398e-19)
(3.28385 2.50198 3.44782e-19)
(3.34212 2.40632 4.24276e-18)
(3.39878 2.31045 2.99086e-18)
(3.44998 2.21589 -2.97602e-18)
(3.49085 2.12739 0)
(3.5173 2.05091 1.73126e-18)
(3.52576 1.99406 0)
(3.51913 1.96672 2.51984e-18)
(3.49438 1.96949 -7.70209e-19)
(3.42673 2.02544 0)
(3.24906 2.10825 -5.513e-19)
(3.54702 2.15751 6.60558e-19)
(3.16493 2.43996 -3.04699e-18)
(3.22365 2.33488 0)
(3.28076 2.23512 0)
(3.3336 2.14253 0)
(3.3797 2.061 0)
(3.41766 1.99546 -3.13153e-18)
(3.44606 1.95446 -1.40584e-19)
(3.46432 1.945 -1.40201e-18)
(3.47924 1.97587 0)
(3.47549 2.06299 -1.2232e-18)
(3.3604 2.20505 4.91809e-19)
(3.77275 2.40219 -1.69126e-19)
(3.05521 2.38966 -2.42505e-19)
(3.1153 2.27793 -7.22697e-18)
(3.17416 2.17465 3.40279e-18)
(3.23069 2.08126 3.11726e-21)
(3.28409 2.0009 2.22989e-19)
(3.33419 1.93806 4.85136e-18)
(3.38193 1.89896 -1.54699e-19)
(3.4294 1.89083 -5.40379e-18)
(3.47878 1.92446 -2.16796e-18)
(3.53251 2.01682 1.0871e-18)
(3.47847 2.20431 -1.34026e-18)
(3.93771 2.5232 -5.42188e-19)
(2.95077 2.34751 1.1524e-17)
(3.01376 2.22728 3.7701e-18)
(3.07565 2.11744 0)
(3.13668 2.01901 0)
(3.19744 1.93437 2.1069e-19)
(3.2593 1.86723 -3.52112e-18)
(3.32468 1.82275 5.50497e-18)
(3.39724 1.80776 -1.29475e-19)
(3.48053 1.83317 1.85342e-18)
(3.58104 1.91847 0)
(3.60222 2.10511 -2.40904e-19)
(4.09719 2.50918 -7.97555e-20)
(2.84799 2.30946 -4.23682e-18)
(2.91339 2.17963 -3.89973e-18)
(2.97761 2.06149 4.18312e-18)
(3.04196 1.95544 -3.91164e-18)
(3.10817 1.86304 5.49257e-22)
(3.17887 1.78692 7.7333e-18)
(3.25808 1.73086 -3.54079e-18)
(3.35151 1.70069 1.99394e-18)
(3.46502 1.70659 0)
(3.61087 1.76936 1.1982e-18)
(3.70919 1.9415 6.10893e-19)
(4.20307 2.39071 -9.20767e-19)
(2.73872 2.26868 4.62622e-18)
(2.80611 2.12967 -4.48036e-18)
(2.87174 2.00301 -4.183e-18)
(2.93772 1.88834 -8.70491e-18)
(3.00669 1.78635 8.36222e-18)
(3.08225 1.69852 -8.00442e-18)
(3.1699 1.6268 0)
(3.27772 1.57525 -1.89327e-18)
(3.41478 1.55172 0)
(3.60042 1.57637 0)
(3.77885 1.71237 0)
(4.26115 2.1313 4.38909e-19)
(2.61346 2.21424 5.014e-18)
(2.68342 2.06952 -1.00737e-17)
(2.75015 1.93679 9.81645e-18)
(2.81625 1.81498 9.40906e-18)
(2.8849 1.70391 4.53596e-18)
(2.96064 1.60395 0)
(3.05017 1.51485 0)
(3.16345 1.43812 4.37816e-18)
(3.31341 1.37746 0)
(3.52956 1.34966 -1.22271e-18)
(3.77023 1.41084 7.96354e-19)
(4.24789 1.72021 -1.2745e-18)
(2.4652 2.13372 -1.10566e-17)
(2.53901 1.99035 1.02013e-17)
(2.607 1.85701 -9.96347e-18)
(2.67197 1.7321 -2.50097e-17)
(2.73727 1.61499 -2.47553e-19)
(2.80784 1.50511 1.34896e-19)
(2.89183 1.39993 -4.77286e-18)
(2.99944 1.29768 -4.35238e-18)
(3.14759 1.19579 0)
(3.37416 1.10555 3.67026e-18)
(3.64812 1.03833 8.98443e-19)
(4.11769 1.02277 -1.79014e-18)
(2.29415 2.01871 -4.93447e-19)
(2.37217 1.88579 0)
(2.44059 1.75925 0)
(2.50209 1.63714 4.78248e-18)
(2.56055 1.5189 1.45828e-17)
(2.62059 1.4036 -4.75927e-18)
(2.69155 1.28707 -2.195e-19)
(2.7816 1.16439 -2.44113e-18)
(2.9098 1.02533 -2.26563e-18)
(3.10396 0.871241 -2.27755e-18)
(3.38751 0.646619 0)
(3.71813 -0.0356337 2.34094e-18)
(2.21861 -0.287193 -6.82358e-24)
(1.93438 -0.309093 0)
(1.76517 -0.391712 -1.43035e-19)
(1.65977 -0.504303 0)
(1.58519 -0.620322 -6.04101e-19)
(1.54589 -0.750947 7.6438e-19)
(1.6693 -0.89621 0)
(1.69389 -1.30053 6.68505e-19)
(1.45168 -2.26774 -2.43358e-19)
(1.79327 -2.93498 -1.12966e-19)
(2.11512 -3.12983 -8.10996e-19)
(2.24461 -3.43652 -7.32884e-19)
(2.74416 0.377151 -3.38885e-19)
(2.38012 0.216134 -1.90749e-19)
(2.34586 -0.0418576 6.25527e-19)
(2.35483 -0.320263 0)
(2.42701 -0.651642 -1.12631e-18)
(2.39618 -1.19078 6.14189e-19)
(2.54107 -2.04905 0)
(2.77687 -2.68485 9.10632e-19)
(2.76331 -2.98299 -2.57907e-18)
(2.83697 -3.09828 2.02012e-18)
(2.83985 -3.13146 1.50543e-18)
(2.82631 -3.24254 -3.7718e-18)
(2.99788 0.345376 -1.77008e-19)
(2.70833 0.0948901 0)
(2.74431 -0.333696 -1.72032e-18)
(2.77459 -0.855408 0)
(2.88271 -1.54283 0)
(3.01521 -2.24437 -8.20812e-19)
(3.03591 -2.71244 4.06438e-18)
(3.00028 -2.98307 -2.86972e-18)
(2.87305 -3.13597 9.95498e-19)
(2.78292 -3.20663 0)
(2.69714 -3.26098 2.67366e-18)
(2.61217 -3.33769 -1.62123e-18)
(3.32122 0.293218 8.61369e-19)
(3.12742 -0.11267 1.30604e-18)
(3.22935 -0.698137 1.43875e-18)
(3.30214 -1.36493 2.68055e-18)
(3.36065 -2.01185 -1.66477e-18)
(3.32311 -2.49984 -1.22482e-18)
(3.20389 -2.7857 0)
(3.07064 -2.94852 0)
(2.9185 -3.05877 2.20055e-18)
(2.80376 -3.11756 0)
(2.69938 -3.16907 4.8339e-19)
(2.5986 -3.2278 1.35556e-18)
(3.53219 0.0753041 1.3484e-18)
(3.49255 -0.385445 -9.94152e-19)
(3.60048 -0.997429 -2.77377e-18)
(3.63174 -1.63289 0)
(3.57635 -2.16573 0)
(3.43743 -2.5095 3.02192e-18)
(3.26882 -2.71259 0)
(3.1015 -2.84131 -5.65161e-18)
(2.93851 -2.92903 -2.35603e-18)
(2.7965 -2.99106 4.17108e-18)
(2.66942 -3.04835 -5.64544e-18)
(2.55083 -3.10706 3.5504e-18)
(3.71952 -0.13707 -2.61028e-18)
(3.77667 -0.627232 -1.50373e-18)
(3.85475 -1.19389 2.16325e-18)
(3.81837 -1.74077 3.81759e-19)
(3.68619 -2.15736 3.65396e-18)
(3.50259 -2.42259 -7.26232e-18)
(3.30761 -2.59247 6.59271e-18)
(3.11934 -2.71068 6.59145e-19)
(2.9421 -2.79954 0)
(2.78342 -2.8695 0)
(2.64091 -2.93305 8.56249e-18)
(2.51016 -2.99482 5.64644e-20)
(3.88487 -0.345095 -3.36434e-20)
(4.02922 -0.815595 -2.25375e-18)
(4.05261 -1.30629 0)
(3.95991 -1.74925 -4.4123e-18)
(3.78068 -2.0785 4.66278e-18)
(3.56743 -2.30127 1.11638e-17)
(3.35069 -2.45779 6.82138e-18)
(3.14423 -2.57575 8.62188e-19)
(2.95239 -2.67001 -1.05599e-17)
(2.7786 -2.74868 4.62204e-18)
(2.62163 -2.81956 4.94185e-18)
(2.47852 -2.88645 2.65219e-19)
(4.06956 -0.541931 2.18807e-19)
(4.27706 -0.949589 3.40967e-18)
(4.23287 -1.34577 0)
(4.09633 -1.69432 -4.93514e-18)
(3.88254 -1.96427 -3.58895e-18)
(3.64305 -2.16498 6.36451e-19)
(3.40448 -2.31841 -1.18627e-17)
(3.17866 -2.44121 4.2193e-19)
(2.96972 -2.54322 -2.71306e-19)
(2.77967 -2.63048 5.15617e-18)
(2.60773 -2.70836 -4.16285e-18)
(2.45163 -2.78023 2.20635e-19)
(4.24127 -0.696064 -3.48654e-18)
(4.51417 -1.03362 1.55511e-18)
(4.39408 -1.32642 -7.90671e-18)
(4.21492 -1.59635 3.88106e-18)
(3.97131 -1.82464 0)
(3.70814 -2.01288 0)
(3.44916 -2.16824 6.5137e-18)
(3.20499 -2.29854 1.18874e-17)
(2.97962 -2.40959 -5.42924e-18)
(2.77452 -2.50573 -4.94365e-18)
(2.58902 -2.59071 -4.73984e-18)
(2.42111 -2.66766 0)
(4.5047 -0.823019 7.31141e-20)
(4.71659 -1.02625 4.11683e-18)
(4.49188 -1.22017 9.33752e-18)
(4.25373 -1.44017 0)
(3.98285 -1.64387 7.75705e-18)
(3.70365 -1.82694 0)
(3.43419 -1.98853 3.37859e-19)
(3.18187 -2.12969 -5.73106e-18)
(2.94951 -2.25266 6.20513e-18)
(2.73782 -2.35995 0)
(2.54601 -2.45408 0)
(2.37217 -2.5379 -1.06743e-17)
(4.56678 -0.973021 -6.59892e-18)
(4.68978 -0.935459 3.14169e-18)
(4.37873 -1.02305 5.25982e-19)
(4.08463 -1.20728 -8.70137e-18)
(3.81188 -1.40037 -3.41988e-18)
(3.54588 -1.58862 -3.50102e-18)
(3.29398 -1.76342 -6.82037e-18)
(3.05866 -1.92097 -1.9252e-17)
(2.84044 -2.06034 -5.62867e-18)
(2.63971 -2.18265 -1.19981e-17)
(2.45605 -2.28928 1.16408e-17)
(2.28785 -2.383 1.06967e-17)
(4.18543 -0.39895 3.56302e-18)
(4.11267 -0.564768 -1.41188e-18)
(3.81195 -0.692633 3.55865e-19)
(3.56494 -0.888041 7.39806e-18)
(3.37067 -1.10182 0)
(3.17856 -1.311 -6.69905e-18)
(2.98967 -1.50528 6.00155e-18)
(2.80628 -1.68167 5.34548e-18)
(2.62973 -1.83894 -1.7412e-17)
(2.46223 -1.9779 1.08608e-17)
(2.30483 -2.09869 -1.06373e-17)
(2.15697 -2.20421 0)
(2.27581 -3.67863 -4.25913e-19)
(2.2196 -3.90976 1.03386e-18)
(2.11533 -4.05429 -9.57293e-19)
(1.97178 -4.14568 -2.59527e-19)
(1.81381 -4.15174 -1.10215e-19)
(1.62532 -4.10846 7.97317e-20)
(1.43565 -3.97527 -1.27081e-19)
(1.23523 -3.77445 -3.20073e-19)
(1.03103 -3.48769 -9.43431e-19)
(0.790017 -3.10805 0)
(0.379624 -2.68287 0)
(-0.217163 -2.54029 -6.49493e-20)
(2.80682 -3.3329 -6.05941e-20)
(2.74987 -3.43476 2.16251e-18)
(2.65871 -3.53221 -8.95117e-19)
(2.5306 -3.6275 0)
(2.36918 -3.70588 1.73589e-18)
(2.20612 -3.74504 0)
(2.04706 -3.73866 1.29968e-18)
(1.90101 -3.68091 2.24044e-18)
(1.78804 -3.56907 -1.90622e-18)
(1.68258 -3.32637 0)
(1.54273 -3.05075 0)
(1.02922 -3.19071 -2.96659e-20)
(2.52609 -3.40789 1.12139e-18)
(2.43514 -3.48475 -1.05743e-18)
(2.33823 -3.5571 1.18846e-18)
(2.23771 -3.61889 0)
(2.13838 -3.6608 -1.28083e-18)
(2.0437 -3.67751 3.22883e-18)
(1.9647 -3.66339 -4.66747e-18)
(1.91158 -3.61952 -5.2021e-18)
(1.88733 -3.55341 3.08525e-18)
(1.87774 -3.41695 0)
(1.86658 -3.19927 6.12025e-19)
(1.74591 -3.41145 1.52291e-19)
(2.50198 -3.28398 1.30232e-18)
(2.40633 -3.34222 -2.95572e-18)
(2.31046 -3.39885 2.99143e-18)
(2.21591 -3.45004 -2.97656e-18)
(2.12742 -3.49089 0)
(2.05094 -3.51733 1.73149e-18)
(1.9941 -3.52578 1.17872e-18)
(1.96677 -3.51915 6.94151e-19)
(1.96954 -3.49439 -1.56369e-18)
(2.02551 -3.42675 0)
(2.10832 -3.24907 -3.55043e-19)
(2.15759 -3.54703 5.92226e-19)
(2.43998 -3.16502 3.41368e-18)
(2.33489 -3.22372 -1.76707e-18)
(2.23514 -3.28081 0)
(2.14255 -3.33364 0)
(2.06103 -3.37972 1.70265e-18)
(1.9955 -3.41767 -1.43175e-18)
(1.9545 -3.44607 -2.55445e-19)
(1.94505 -3.46433 0)
(1.97592 -3.47924 -8.32338e-19)
(2.06305 -3.47549 1.22317e-18)
(2.20513 -3.3604 -1.07683e-18)
(2.40229 -3.77277 -2.72514e-19)
(2.38967 -3.05528 -7.28411e-18)
(2.27794 -3.11535 3.48556e-18)
(2.17467 -3.17419 7.03456e-18)
(2.08128 -3.23071 3.11786e-21)
(2.00093 -3.2841 -8.37802e-18)
(1.9381 -3.33419 -3.55379e-18)
(1.899 -3.38192 -2.44314e-19)
(1.89088 -3.4294 0)
(1.92451 -3.47877 0)
(2.01689 -3.5325 -1.0871e-18)
(2.20439 -3.47847 -7.80037e-19)
(2.52329 -3.93772 2.37849e-19)
(2.34753 -2.95081 3.93817e-18)
(2.22729 -3.01378 -7.76815e-18)
(2.11746 -3.07566 -3.45e-18)
(2.01903 -3.13667 -1.99797e-19)
(1.9344 -3.19743 3.3201e-18)
(1.86726 -3.25928 3.28409e-18)
(1.82279 -3.32466 1.85606e-18)
(1.8078 -3.39722 1.81011e-18)
(1.83322 -3.48052 -2.01045e-18)
(1.91854 -3.58103 0)
(2.10519 -3.60222 1.25401e-18)
(2.50928 -4.0972 -3.61155e-19)
(2.30947 -2.84801 0)
(2.17964 -2.9134 3.90042e-18)
(2.06151 -2.9776 0)
(1.95545 -3.04194 -1.99567e-19)
(1.86306 -3.10815 5.50376e-22)
(1.78695 -3.17884 7.73436e-18)
(1.73089 -3.25805 -1.67285e-18)
(1.70073 -3.35147 -3.89097e-18)
(1.70664 -3.465 -2.13364e-18)
(1.76941 -3.61085 1.19825e-18)
(1.94158 -3.70918 -2.33582e-18)
(2.3908 -4.20307 1.17568e-18)
(2.26869 -2.73872 4.6269e-18)
(2.12967 -2.80609 -4.48102e-18)
(2.00302 -2.87171 -4.53585e-18)
(1.88835 -2.93768 4.43249e-18)
(1.78636 -3.00665 4.18502e-18)
(1.69855 -3.08221 -1.2262e-17)
(1.62683 -3.16985 0)
(1.57529 -3.27767 1.89343e-18)
(1.55176 -3.41474 1.95089e-18)
(1.57642 -3.60039 0)
(1.71244 -3.77883 2.85111e-18)
(2.13138 -4.26114 -2.08608e-18)
(2.21423 -2.61343 0)
(2.06951 -2.68338 -1.00748e-17)
(1.93679 -2.7501 -5.22966e-18)
(1.81499 -2.8162 -9.12856e-18)
(1.70392 -2.88484 4.53643e-18)
(1.60396 -2.96057 4.27918e-18)
(1.51487 -3.05011 0)
(1.43815 -3.16339 0)
(1.37749 -3.31336 0)
(1.3497 -3.52952 0)
(1.41089 -3.7702 -7.98475e-19)
(1.72028 -4.24787 -1.03983e-19)
(2.1337 -2.46514 5.38805e-18)
(1.99033 -2.53895 4.94226e-18)
(1.857 -2.60693 2.0506e-17)
(1.7321 -2.6719 5.26316e-18)
(1.615 -2.73719 1.97706e-17)
(1.50512 -2.80777 -4.76125e-18)
(1.39995 -2.89176 -4.77315e-18)
(1.2977 -2.99937 0)
(1.19581 -3.14753 -4.53527e-18)
(1.10558 -3.3741 -2.441e-18)
(1.03837 -3.64808 -1.84142e-18)
(1.02281 -4.11766 -1.11217e-25)
(2.01868 -2.29409 0)
(1.88577 -2.3721 0)
(1.75923 -2.44052 -2.04453e-17)
(1.63713 -2.50201 -1.48792e-17)
(1.5189 -2.56046 -4.70374e-18)
(1.40361 -2.62051 0)
(1.28708 -2.69147 4.73152e-18)
(1.1644 -2.78152 0)
(1.02534 -2.90973 -1.98003e-19)
(0.871257 -3.1039 2.27755e-18)
(0.646638 -3.38746 6.64293e-19)
(-0.0356249 -3.71809 4.63486e-18)
(-0.287272 -2.21861 1.16419e-19)
(-0.30918 -1.9344 1.86483e-19)
(-0.391822 -1.76523 -1.69126e-19)
(-0.504418 -1.65991 5.44906e-21)
(-0.620483 -1.58526 0)
(-0.75108 -1.54611 4.95466e-20)
(-0.896629 -1.66976 0)
(-1.30159 -1.69355 5.00314e-19)
(-2.2691 -1.45216 1.16839e-18)
(-2.9349 -1.79438 1.27183e-20)
(-3.12974 -2.11551 6.09377e-19)
(-3.43644 -2.24516 8.1958e-19)
(0.377036 -2.74418 4.47938e-19)
(0.215979 -2.38022 -6.18743e-19)
(-0.0420129 -2.34609 5.82348e-19)
(-0.320435 -2.3552 -9.02461e-21)
(-0.652062 -2.42743 -1.12795e-18)
(-1.19187 -2.39632 -2.08938e-19)
(-2.05004 -2.5419 -1.04604e-18)
(-2.68493 -2.77721 -1.51244e-18)
(-2.98268 -2.76363 2.40507e-18)
(-3.09779 -2.83727 -6.06744e-19)
(-3.13112 -2.84 7.56354e-19)
(-3.24229 -2.82644 4.57045e-19)
(0.345139 -2.99792 -3.54251e-19)
(0.0945333 -2.70849 0)
(-0.33412 -2.74456 0)
(-0.856147 -2.77495 -1.54087e-18)
(-1.54387 -2.88336 0)
(-2.24487 -3.01569 -1.22923e-18)
(-2.71236 -3.03627 6.85009e-19)
(-2.9827 -3.00038 2.50014e-18)
(-3.13554 -2.87316 -1.24452e-18)
(-3.20614 -2.78306 -1.82141e-18)
(-3.26059 -2.69726 -3.76722e-18)
(-3.33734 -2.61227 3.81679e-18)
(0.292764 -3.32119 -1.72396e-18)
(-0.113354 -3.1276 -1.30742e-18)
(-0.698958 -3.22961 2.53656e-18)
(-1.36573 -3.30255 9.09176e-19)
(-2.01224 -3.36098 0)
(-2.49964 -3.32321 -4.45278e-18)
(-2.78526 -3.20396 3.31251e-18)
(-2.94803 -3.07066 0)
(-3.05827 -2.91856 3.27945e-18)
(-3.11709 -2.80384 -5.02594e-18)
(-3.16869 -2.69945 3.42345e-18)
(-3.22747 -2.59865 4.68003e-19)
(0.0747858 -3.53206 2.04952e-18)
(-0.386211 -3.49264 3.03541e-18)
(-0.998132 -3.60059 9.11769e-19)
(-1.63327 -3.63179 0)
(-2.16564 -3.57627 -2.73215e-18)
(-2.50908 -3.43733 4.62981e-18)
(-2.71209 -3.26877 0)
(-2.84081 -3.10147 -3.08183e-18)
(-2.92858 -2.93852 -2.81685e-18)
(-2.99067 -2.79655 4.16934e-18)
(-3.04802 -2.66946 0)
(-3.10679 -2.55088 -3.21481e-18)
(-0.137683 -3.71927 2.03027e-18)
(-0.627908 -3.77664 7.0967e-19)
(-1.19437 -3.85463 -2.16218e-18)
(-1.7409 -3.81816 -8.91008e-18)
(-2.15713 -3.68596 -3.0545e-19)
(-2.42219 -3.50242 7.57645e-18)
(-2.59204 -3.30752 0)
(-2.71027 -3.11931 8.57641e-18)
(-2.79918 -2.94211 -5.00576e-18)
(-2.86918 -2.78346 4.38982e-18)
(-2.93278 -2.64096 2.77445e-19)
(-2.9946 -2.51021 -5.64316e-20)
(-0.345602 -3.88461 -1.85073e-18)
(-0.816089 -4.02909 -1.45234e-18)
(-1.30659 -4.05234 0)
(-1.74927 -3.95959 9.53358e-18)
(-2.07829 -3.78041 -1.31553e-17)
(-2.30095 -3.56725 -2.17113e-19)
(-2.45746 -3.3506 -1.29922e-17)
(-2.57543 -3.1442 5.30518e-19)
(-2.66973 -2.95241 -5.00882e-18)
(-2.74844 -2.77865 -4.96731e-18)
(-2.81935 -2.62169 4.94e-18)
(-2.88629 -2.47858 -4.08869e-18)
(-0.54233 -4.06932 -1.66971e-19)
(-0.949935 -4.27686 -1.83985e-18)
(-1.34596 -4.23255 0)
(-1.69432 -4.09599 4.93272e-18)
(-1.96412 -3.88228 3.37138e-18)
(-2.16475 -3.64288 2.99557e-18)
(-2.31816 -3.4044 -5.11374e-19)
(-2.44097 -3.17865 -1.2334e-19)
(-2.543 -2.96975 -5.60794e-18)
(-2.6303 -2.77972 -5.98103e-19)
(-2.70821 -2.60779 2.336e-19)
(-2.7801 -2.4517 0)
(-0.696319 -4.24104 2.16958e-18)
(-1.03384 -4.51394 0)
(-1.32655 -4.39376 0)
(-1.59636 -4.21459 -3.88032e-18)
(-1.82455 -3.97105 3.43827e-18)
(-2.01272 -3.70797 -7.08353e-18)
(-2.16806 -3.44907 0)
(-2.29836 -3.20496 5.81846e-18)
(-2.40942 -2.97963 -2.45268e-19)
(-2.50558 -2.77457 4.94226e-18)
(-2.59059 -2.58908 -5.17222e-18)
(-2.66756 -2.42117 9.93918e-18)
(-0.823082 -4.50449 4.44301e-18)
(-1.02639 -4.71643 -1.40953e-18)
(-1.22026 -4.49163 -4.97728e-18)
(-1.44019 -4.25346 -8.56596e-18)
(-1.64382 -3.98261 0)
(-1.82683 -3.70347 6.45549e-18)
(-1.98839 -3.43408 -1.30702e-17)
(-2.12954 -3.18181 5.8021e-18)
(-2.25252 -2.9495 6.20378e-18)
(-2.35983 -2.73784 0)
(-2.45397 -2.54605 -5.90319e-18)
(-2.53782 -2.37223 -9.94671e-18)
(-0.973021 -4.56672 -6.54512e-18)
(-0.935543 -4.68968 1.42909e-18)
(-1.02311 -4.37856 4.35426e-18)
(-1.2073 -4.08443 3.68975e-18)
(-1.40034 -3.81169 -4.99511e-20)
(-1.58854 -3.54572 -1.08302e-17)
(-1.76332 -3.29386 1.29458e-17)
(-1.92085 -3.05858 2.53113e-17)
(-2.06022 -2.84041 -1.77054e-17)
(-2.18254 -2.6397 -1.19961e-17)
(-2.28919 -2.45607 1.09753e-17)
(-2.38293 -2.28788 0)
(-0.398897 -4.18538 5.50345e-18)
(-0.564779 -4.11263 1.8667e-18)
(-0.692653 -3.81186 2.01722e-18)
(-0.888044 -3.56481 7.95538e-18)
(-1.10179 -3.37052 0)
(-1.31093 -3.17842 6.33562e-18)
(-1.50519 -2.98955 -1.26357e-17)
(-1.68157 -2.80619 -5.59451e-18)
(-1.83883 -2.62967 -5.73012e-18)
(-1.9778 -2.4622 1.08601e-17)
(-2.09861 -2.30482 5.68266e-18)
(-2.20415 -2.15698 1.63155e-17)
(-3.67856 -2.27588 1.24367e-19)
(-3.90965 -2.21981 5.92283e-19)
(-4.05412 -2.11532 2.8171e-19)
(-4.14552 -1.97184 -6.56008e-19)
(-4.15156 -1.81375 1.7836e-19)
(-4.1083 -1.62531 0)
(-3.9751 -1.43557 -5.12214e-19)
(-3.77432 -1.23518 3.88035e-19)
(-3.48755 -1.03095 0)
(-3.10797 -0.789958 1.15535e-19)
(-2.68281 -0.379557 0)
(-2.54024 0.217234 -2.99112e-19)
(-3.33263 -2.80691 -4.25917e-18)
(-3.43454 -2.74991 3.03116e-18)
(-3.53203 -2.65868 2.29842e-18)
(-3.62734 -2.53054 -9.6474e-19)
(-3.70572 -2.36911 0)
(-3.74489 -2.20604 0)
(-3.73851 -2.04697 1.48526e-18)
(-3.68078 -1.90092 -1.60275e-18)
(-3.56896 -1.78795 0)
(-3.3263 -1.68248 6.08585e-19)
(-3.0507 -1.54262 -3.91626e-20)
(-3.19067 -1.02913 -1.10255e-18)
(-3.40759 -2.52616 1.61379e-18)
(-3.4845 -2.43519 -2.77717e-18)
(-3.55688 -2.33825 0)
(-3.61869 -2.2377 -2.90222e-18)
(-3.66064 -2.13835 -2.98542e-18)
(-3.67738 -2.04364 6.38547e-18)
(-3.66328 -1.96462 -5.69882e-18)
(-3.61943 -1.91148 0)
(-3.55333 -1.88722 0)
(-3.4169 -1.8776 0)
(-3.19925 -1.86644 -5.35207e-19)
(-3.41141 -1.74576 1.6483e-19)
(-3.2837 -2.50202 -1.30196e-18)
(-3.34199 -2.40635 -3.90485e-19)
(-3.39867 -2.31046 0)
(-3.44989 -2.21588 -3.68672e-19)
(-3.49077 -2.12737 0)
(-3.51723 -2.05086 0)
(-3.52571 -1.994 1.33897e-18)
(-3.51908 -1.96666 -1.60408e-18)
(-3.49434 -1.96941 1.72267e-18)
(-3.42671 -2.02536 0)
(-3.24905 -2.10816 -5.51353e-19)
(-3.54699 -2.15742 -6.60661e-19)
(-3.1648 -2.44001 7.11091e-18)
(-3.22354 -2.33491 -1.76653e-18)
(-3.28066 -2.23514 3.17527e-18)
(-3.33352 -2.14252 1.42941e-18)
(-3.37963 -2.06098 -4.84074e-18)
(-3.4176 -1.99543 0)
(-3.44602 -1.9544 -1.64417e-18)
(-3.46428 -1.94493 0)
(-3.47921 -1.97579 0)
(-3.47547 -2.0629 1.22327e-18)
(-3.36041 -2.20496 3.1434e-20)
(-3.77273 -2.4021 7.41755e-19)
(-3.0551 -2.38971 -3.39616e-18)
(-3.11521 -2.27797 -2.57282e-19)
(-3.17408 -2.17467 0)
(-3.23063 -2.08126 0)
(-3.28404 -2.00089 -5.30275e-18)
(-3.33415 -1.93803 3.33258e-18)
(-3.38189 -1.89891 3.39836e-18)
(-3.42937 -1.89076 1.77217e-18)
(-3.47876 -1.92437 -4.205e-18)
(-3.53249 -2.01673 -1.08713e-18)
(-3.47848 -2.20421 0)
(-3.93769 -2.5231 8.46621e-19)
(-2.95068 -2.34758 -8.08647e-18)
(-3.01369 -2.22733 3.32475e-18)
(-3.07559 -2.11748 3.67732e-18)
(-3.13662 -2.01902 2.01425e-19)
(-3.1974 -1.93437 -4.13436e-19)
(-3.25926 -1.86721 -3.71616e-18)
(-3.32465 -1.82271 -5.40259e-18)
(-3.39721 -1.80769 -1.9412e-18)
(-3.48052 -1.83309 1.85328e-18)
(-3.58103 -1.91838 0)
(-3.60223 -2.10502 2.12034e-18)
(-4.09717 -2.50907 -5.41026e-19)
(-2.84791 -2.30953 8.28129e-18)
(-2.91333 -2.17969 -4.50337e-18)
(-2.97756 -2.06153 -4.18265e-18)
(-3.04191 -1.95546 -7.62293e-18)
(-3.10813 -1.86304 7.47499e-18)
(-3.17884 -1.7869 -1.93717e-19)
(-3.25805 -1.73082 1.12169e-17)
(-3.35148 -1.70063 1.78442e-18)
(-3.46501 -1.70651 2.13329e-18)
(-3.61086 -1.76926 0)
(-3.7092 -1.94141 -1.45292e-18)
(-4.20306 -2.3906 -6.9496e-19)
(-2.73864 -2.26875 0)
(-2.80604 -2.12973 4.29194e-18)
(-2.87168 -2.00306 4.1825e-18)
(-2.93768 -1.88837 -4.27253e-18)
(-3.00665 -1.78636 -1.63491e-19)
(-3.08222 -1.69851 -4.25554e-18)
(-3.16987 -1.62677 -3.82918e-18)
(-3.2777 -1.5752 0)
(-3.41477 -1.55164 -1.95055e-18)
(-3.60041 -1.57627 -1.21085e-18)
(-3.77885 -1.71227 4.66489e-18)
(-4.26114 -2.1312 -9.99081e-19)
(-2.61337 -2.21429 0)
(-2.68334 -2.06956 0)
(-2.75008 -1.93682 0)
(-2.8162 -1.81501 -1.42292e-17)
(-2.88486 -1.70392 9.04617e-18)
(-2.9606 -1.60394 8.71356e-18)
(-3.05015 -1.51482 0)
(-3.16343 -1.43807 -4.37749e-18)
(-3.3134 -1.37738 0)
(-3.52955 -1.34956 -2.49751e-18)
(-3.77022 -1.41074 -7.98422e-19)
(-4.24788 -1.7201 -1.27459e-18)
(-2.46509 -2.13373 0)
(-2.53892 -1.99037 0)
(-2.60692 -1.85703 1.05396e-17)
(-2.67191 -1.73212 1.47291e-17)
(-2.73722 -1.615 4.06756e-19)
(-2.80781 -1.50511 4.89504e-18)
(-2.89181 -1.3999 -2.33876e-18)
(-2.99943 -1.29763 6.58982e-18)
(-3.14759 -1.19571 4.53429e-18)
(-3.37415 -1.10545 2.27838e-18)
(-3.64811 -1.03823 -1.84126e-18)
(-4.11769 -1.02266 -1.96119e-18)
(-2.29404 -2.0187 0)
(-2.37207 -1.88579 0)
(-2.44051 -1.75925 -9.9826e-18)
(-2.50203 -1.63714 5.25142e-18)
(-2.5605 -1.5189 -4.70327e-18)
(-2.62056 -1.40359 -4.75879e-18)
(-2.69153 -1.28704 4.95047e-18)
(-2.7816 -1.16433 0)
(-2.90981 -1.02525 -4.45262e-18)
(-3.10397 -0.87115 -2.36902e-18)
(-3.38751 -0.646514 2.27994e-18)
(-3.71813 0.0357271 -4.65452e-18)
(-2.21861 0.28719 1.16371e-19)
(-1.93437 0.309094 0)
(-1.76517 0.391714 0)
(-1.65978 0.504309 5.7503e-19)
(-1.58519 0.620332 -6.14959e-19)
(-1.54593 0.750949 0)
(-1.66939 0.896283 0)
(-1.69381 1.30079 4.99843e-19)
(-1.45178 2.26814 1.28161e-18)
(-1.79361 2.93507 1.08809e-18)
(-2.11528 3.12988 -2.01606e-19)
(-2.24484 3.43661 7.39012e-19)
(-2.74416 -0.37715 -6.21173e-19)
(-2.38012 -0.216125 0)
(-2.34587 0.0418757 0)
(-2.35487 0.320298 -9.70198e-19)
(-2.42705 0.651729 2.29249e-18)
(-2.39621 1.19101 -2.48596e-18)
(-2.54125 2.0493 8.86821e-19)
(-2.77695 2.68496 8.10822e-19)
(-2.7634 2.98302 -3.28322e-19)
(-2.83707 3.09827 8.07793e-19)
(-2.83993 3.13146 0)
(-2.8264 3.24257 -1.71404e-18)
(-2.99788 -0.34537 3.54001e-19)
(-2.70834 -0.094867 0)
(-2.74432 0.333747 0)
(-2.77461 0.855518 -9.07714e-19)
(-2.88278 1.543 6.74364e-19)
(-3.01526 2.24451 -1.554e-18)
(-3.03597 2.71255 0)
(-3.0003 2.98313 -3.29309e-18)
(-2.87309 3.136 3.94769e-18)
(-2.78298 3.20662 -1.02311e-18)
(-2.69721 3.26099 -2.65146e-18)
(-2.61224 3.33769 3.81605e-18)
(-3.32122 -0.293207 -8.61368e-19)
(-3.12742 0.11271 1.30608e-18)
(-3.22935 0.698217 0)
(-3.30215 1.36505 9.09489e-19)
(-3.36067 2.01199 -6.44154e-19)
(-3.32311 2.49994 1.22479e-18)
(-3.2039 2.78576 0)
(-3.07065 2.94855 -2.41667e-18)
(-2.91852 3.05878 -5.47921e-18)
(-2.8038 3.11756 3.50202e-18)
(-2.69943 3.16907 3.42418e-18)
(-2.59865 3.2278 -6.6927e-18)
(-3.53219 -0.0752945 1.02364e-18)
(-3.49254 0.385489 -1.23928e-18)
(-3.60048 0.997513 2.77348e-18)
(-3.63173 1.633 0)
(-3.57633 2.16584 -5.77943e-18)
(-3.43741 2.50958 5.49188e-18)
(-3.26881 2.71264 3.27438e-18)
(-3.1015 2.84133 2.36246e-18)
(-2.93852 2.92904 0)
(-2.79653 2.99107 0)
(-2.66945 3.04836 0)
(-2.55088 3.10707 -7.1456e-19)
(-3.71952 0.137083 5.22049e-18)
(-3.77667 0.627276 0)
(-3.85473 1.19397 -2.16306e-18)
(-3.81835 1.74088 4.64473e-18)
(-3.68617 2.15746 3.61412e-18)
(-3.50256 2.42266 -7.22603e-18)
(-3.30759 2.59252 3.37119e-18)
(-3.11933 2.7107 -1.17624e-17)
(-2.9421 2.79955 -1.74335e-19)
(-2.78344 2.8695 -4.25406e-19)
(-2.64094 2.93305 2.77559e-19)
(-2.51019 2.99482 1.14668e-17)
(-3.88487 0.345106 -6.6278e-18)
(-4.02921 0.815637 4.07739e-18)
(-4.0526 1.30637 -6.20024e-18)
(-3.95988 1.74935 -4.41204e-18)
(-3.78064 2.07859 -8.20008e-18)
(-3.56739 2.30133 -4.35661e-18)
(-3.35066 2.45783 -6.43551e-18)
(-3.14421 2.57577 1.06812e-17)
(-2.95238 2.67002 0)
(-2.7786 2.74868 9.30824e-18)
(-2.62164 2.81955 -1.30639e-17)
(-2.47854 2.88644 4.37526e-18)
(-4.06956 0.541945 -3.15421e-18)
(-4.27705 0.949629 -5.4036e-18)
(-4.23286 1.34584 7.62216e-18)
(-4.0963 1.6944 0)
(-3.8825 1.96434 -4.21016e-18)
(-3.643 2.16503 6.37102e-18)
(-3.40444 2.31844 -3.18394e-19)
(-3.17863 2.44123 1.23397e-19)
(-2.96969 2.54322 -5.187e-18)
(-2.77966 2.63048 -9.7721e-18)
(-2.60772 2.70835 4.37601e-18)
(-2.45164 2.7802 -4.43163e-18)
(-4.24127 0.696074 2.17009e-18)
(-4.51417 1.03366 0)
(-4.39406 1.32647 0)
(-4.21488 1.59641 0)
(-3.97127 1.8247 3.43894e-18)
(-3.70809 2.01292 0)
(-3.44911 2.16827 -4.08705e-19)
(-3.20495 2.29856 1.15593e-17)
(-2.97958 2.40959 2.79057e-19)
(-2.7745 2.50572 4.9433e-18)
(-2.58901 2.59069 -4.97985e-18)
(-2.4211 2.66763 1.47115e-17)
(-4.5047 0.82304 7.31096e-20)
(-4.71658 1.02628 7.48017e-18)
(-4.49187 1.22021 -2.2913e-18)
(-4.2537 1.44022 0)
(-3.98281 1.64392 0)
(-3.7036 1.82698 0)
(-3.43414 1.98855 0)
(-3.18183 2.1297 6.06388e-18)
(-2.94947 2.25266 -2.32319e-17)
(-2.73779 2.35994 -1.14612e-17)
(-2.54599 2.45405 1.10375e-17)
(-2.37216 2.53787 5.89685e-18)
(-4.56679 0.973025 -6.54482e-18)
(-4.68977 0.93548 -4.34314e-18)
(-4.37872 1.02308 -2.60037e-18)
(-4.08462 1.20733 0)
(-3.81186 1.40042 0)
(-3.54586 1.58867 7.27732e-18)
(-3.29396 1.76346 -1.34405e-17)
(-3.05864 1.92099 2.55346e-17)
(-2.84043 2.06035 1.805e-17)
(-2.6397 2.18265 1.12955e-17)
(-2.45604 2.28927 -1.09761e-17)
(-2.28785 2.38297 6.35125e-19)
(-4.18545 0.398968 -1.86142e-18)
(-4.1127 0.5648 0)
(-3.81199 0.692679 3.86234e-18)
(-3.56499 0.8881 -1.18266e-17)
(-3.37071 1.10188 1.0712e-17)
(-3.1786 1.31106 3.63114e-19)
(-2.9897 1.50533 6.00126e-18)
(-2.80631 1.68171 -5.59457e-18)
(-2.62975 1.83897 -2.8555e-17)
(-2.46225 1.97791 0)
(-2.30485 2.09869 0)
(-2.15699 2.2042 4.97166e-19)
(-2.2759 3.67872 -6.33871e-19)
(-2.21974 3.90984 -4.54334e-19)
(-2.1154 4.05435 -1.69559e-19)
(-1.97187 4.14575 -5.77999e-19)
(-1.81386 4.1518 1.67572e-19)
(-1.62538 4.10851 7.97213e-20)
(-1.43567 3.97531 -5.11982e-19)
(-1.23526 3.7745 1.36343e-18)
(-1.03104 3.48772 -6.73849e-19)
(-0.790025 3.10808 -1.15523e-19)
(-0.379634 2.68289 0)
(0.21711 2.54033 0)
(-2.80691 3.33291 3.82645e-18)
(-2.74995 3.43479 -1.75256e-18)
(-2.65877 3.53225 -8.95118e-19)
(-2.53065 3.62754 0)
(-2.36923 3.70592 -1.44017e-18)
(-2.20616 3.74507 0)
(-2.04709 3.73868 -6.47718e-19)
(-1.90104 3.68093 1.60244e-18)
(-1.78807 3.56908 0)
(-1.68259 3.32637 1.46005e-18)
(-1.54275 3.05075 -1.73818e-18)
(-1.02928 3.19071 2.52613e-19)
(-2.52616 3.4079 1.55895e-18)
(-2.43522 3.48477 -4.2685e-18)
(-2.3383 3.55712 1.18834e-18)
(-2.23777 3.6189 0)
(-2.13844 3.66082 1.28071e-18)
(-2.04375 3.67753 3.22855e-18)
(-1.96474 3.6634 -4.42207e-18)
(-1.91162 3.61953 2.03089e-18)
(-1.88736 3.55341 -8.90117e-19)
(-1.87776 3.41695 0)
(-1.8666 3.19927 0)
(-1.74594 3.41143 -1.52292e-19)
(-2.50204 3.28398 -3.07187e-18)
(-2.40639 3.34223 2.57013e-18)
(-2.31052 3.39886 2.99115e-18)
(-2.21597 3.45005 -1.63337e-18)
(-2.12748 3.4909 -3.04393e-18)
(-2.05099 3.51734 0)
(-1.99414 3.52579 1.60445e-19)
(-1.96681 3.51915 3.24655e-18)
(-1.96958 3.49439 -2.49293e-18)
(-2.02554 3.42675 9.85885e-19)
(-2.10834 3.24907 -5.65847e-20)
(-2.15763 3.54702 -5.9222e-19)
(-2.44002 3.16502 3.41336e-18)
(-2.33494 3.22373 -1.76691e-18)
(-2.23519 3.28081 3.17587e-18)
(-2.1426 3.33364 -1.70277e-18)
(-2.06108 3.37972 0)
(-1.99555 3.41767 0)
(-1.95455 3.44607 -1.38882e-18)
(-1.94509 3.46432 -3.44696e-18)
(-1.97596 3.47924 1.84543e-18)
(-2.06308 3.47548 1.22304e-18)
(-2.20515 3.3604 -1.07681e-18)
(-2.40231 3.77275 0)
(-2.38971 3.05527 -2.42546e-19)
(-2.27798 3.11534 -7.22789e-18)
(-2.17471 3.17418 0)
(-2.08133 3.2307 3.33494e-18)
(-2.00098 3.28409 -3.31073e-18)
(-1.93815 3.33418 0)
(-1.89905 3.38191 -1.3343e-19)
(-1.89092 3.42939 -1.48116e-19)
(-1.92455 3.47876 0)
(-2.01692 3.53249 -2.37048e-18)
(-2.20441 3.47847 1.1005e-18)
(-2.52331 3.9377 -6.12452e-19)
(-2.34756 2.95079 -4.1707e-18)
(-2.22732 3.01377 1.13155e-17)
(-2.1175 3.07564 0)
(-2.01907 3.13665 -3.59503e-18)
(-1.93444 3.19741 3.54298e-18)
(-1.8673 3.25926 3.50538e-18)
(-1.82283 3.32464 -3.87802e-18)
(-1.80784 3.39719 -1.83598e-18)
(-1.83326 3.4805 0)
(-1.91856 3.58101 -1.50668e-18)
(-2.10521 3.6022 1.49489e-18)
(-2.50927 4.09717 0)
(-2.30948 2.84798 8.49391e-18)
(-2.17966 2.91337 -8.00382e-18)
(-2.06153 2.97757 8.18707e-18)
(-1.95548 3.0419 -7.82049e-18)
(-1.8631 3.10811 5.51161e-22)
(-1.78698 3.17881 3.77762e-18)
(-1.73093 3.25801 3.5409e-18)
(-1.70077 3.35144 0)
(-1.70667 3.46497 -2.13348e-18)
(-1.76943 3.61082 4.82147e-18)
(-1.94159 3.70916 -1.4528e-18)
(-2.39079 4.20305 0)
(-2.26869 2.73868 4.62651e-18)
(-2.12968 2.80605 1.76564e-19)
(-2.00304 2.87167 -4.18323e-18)
(-1.88837 2.93764 0)
(-1.78639 3.0066 0)
(-1.69858 3.08216 0)
(-1.62686 3.16981 0)
(-1.57532 3.27764 -4.1578e-18)
(-1.55179 3.41471 1.95074e-18)
(-1.57644 3.60036 2.83312e-19)
(-1.71244 3.77881 0)
(-2.13135 4.26112 0)
(-2.21423 2.61339 -5.01403e-18)
(-2.06952 2.68333 -1.47792e-17)
(-1.9368 2.75005 0)
(-1.815 2.81615 4.93143e-18)
(-1.70394 2.88479 9.22075e-18)
(-1.60399 2.96052 0)
(-1.5149 3.05006 0)
(-1.43817 3.16335 1.80474e-18)
(-1.37751 3.31332 -6.53153e-18)
(-1.34971 3.52949 2.26555e-19)
(-1.41088 3.77018 0)
(-1.72023 4.24786 0)
(-2.1337 2.46511 -5.66844e-18)
(-1.99034 2.53891 -5.85331e-18)
(-1.85701 2.60688 1.05407e-17)
(-1.73211 2.67185 -1.47307e-17)
(-1.61502 2.73714 5.26009e-18)
(-1.50515 2.80771 9.65634e-18)
(-1.39997 2.89171 -2.43358e-18)
(-1.29772 2.99933 2.11367e-18)
(-1.19583 3.14749 4.25761e-18)
(-1.10558 3.37408 -4.71947e-18)
(-1.03835 3.64806 -1.84135e-18)
(-1.02274 4.11765 0)
(-2.0187 2.29406 -4.93386e-19)
(-1.88578 2.37206 1.01374e-17)
(-1.75925 2.44047 -9.98273e-18)
(-1.63715 2.50196 0)
(-1.51892 2.56041 -9.64254e-18)
(-1.40363 2.62046 -1.47229e-17)
(-1.2871 2.69142 -2.19472e-19)
(-1.16442 2.78149 0)
(-1.02535 2.9097 0)
(-0.871257 3.10388 1.12203e-18)
(-0.646618 3.38745 9.20525e-21)
(0.0356815 3.71809 2.34098e-18)
(0.143524 2.63801 5.70207e-19)
(0.235613 2.73687 2.28599e-18)
(0.432228 2.78057 1.2672e-19)
(0.642325 2.7748 0)
(0.859656 2.73521 5.58721e-18)
(1.06973 2.66138 -5.24945e-18)
(1.26752 2.56475 -1.56022e-17)
(1.4509 2.45441 -1.03901e-17)
(1.61798 2.33703 -7.67509e-21)
(1.7685 2.21793 -4.9917e-18)
(1.90021 2.10009 1.00512e-17)
(2.01565 1.98419 -9.63294e-18)
(0.173987 2.24382 0)
(0.303311 2.23635 0)
(0.439111 2.24586 -2.22712e-18)
(0.583978 2.24458 4.53243e-18)
(0.747267 2.23303 -1.12355e-17)
(0.920521 2.20326 -6.79183e-18)
(1.09617 2.15671 8.85497e-18)
(1.2687 2.09705 2.23355e-17)
(1.43275 2.02802 -4.47791e-18)
(1.58529 1.95333 0)
(1.72015 1.87493 2.45306e-19)
(1.8388 1.79296 0)
(0.139617 2.00357 -4.45525e-19)
(0.256137 1.9723 4.59357e-19)
(0.385571 1.95056 3.76084e-18)
(0.519978 1.92859 3.85235e-20)
(0.666617 1.90735 3.83609e-18)
(0.823026 1.88164 -6.64024e-20)
(0.984527 1.84996 0)
(1.14679 1.81275 -3.93206e-18)
(1.30402 1.77025 -4.03776e-18)
(1.45154 1.72344 1.23547e-17)
(1.57987 1.67182 -1.23223e-17)
(1.68889 1.61468 8.46928e-18)
(0.106649 1.79382 -8.09198e-19)
(0.220754 1.76718 1.65076e-18)
(0.343649 1.74424 2.99538e-20)
(0.471619 1.72362 -3.40789e-18)
(0.611032 1.70545 -7.00097e-18)
(0.761482 1.68644 -4.90373e-20)
(0.919391 1.66402 -7.25286e-18)
(1.0798 1.63647 3.68751e-18)
(1.23505 1.60189 -3.73393e-18)
(1.37676 1.55946 -7.56205e-18)
(1.4911 1.50775 0)
(1.57217 1.4472 7.93115e-18)
(2.1106 1.87195 9.55874e-18)
(2.18954 1.75687 9.83022e-18)
(2.25432 1.64348 0)
(2.30731 1.5295 0)
(2.35367 1.41523 4.60638e-18)
(2.39808 1.29985 -4.50924e-18)
(2.45065 1.1787 2.1365e-18)
(2.51583 1.04557 6.54116e-18)
(2.61096 0.88665 0)
(2.7246 0.691342 0)
(2.91638 0.398726 5.89518e-19)
(2.77493 -0.247457 -1.53306e-18)
(1.9298 1.70951 -9.15823e-18)
(1.99988 1.61313 2.88467e-19)
(2.05123 1.51477 0)
(2.087 1.41128 -4.33587e-18)
(2.11453 1.30435 -6.36867e-21)
(2.13932 1.19319 4.14566e-18)
(2.17263 1.07368 0)
(2.21652 0.939148 -4.06119e-18)
(2.28855 0.779731 0)
(2.35864 0.579983 -3.93793e-18)
(2.48815 0.343438 -1.89346e-18)
(2.40475 -0.103042 -1.51714e-26)
(1.7565 1.55214 -2.49513e-19)
(1.79934 1.4657 -8.12133e-18)
(1.82286 1.37829 0)
(1.83197 1.28407 8.03961e-18)
(1.83662 1.18602 3.87114e-18)
(1.84349 1.08247 1.15403e-21)
(1.86399 0.9697 -9.30954e-18)
(1.89811 0.839381 1.09318e-17)
(1.96246 0.68679 -1.78534e-18)
(2.02024 0.494145 7.97499e-18)
(2.1213 0.299062 2.5178e-18)
(2.09971 -0.0134282 -4.4254e-19)
(1.58052 1.38104 2.32632e-17)
(1.5696 1.29077 0)
(1.55424 1.21054 0)
(1.53474 1.12775 -7.09249e-18)
(1.52258 1.04557 -7.05981e-18)
(1.52379 0.959034 6.88329e-18)
(1.54709 0.863246 1.33536e-17)
(1.58989 0.74725 -6.5317e-18)
(1.66222 0.609225 3.24553e-18)
(1.72944 0.431423 -3.21833e-18)
(1.81879 0.255554 -1.56481e-18)
(1.84044 0.021758 -3.97294e-19)
(2.63806 -0.1435 -1.14039e-18)
(2.73689 -0.235598 0)
(2.78056 -0.432219 1.26709e-19)
(2.77477 -0.642313 0)
(2.73518 -0.859638 0)
(2.66133 -1.06971 5.24915e-18)
(2.5647 -1.26749 0)
(2.45436 -1.45086 1.00445e-17)
(2.33698 -1.61794 9.89251e-18)
(2.21788 -1.76846 1.01212e-17)
(2.10004 -1.90015 -4.95014e-18)
(1.98415 -2.01559 -5.0798e-18)
(2.24383 -0.173962 -5.38245e-19)
(2.23636 -0.303285 -5.48732e-19)
(2.24586 -0.439087 -1.10488e-18)
(2.24457 -0.583954 0)
(2.233 -0.747242 -2.2488e-18)
(2.20323 -0.920493 1.12894e-17)
(2.15667 -1.09614 0)
(2.097 -1.26866 4.47476e-18)
(2.02798 -1.43272 -4.47763e-18)
(1.95329 -1.58525 -8.84969e-18)
(1.8749 -1.7201 -9.12028e-18)
(1.79293 -1.83874 8.89149e-18)
(2.00355 -0.139591 -8.94781e-19)
(1.97228 -0.256109 1.37355e-18)
(1.95054 -0.385539 -2.80644e-18)
(1.92857 -0.519947 1.90751e-18)
(1.90732 -0.666587 0)
(1.88161 -0.822995 -1.55957e-17)
(1.84993 -0.984497 0)
(1.81272 -1.14676 8.02184e-18)
(1.77022 -1.30399 -4.07762e-18)
(1.72342 -1.4515 8.26919e-18)
(1.67179 -1.57983 4.0571e-18)
(1.61466 -1.68885 -8.4688e-18)
(1.79376 -0.106629 1.21011e-18)
(1.76713 -0.22073 1.6507e-18)
(1.74419 -0.343617 0)
(1.72359 -0.471586 0)
(1.70541 -0.611 0)
(1.6864 -0.761452 1.42012e-17)
(1.66399 -0.919364 7.25242e-18)
(1.63644 -1.07977 -1.10236e-17)
(1.60187 -1.23503 1.12289e-17)
(1.55944 -1.37673 -7.56163e-18)
(1.50774 -1.49107 0)
(1.44719 -1.57213 7.66828e-18)
(1.87192 -2.11053 -9.93136e-18)
(1.75684 -2.18947 -9.82987e-18)
(1.64345 -2.25424 9.33376e-18)
(1.52948 -2.30723 -9.55363e-18)
(1.41523 -2.35359 0)
(1.29985 -2.39799 -9.18213e-18)
(1.1787 -2.45056 1.13274e-17)
(1.04558 -2.51575 -2.20018e-18)
(0.886659 -2.61089 4.29696e-18)
(0.691351 -2.72453 -1.10057e-18)
(0.398734 -2.91632 1.12693e-18)
(-0.247452 -2.77486 -7.9507e-19)
(1.70948 -1.92974 8.86971e-18)
(1.6131 -1.99981 8.78803e-18)
(1.51475 -2.05115 0)
(1.41127 -2.08692 4.18181e-18)
(1.30435 -2.11445 8.48009e-18)
(1.19319 -2.13924 4.0215e-18)
(1.07368 -2.17255 -1.63103e-17)
(0.939156 -2.21645 -4.06102e-18)
(0.779738 -2.28849 -3.98533e-18)
(0.579989 -2.35857 -9.83361e-19)
(0.343444 -2.4881 9.4256e-19)
(-0.103036 -2.40469 5.19563e-19)
(1.55211 -1.75644 0)
(1.46568 -1.79927 -1.24867e-17)
(1.37828 -1.82279 4.04973e-18)
(1.28406 -1.83189 4.07523e-18)
(1.18602 -1.83655 7.74383e-18)
(1.08247 -1.84341 -3.78047e-18)
(0.969705 -1.86393 9.17967e-18)
(0.839387 -1.89805 9.1064e-18)
(0.686796 -1.96241 1.77011e-18)
(0.494152 -2.0202 -1.76757e-18)
(0.299068 -2.12125 -4.21936e-19)
(-0.0134198 -2.09967 -3.95065e-21)
(1.38103 -1.58047 0)
(1.29076 -1.56954 -1.57375e-19)
(1.21053 -1.55418 0)
(1.12775 -1.53468 -1.43332e-17)
(1.04557 -1.52252 3.49667e-18)
(0.959042 -1.52374 -1.03068e-17)
(0.863254 -1.54705 0)
(0.747258 -1.58986 -6.53132e-18)
(0.609231 -1.6622 3.22577e-18)
(0.43143 -1.72941 -3.22187e-18)
(0.255561 -1.81876 -1.17233e-18)
(0.0217689 -1.8404 -3.97178e-19)
(-0.143477 -2.63799 -1.14036e-18)
(-0.235589 -2.73685 1.19802e-19)
(-0.432217 -2.78049 0)
(-0.642298 -2.77467 -2.6222e-18)
(-0.859601 -2.73506 5.52695e-18)
(-1.06965 -2.66122 -8.18845e-18)
(-1.26741 -2.5646 -2.1669e-19)
(-1.45077 -2.45427 1.02496e-17)
(-1.61784 -2.33692 -5.04987e-18)
(-1.76837 -2.21783 0)
(-1.90008 -2.10002 -1.97493e-17)
(-2.01553 -1.98415 3.62366e-19)
(-0.173939 -2.24378 1.08277e-18)
(-0.303272 -2.23631 -5.29507e-19)
(-0.439073 -2.2458 4.51902e-18)
(-0.58393 -2.2445 -8.98846e-18)
(-0.747201 -2.23293 4.53155e-18)
(-0.920435 -2.20314 -1.58577e-19)
(-1.09606 -2.15658 0)
(-1.26858 -2.09693 1.34934e-17)
(-1.43263 -2.02791 -4.47743e-18)
(-1.58518 -1.95325 0)
(-1.72005 -1.87487 8.87465e-18)
(-1.8387 -1.79292 -8.89114e-18)
(-0.139574 -2.0035 -4.44194e-19)
(-0.256093 -1.97224 2.45293e-20)
(-0.385521 -1.9505 -3.71846e-18)
(-0.519918 -1.92852 3.78037e-18)
(-0.666544 -1.90726 -3.8357e-18)
(-0.822939 -1.88156 1.16919e-17)
(-0.984431 -1.84988 1.18772e-17)
(-1.14669 -1.81266 -3.93166e-18)
(-1.30393 -1.77018 4.08939e-18)
(-1.45146 -1.72338 0)
(-1.5798 -1.67178 -8.37534e-18)
(-1.68885 -1.61466 0)
(-0.106612 -1.79372 -1.61832e-18)
(-0.220713 -1.76709 -3.28427e-18)
(-0.343597 -1.74416 3.36877e-18)
(-0.471557 -1.72355 -1.7053e-18)
(-0.610959 -1.70537 3.48445e-18)
(-0.761401 -1.68637 -1.23958e-17)
(-0.919309 -1.66396 -7.20351e-18)
(-1.07972 -1.63642 7.36038e-18)
(-1.23499 -1.60186 -1.11804e-17)
(-1.37673 -1.55944 0)
(-1.49109 -1.50776 7.64835e-18)
(-1.57218 -1.44723 -1.55986e-17)
(-2.11049 -1.87193 1.4812e-17)
(-2.18945 -1.75685 -4.82849e-18)
(-2.25425 -1.64347 0)
(-2.30726 -1.52949 -9.19151e-18)
(-2.35363 -1.41522 0)
(-2.39806 -1.29983 0)
(-2.45064 -1.17867 -4.38432e-18)
(-2.51585 -1.04552 0)
(-2.611 -0.886578 0)
(-2.72465 -0.691257 -4.45678e-20)
(-2.91643 -0.398631 2.27881e-18)
(-2.77497 0.24755 1.59012e-18)
(-1.92972 -1.70948 -8.86936e-18)
(-1.99981 -1.61311 0)
(-2.05117 -1.51476 0)
(-2.08697 -1.41127 -4.33545e-18)
(-2.11451 -1.30434 4.23661e-18)
(-2.13932 -1.19317 0)
(-2.17266 -1.07365 -6.20914e-18)
(-2.21658 -0.939098 -2.0045e-18)
(-2.28863 -0.77966 0)
(-2.35873 -0.579901 -1.00953e-18)
(-2.48825 -0.343346 -2.35674e-18)
(-2.40484 0.103138 -5.17144e-19)
(-1.75646 -1.55213 8.47816e-18)
(-1.7993 -1.4657 -4.12385e-18)
(-1.82283 -1.37829 -8.22579e-18)
(-1.83196 -1.28407 3.96554e-18)
(-1.83664 -1.18602 -7.83796e-18)
(-1.84354 -1.08245 0)
(-1.86408 -0.969669 1.47869e-17)
(-1.89823 -0.839332 0)
(-1.9626 -0.686721 1.79853e-18)
(-2.0204 -0.494069 8.8192e-19)
(-2.12145 -0.298975 1.26274e-18)
(-2.09986 0.0135176 1.24437e-22)
(-1.58052 -1.38107 -7.64578e-18)
(-1.56961 -1.2908 0)
(-1.55426 -1.21057 7.2614e-18)
(-1.53479 -1.12778 -1.08291e-17)
(-1.52267 -1.04559 1.74908e-17)
(-1.52392 -0.959038 -6.88244e-18)
(-1.54726 -0.863227 -1.33521e-17)
(-1.59008 -0.747208 0)
(-1.66243 -0.609159 0)
(-1.72965 -0.431347 0)
(-1.819 -0.255472 -1.5635e-18)
(-1.84062 -0.0216742 -1.19588e-18)
(-2.63812 0.143571 -5.34305e-20)
(-2.73699 0.235668 5.95732e-19)
(-2.78067 0.432293 0)
(-2.77489 0.642393 5.53623e-18)
(-2.73529 0.85972 -2.63284e-18)
(-2.66144 1.06979 -7.9374e-18)
(-2.5648 1.26756 -5.21969e-18)
(-2.45444 1.45092 5.13139e-18)
(-2.33706 1.61799 9.89205e-18)
(-2.21794 1.76849 1.01207e-17)
(-2.1001 1.90017 -1.00502e-17)
(-1.9842 2.01559 -9.63192e-18)
(-2.24394 0.174042 -1.65613e-26)
(-2.23648 0.303361 2.22636e-18)
(-2.24599 0.439165 4.51908e-18)
(-2.24471 0.584036 0)
(-2.23315 0.747328 4.53163e-18)
(-2.20338 0.92058 0)
(-2.15681 1.09622 4.47611e-18)
(-2.09714 1.26874 -5.2377e-21)
(-2.0281 1.43278 -1.35091e-17)
(-1.9534 1.5853 -8.8493e-18)
(-1.87499 1.72013 8.87459e-18)
(-1.79301 1.83875 9.15972e-18)
(-2.00369 0.139678 4.49226e-19)
(-1.97243 0.256197 -4.57034e-18)
(-1.95069 0.38563 -6.54126e-18)
(-1.92872 0.52004 -1.90006e-18)
(-1.90748 0.66668 -1.15698e-17)
(-1.88178 0.823087 5.88359e-18)
(-1.85009 0.984582 3.66462e-21)
(-1.81287 1.14683 3.99629e-18)
(-1.77037 1.30405 -1.14965e-19)
(-1.72354 1.45154 0)
(-1.67191 1.57985 0)
(-1.61474 1.68884 2.24441e-19)
(-1.79393 0.106715 4.0824e-19)
(-1.76729 0.22082 1.63359e-18)
(-1.74435 0.343711 3.33878e-18)
(-1.72374 0.471682 -3.43598e-18)
(-1.70556 0.611095 1.39487e-17)
(-1.68655 0.761542 -7.07585e-18)
(-1.66413 0.919442 0)
(-1.63657 1.07983 7.38367e-18)
(-1.60199 1.23506 7.44687e-18)
(-1.55954 1.37674 0)
(-1.50782 1.49104 0)
(-1.44726 1.57208 -2.32664e-17)
(-1.87196 2.11052 9.55773e-18)
(-1.75687 2.18944 -9.82916e-18)
(-1.64348 2.25421 -1.44718e-17)
(-1.52951 2.30719 -6.98624e-21)
(-1.41525 2.35354 9.33868e-18)
(-1.29987 2.39795 2.25429e-17)
(-1.17872 2.45053 4.38443e-18)
(-1.04559 2.51573 -4.48412e-18)
(-0.886666 2.61088 0)
(-0.691348 2.72454 -4.45688e-20)
(-0.398713 2.91634 0)
(0.247505 2.77488 -7.95084e-19)
(-1.70954 1.92973 0)
(-1.61315 1.99978 -2.88425e-19)
(-1.51479 2.05112 8.66862e-18)
(-1.4113 2.08689 -1.31293e-17)
(-1.30438 2.11441 -1.26923e-17)
(-1.19322 2.13921 -8.16657e-18)
(-1.0737 2.17253 1.0311e-17)
(-0.939168 2.21645 6.02724e-18)
(-0.779741 2.28851 -3.98523e-18)
(-0.579981 2.35861 1.94476e-18)
(-0.343423 2.48814 0)
(0.103083 2.40474 0)
(-1.55218 1.75642 -8.47796e-18)
(-1.46574 1.79924 3.99669e-18)
(-1.37832 1.82275 -4.17374e-18)
(-1.2841 1.83187 3.85191e-18)
(-1.18606 1.83653 1.15098e-17)
(-1.0825 1.84341 0)
(-0.969727 1.86394 1.38322e-19)
(-0.8394 1.89809 -3.60794e-18)
(-0.686796 1.96246 -2.85514e-20)
(-0.49414 2.02026 -3.54821e-18)
(-0.299045 2.12133 4.21939e-19)
(0.0134592 2.09975 -4.42403e-19)
(-1.38109 1.58041 -7.9696e-18)
(-1.29081 1.5695 0)
(-1.21058 1.55415 7.26157e-18)
(-1.1278 1.53467 -1.08295e-17)
(-1.04561 1.52253 3.50989e-18)
(-0.959078 1.52377 0)
(-0.863281 1.5471 9.74701e-20)
(-0.747274 1.58993 6.60038e-18)
(-0.609233 1.66228 3.22581e-18)
(-0.431418 1.72951 -3.70691e-21)
(-0.255538 1.81887 0)
(-0.0217319 1.84052 7.96616e-19)
(0.0915193 1.58831 1.11788e-18)
(0.20428 1.58662 2.22955e-20)
(0.330186 1.58772 -4.89457e-18)
(0.465837 1.59301 0)
(0.615343 1.59843 7.71233e-18)
(0.774232 1.59817 1.82954e-17)
(0.934741 1.58714 2.62359e-17)
(1.08641 1.56112 0)
(1.21622 1.51747 0)
(1.31062 1.45648 -5.28817e-18)
(1.3558 1.38164 5.23446e-18)
(1.34324 1.30037 -2.09656e-17)
(0.0869992 1.4049 -5.69346e-19)
(0.200386 1.42119 1.80867e-18)
(0.325003 1.4389 -6.27108e-18)
(0.460417 1.45914 0)
(0.607133 1.47565 1.06376e-17)
(0.758633 1.48163 -1.06467e-17)
(0.904906 1.47108 -5.32991e-18)
(1.03325 1.43966 7.4025e-21)
(1.12987 1.38633 -5.44648e-18)
(1.18277 1.31445 0)
(1.18327 1.23326 0)
(1.13195 1.15564 2.22273e-17)
(0.0931971 1.23441 0)
(0.20475 1.25949 -2.39341e-18)
(0.326254 1.28429 5.00533e-18)
(0.457133 1.30859 2.6222e-18)
(0.59473 1.32575 -1.62275e-17)
(0.73059 1.32948 8.2757e-18)
(0.853401 1.31468 -1.68655e-17)
(0.95031 1.27853 5.72664e-18)
(1.00949 1.22196 1.4544e-20)
(1.02366 1.1508 2.97134e-20)
(0.991174 1.07825 -3.17817e-17)
(0.925695 1.02575 -2.61296e-17)
(0.103092 1.07087 0)
(0.210118 1.09715 4.80518e-18)
(0.325131 1.12115 0)
(0.446457 1.14167 1.05239e-17)
(0.569057 1.15278 0)
(0.683223 1.14942 5.74597e-18)
(0.777195 1.12789 2.36692e-17)
(0.838974 1.08654 -6.19944e-18)
(0.859222 1.02625 0)
(0.835913 0.950813 0)
(0.771538 0.869703 -8.2576e-18)
(0.702374 0.846797 8.10543e-18)
(1.25895 1.21014 -2.09513e-17)
(1.21945 1.10247 -5.15493e-18)
(1.19619 1.03825 2.54998e-17)
(1.18243 0.971794 -1.48164e-17)
(1.19186 0.908462 1.90248e-17)
(1.22486 0.838113 -1.84619e-17)
(1.28316 0.753584 -2.23856e-17)
(1.36085 0.644822 0)
(1.45207 0.510673 -4.2494e-18)
(1.53127 0.346981 0)
(1.59931 0.18634 0)
(1.61277 0.0116698 -1.08305e-18)
(1.00459 1.06664 0)
(0.969379 0.9375 0)
(0.956418 0.88646 -1.93505e-17)
(0.953888 0.834855 4.67742e-18)
(0.97759 0.785411 4.55386e-18)
(1.02453 0.728112 -5.55854e-20)
(1.09346 0.656012 1.077e-17)
(1.1767 0.561189 6.40635e-18)
(1.26439 0.442838 0)
(1.33713 0.301507 0)
(1.39025 0.162284 -5.26819e-19)
(1.40698 0.0176639 2.72066e-18)
(0.760066 0.968361 0)
(0.751489 0.809346 -5.09607e-18)
(0.761298 0.767745 -1.44233e-17)
(0.773582 0.72811 1.84602e-17)
(0.808978 0.686254 1.79132e-17)
(0.86352 0.63455 4.33872e-18)
(0.934817 0.567785 -6.42258e-18)
(1.01487 0.480739 -6.29898e-18)
(1.09373 0.374055 8.41871e-18)
(1.157 0.2512 0)
(1.20128 0.130532 5.31242e-19)
(1.22206 0.00812821 1.65722e-18)
(0.523664 0.874273 -3.36404e-17)
(0.55633 0.680449 -2.24235e-17)
(0.597024 0.65475 1.95966e-17)
(0.624672 0.630739 -2.30947e-17)
(0.667941 0.596857 4.53464e-18)
(0.725087 0.55018 0)
(0.793788 0.488326 -2.17173e-18)
(0.866822 0.408682 3.52113e-21)
(0.935717 0.313142 -6.31039e-18)
(0.990218 0.206136 0)
(1.02875 0.100653 -3.7613e-18)
(1.05188 -0.00620485 -4.98728e-18)
(1.58824 -0.0915127 -2.24513e-18)
(1.58656 -0.204259 -2.33783e-18)
(1.58767 -0.330157 0)
(1.59296 -0.465807 0)
(1.59839 -0.615313 7.82073e-18)
(1.59814 -0.774206 -7.77794e-18)
(1.58712 -0.934719 1.03482e-19)
(1.5611 -1.08639 1.57177e-17)
(1.51746 -1.2162 -5.15917e-18)
(1.45647 -1.3106 5.28783e-18)
(1.38164 -1.35578 -2.62963e-17)
(1.30037 -1.34321 0)
(1.40482 -0.0870044 1.70551e-18)
(1.42112 -0.200372 1.79823e-18)
(1.43885 -0.32498 -5.01743e-18)
(1.45909 -0.460391 -2.60144e-18)
(1.47561 -0.607108 -7.8808e-18)
(1.48161 -0.758613 0)
(1.47106 -0.904891 -1.61081e-17)
(1.43965 -1.03324 -5.44911e-18)
(1.38632 -1.12986 -1.08656e-17)
(1.31445 -1.18276 0)
(1.23327 -1.18326 2.21808e-17)
(1.15565 -1.13194 0)
(1.23433 -0.093216 1.15162e-18)
(1.25942 -0.204743 -4.80009e-18)
(1.28423 -0.326239 5.00466e-18)
(1.30854 -0.457114 2.62185e-18)
(1.32571 -0.594713 -5.42339e-18)
(1.32946 -0.730578 2.76425e-18)
(1.31467 -0.853394 0)
(1.27852 -0.950307 5.6846e-18)
(1.22196 -1.00949 5.87815e-18)
(1.15081 -1.02366 6.12306e-18)
(1.07826 -0.99117 -3.17799e-17)
(1.02577 -0.925691 0)
(1.07079 -0.103122 -2.30216e-18)
(1.09708 -0.21012 7.19694e-18)
(1.12109 -0.325123 0)
(1.14163 -0.446446 -1.05225e-17)
(1.15274 -0.569048 0)
(1.1494 -0.683219 -5.74552e-18)
(1.12788 -0.777195 -5.93187e-18)
(1.08654 -0.838978 3.09634e-17)
(1.02626 -0.859226 1.05668e-20)
(0.950826 -0.835916 -7.25139e-18)
(0.869722 -0.771539 3.3295e-17)
(0.846823 -0.702375 -3.22096e-17)
(1.21014 -1.25891 0)
(1.10248 -1.21941 -1.03755e-17)
(1.03826 -1.19615 0)
(0.971807 -1.1824 4.8719e-18)
(0.908476 -1.19183 4.78138e-18)
(0.838127 -1.22483 2.30443e-17)
(0.753596 -1.28314 6.74289e-18)
(0.644833 -1.36083 -2.18621e-18)
(0.510683 -1.45204 4.29481e-18)
(0.346992 -1.53124 -3.45226e-20)
(0.186354 -1.59928 2.07467e-18)
(0.0116856 -1.61274 0)
(1.06666 -1.00457 5.52467e-18)
(0.937519 -0.969357 -1.02206e-17)
(0.88648 -0.9564 4.83378e-18)
(0.834877 -0.953871 0)
(0.785433 -0.977576 9.12048e-18)
(0.728131 -1.02451 -8.8219e-18)
(0.656027 -1.09344 -1.72859e-17)
(0.561202 -1.17668 0)
(0.442849 -1.26437 -4.18016e-18)
(0.30152 -1.33711 -3.92028e-20)
(0.162298 -1.39022 -5.26767e-19)
(0.0176809 -1.40695 5.46054e-19)
(0.968387 -0.760055 0)
(0.809371 -0.751477 -8.72483e-20)
(0.76777 -0.761289 -1.9205e-17)
(0.728137 -0.773574 1.8457e-17)
(0.686279 -0.808969 -8.91767e-18)
(0.634572 -0.86351 -4.35455e-18)
(0.567804 -0.934804 1.06563e-17)
(0.480754 -1.01485 8.46506e-18)
(0.374068 -1.09371 2.10119e-18)
(0.251214 -1.15698 4.18909e-18)
(0.130549 -1.20126 0)
(0.00814566 -1.22203 1.10434e-18)
(0.874306 -0.523654 -3.36378e-17)
(0.680478 -0.556323 1.66508e-17)
(0.654778 -0.597019 4.4167e-17)
(0.630768 -0.624666 -2.30903e-17)
(0.596884 -0.667934 -1.34412e-17)
(0.550205 -0.725077 -1.31129e-17)
(0.488346 -0.793775 -4.27975e-18)
(0.408699 -0.866807 -8.44863e-18)
(0.313158 -0.9357 0)
(0.206152 -0.990199 1.05647e-18)
(0.10067 -1.02873 -1.07397e-18)
(-0.00618756 -1.05186 -2.21598e-18)
(-0.0914939 -1.58821 2.23548e-18)
(-0.204241 -1.58653 2.33765e-18)
(-0.330133 -1.58764 -4.89355e-18)
(-0.465775 -1.59293 0)
(-0.615276 -1.59837 2.58088e-18)
(-0.774169 -1.59813 7.88618e-18)
(-0.934695 -1.58713 0)
(-1.08639 -1.56114 1.05486e-17)
(-1.21624 -1.51752 0)
(-1.31067 -1.45654 2.63738e-17)
(-1.35588 -1.38172 -1.0527e-17)
(-1.34333 -1.30046 2.61901e-17)
(-0.0869856 -1.4048 -5.69253e-19)
(-0.200354 -1.4211 2.9948e-18)
(-0.32496 -1.43883 -5.01704e-18)
(-0.460369 -1.45908 -7.86642e-18)
(-0.607089 -1.47562 -1.05146e-20)
(-0.758605 -1.48163 -1.33268e-17)
(-0.904908 -1.47112 -1.62048e-17)
(-1.03329 -1.43973 -1.62283e-17)
(-1.12995 -1.38643 -2.1862e-17)
(-1.18288 -1.31457 -2.19831e-17)
(-1.18341 -1.2334 0)
(-1.13209 -1.15579 0)
(-0.093198 -1.23431 2.30304e-18)
(-0.204727 -1.25941 -3.59089e-18)
(-0.326225 -1.28423 6.26248e-18)
(-0.457106 -1.30855 -6.76243e-20)
(-0.594716 -1.32574 1.08724e-17)
(-0.730602 -1.32951 5.55089e-18)
(-0.853449 -1.31475 1.68017e-17)
(-0.950399 -1.27863 4.0057e-17)
(-1.00961 -1.22209 1.75934e-17)
(-1.02382 -1.15095 -2.44294e-17)
(-0.991341 -1.07841 0)
(-0.925862 -1.02593 0)
(-0.103106 -1.07079 -4.60393e-18)
(-0.210108 -1.09708 1.19666e-18)
(-0.325118 -1.12111 -1.25496e-18)
(-0.446453 -1.14166 1.30978e-17)
(-0.569073 -1.15279 -1.37864e-17)
(-0.68327 -1.14947 -5.67378e-18)
(-0.777279 -1.12798 1.64469e-20)
(-0.839096 -1.08666 6.23326e-18)
(-0.859375 -1.02639 -2.64009e-17)
(-0.836084 -0.950963 2.90312e-17)
(-0.771709 -0.86986 -3.32024e-17)
(-0.702542 -0.84698 0)
(-1.25902 -1.21023 -2.10846e-17)
(-1.21954 -1.10255 -5.15386e-18)
(-1.19631 -1.03832 5.08975e-18)
(-1.18259 -0.971858 -5.01394e-18)
(-1.19205 -0.908507 -4.6953e-18)
(-1.22507 -0.838134 -9.89798e-20)
(-1.2834 -0.753576 1.11279e-17)
(-1.36109 -0.644789 -2.1858e-18)
(-1.45229 -0.510621 0)
(-1.53148 -0.346923 0)
(-1.59951 -0.186279 2.0743e-18)
(-1.61294 -0.0116037 2.15127e-18)
(-1.0047 -1.06679 4.42193e-17)
(-0.969518 -0.937614 0)
(-0.956593 -0.886562 0)
(-0.95409 -0.834941 9.36031e-18)
(-0.977814 -0.785475 -4.57509e-18)
(-1.02476 -0.728147 4.38914e-18)
(-1.09369 -0.656016 0)
(-1.17693 -0.561165 -6.40945e-18)
(-1.2646 -0.442793 -2.1053e-18)
(-1.33732 -0.301454 4.20803e-18)
(-1.39042 -0.162228 -2.64173e-18)
(-1.40713 -0.0176046 -5.41051e-19)
(-0.760197 -0.968539 -2.48489e-17)
(-0.751649 -0.809472 1.53059e-17)
(-0.761492 -0.767852 4.7832e-18)
(-0.773795 -0.728199 4.60372e-18)
(-0.809203 -0.686319 4.44657e-18)
(-0.863749 -0.634588 0)
(-0.93504 -0.567794 2.13349e-18)
(-1.01508 -0.480721 4.18927e-18)
(-1.09392 -0.374018 2.10083e-18)
(-1.15716 -0.251155 -4.18839e-18)
(-1.20142 -0.130486 2.11906e-18)
(-1.22217 -0.00808021 -1.10419e-18)
(-0.523781 -0.874469 3.36334e-17)
(-0.556487 -0.68057 -2.2224e-17)
(-0.597214 -0.65485 -4.90661e-18)
(-0.624875 -0.630822 7.33959e-22)
(-0.668149 -0.596919 -1.34386e-17)
(-0.725291 -0.550216 -4.35719e-18)
(-0.793982 -0.488336 1.28457e-17)
(-0.866998 -0.408669 0)
(-0.935869 -0.313113 8.45678e-18)
(-0.990345 -0.2061 0)
(-1.02885 -0.100617 -4.29574e-18)
(-1.05196 0.00624067 2.21568e-18)
(-1.5884 0.0915869 1.13652e-18)
(-1.5867 0.204338 0)
(-1.58779 0.330235 4.94113e-18)
(-1.59307 0.465882 5.06394e-18)
(-1.59848 0.615377 -1.02916e-17)
(-1.59821 0.77425 5.28461e-18)
(-1.58718 0.934735 1.05445e-17)
(-1.56115 1.08637 5.15192e-20)
(-1.5175 1.21615 5.30187e-18)
(-1.4565 1.31052 -1.57993e-17)
(-1.38167 1.35568 -5.23404e-18)
(-1.3004 1.34312 2.09639e-17)
(-1.40495 0.0870678 -1.70277e-18)
(-1.42123 0.200436 -5.98295e-19)
(-1.43893 0.32504 -4.97473e-18)
(-1.45915 0.460442 0)
(-1.47565 0.607141 -1.32795e-17)
(-1.48162 0.758618 -7.9636e-18)
(-1.47106 0.904863 9.7567e-20)
(-1.43964 1.03317 5.42342e-18)
(-1.3863 1.12976 -1.63115e-17)
(-1.31443 1.18264 2.19847e-17)
(-1.23326 1.18314 0)
(-1.15566 1.13184 2.22263e-17)
(-1.23442 0.0932645 -2.87605e-18)
(-1.25948 0.204788 6.01309e-19)
(-1.28427 0.326275 0)
(-1.30855 0.457136 -1.0535e-17)
(-1.3257 0.594711 1.35079e-17)
(-1.32942 0.730545 1.38077e-17)
(-1.31461 0.853327 -1.68021e-17)
(-1.27846 0.95021 -2.29225e-17)
(-1.22191 1.00936 -2.35476e-17)
(-1.15077 1.02353 3.05548e-17)
(-1.07823 0.991048 -6.33883e-18)
(-1.02575 0.925593 -5.22332e-17)
(-1.07085 0.103155 4.0288e-18)
(-1.09711 0.210144 6.00526e-19)
(-1.12109 0.325134 0)
(-1.1416 0.446441 1.3097e-17)
(-1.15269 0.569016 -1.16562e-20)
(-1.14933 0.683156 -2.8283e-18)
(-1.12779 0.777101 0)
(-1.08646 0.83886 6.1585e-18)
(-1.02619 0.859095 1.97937e-17)
(-0.950769 0.835786 -3.50732e-20)
(-0.869682 0.771426 3.32081e-17)
(-0.846787 0.70229 6.47495e-17)
(-1.21018 1.25886 2.09496e-17)
(-1.10252 1.21939 5.15447e-18)
(-1.0383 1.19615 -5.09067e-18)
(-0.971855 1.18242 9.79986e-18)
(-0.908521 1.19188 0)
(-0.838166 1.22491 1.38756e-17)
(-0.753624 1.28324 -2.01493e-17)
(-0.644848 1.36095 -1.08625e-17)
(-0.510682 1.45217 0)
(-0.34698 1.53138 4.20397e-18)
(-0.186331 1.59943 0)
(-0.0116597 1.61287 -1.07342e-18)
(-1.06667 1.00452 0)
(-0.937552 0.969344 0)
(-0.886522 0.956417 0)
(-0.834922 0.953916 -4.68581e-18)
(-0.785477 0.977646 8.61328e-21)
(-0.72817 1.02461 -4.39034e-18)
(-0.656056 1.09356 8.60954e-18)
(-0.561218 1.17681 -8.53454e-18)
(-0.44285 1.26452 0)
(-0.30151 1.33726 3.16198e-18)
(-0.162283 1.39038 1.58237e-18)
(-0.017669 1.40709 -5.46058e-19)
(-0.968373 0.760023 0)
(-0.809389 0.75148 1.53095e-17)
(-0.767801 0.761319 -8.54793e-21)
(-0.728173 0.773629 9.43795e-22)
(-0.686315 0.809049 4.47079e-18)
(-0.634604 0.863613 4.38109e-18)
(-0.567826 0.934928 6.4097e-18)
(-0.480765 1.015 4.19038e-18)
(-0.374067 1.09386 2.10133e-18)
(-0.251204 1.15714 -4.18929e-18)
(-0.130539 1.20141 -2.13188e-18)
(-0.00814877 1.22217 0)
(-0.874269 0.523644 8.26561e-18)
(-0.680481 0.556342 -5.40845e-18)
(-0.654798 0.597059 0)
(-0.630793 0.624728 0)
(-0.59691 0.668017 -4.47021e-18)
(-0.550227 0.72518 1.80272e-20)
(-0.48836 0.793897 -1.28498e-17)
(-0.408703 0.866942 0)
(-0.313152 0.935844 -8.45899e-18)
(-0.206141 0.990343 0)
(-0.100665 1.02887 -2.1567e-18)
(0.0061711 1.05198 0)
(0.112504 0.911982 -1.15417e-18)
(0.212537 0.93398 -4.77193e-18)
(0.317897 0.951459 0)
(0.425631 0.962942 -1.04464e-17)
(0.528908 0.963639 -2.76149e-18)
(0.617117 0.950137 -1.47267e-17)
(0.678091 0.919984 6.3113e-18)
(0.699506 0.871857 0)
(0.67027 0.804561 0)
(0.582216 0.716506 9.21405e-18)
(0.405057 0.585754 3.92185e-17)
(0.162337 0.448788 0)
(0.119038 0.758046 1.1552e-18)
(0.209965 0.772253 0)
(0.303216 0.779741 -9.90763e-18)
(0.394628 0.779301 2.59368e-18)
(0.47606 0.767578 -2.77003e-18)
(0.53621 0.743042 1.78442e-17)
(0.562464 0.70489 1.30743e-17)
(0.541715 0.65289 -7.44174e-18)
(0.460363 0.586086 0)
(0.305952 0.507153 0)
(0.0319403 0.391733 0)
(-0.275041 0.367583 0)
(0.121472 0.61057 -1.16581e-18)
(0.201703 0.615186 -5.96942e-18)
(0.281235 0.61123 1.11002e-17)
(0.354941 0.598108 0)
(0.413885 0.574171 0)
(0.446566 0.540088 -5.35015e-17)
(0.44059 0.497589 3.30071e-17)
(0.383726 0.449331 0)
(0.265183 0.398106 -9.31132e-18)
(0.0822094 0.354681 2.49701e-17)
(-0.154577 0.314299 -2.1284e-17)
(-0.33772 0.336809 0)
(0.119431 0.471474 1.18092e-18)
(0.187987 0.465972 4.81352e-18)
(0.253058 0.450632 -9.88946e-18)
(0.308919 0.425597 7.75473e-18)
(0.346433 0.391156 -8.20916e-18)
(0.354617 0.350384 -5.87987e-18)
(0.322502 0.308179 -4.61627e-17)
(0.240979 0.270926 -7.62666e-18)
(0.107121 0.245653 9.32423e-18)
(-0.0662593 0.24755 4.84678e-17)
(-0.2425 0.276634 0)
(-0.359286 0.333029 0)
(0.113112 0.342623 0)
(0.169591 0.327341 0)
(0.220218 0.301546 9.99843e-18)
(0.259074 0.266188 -1.03938e-17)
(0.27741 0.223502 -1.37028e-17)
(0.265483 0.178921 5.62257e-17)
(0.214729 0.140488 1.31558e-17)
(0.120297 0.117751 3.78953e-17)
(-0.0122885 0.119988 0)
(-0.161702 0.160819 -4.68609e-17)
(-0.29591 0.231649 -7.27824e-17)
(-0.370676 0.30273 0)
(0.103031 0.225494 0)
(0.147502 0.201323 1.25675e-18)
(0.184267 0.166381 -1.28299e-18)
(0.207598 0.122511 2.6355e-18)
(0.209581 0.0736476 4.16751e-17)
(0.182246 0.0272722 -2.981e-17)
(0.119814 -0.00598632 6.61373e-18)
(0.0213526 -0.0146276 -3.02279e-17)
(-0.101615 0.0106803 -9.0623e-18)
(-0.226561 0.0807673 1.16562e-17)
(-0.330567 0.179133 7.10945e-17)
(-0.362231 0.267904 0)
(0.0898586 0.121028 0)
(0.122722 0.0891606 1.31821e-18)
(0.146561 0.0464819 -1.33935e-18)
(0.156137 -0.00425016 0)
(0.144642 -0.0577773 -2.57836e-17)
(0.106145 -0.105058 -3.02674e-18)
(0.0374879 -0.133634 -1.34591e-17)
(-0.0595044 -0.13112 -3.84934e-17)
(-0.169656 -0.089356 3.69676e-17)
(-0.271894 0.00110154 0)
(-0.349424 0.119498 1.47575e-16)
(-0.341774 0.221265 0)
(0.0742935 0.0295574 0)
(0.0961281 -0.00869045 1.42702e-18)
(0.108122 -0.057741 1.00729e-17)
(0.105737 -0.114006 2.93085e-18)
(0.0833597 -0.171273 2.13687e-17)
(0.0370943 -0.219579 -6.46898e-18)
(-0.0339806 -0.245218 3.55964e-17)
(-0.126498 -0.235512 6.5122e-17)
(-0.222671 -0.183788 3.94913e-17)
(-0.303199 -0.079994 1.3106e-17)
(-0.354815 0.0544401 -2.00134e-17)
(-0.307781 0.170718 0)
(0.0569424 -0.0492441 0)
(0.0683511 -0.0925792 0)
(0.0695489 -0.146766 -1.31537e-17)
(0.0567959 -0.207551 0)
(0.0256203 -0.268222 1.49211e-20)
(-0.0258943 -0.31828 -7.29625e-18)
(-0.0968879 -0.343311 8.01877e-18)
(-0.183453 -0.330493 -3.67866e-17)
(-0.264941 -0.274458 -1.11781e-17)
(-0.323557 -0.162945 1.34797e-16)
(-0.347933 -0.0148474 -1.88659e-16)
(-0.263466 0.11559 2.97082e-16)
(0.0385817 -0.116628 0)
(0.0401404 -0.163916 8.55011e-18)
(0.0314526 -0.222214 -1.70382e-17)
(0.00956589 -0.286811 4.29905e-18)
(-0.0290051 -0.351064 -4.44833e-17)
(-0.0841319 -0.403822 3.29333e-17)
(-0.153692 -0.430618 -3.96048e-17)
(-0.23363 -0.418316 1.11381e-17)
(-0.299775 -0.362005 -1.08138e-16)
(-0.335408 -0.246645 -1.28134e-16)
(-0.330935 -0.0863942 -3.0624e-17)
(-0.21017 0.0580235 -3.85367e-16)
(0.0211344 -0.176124 0)
(0.0135129 -0.22636 -4.48354e-17)
(-0.00427286 -0.288056 2.89662e-17)
(-0.0345511 -0.355999 0)
(-0.080185 -0.424374 -6.91225e-18)
(-0.138358 -0.480249 -3.48622e-17)
(-0.207499 -0.511164 -5.78283e-17)
(-0.278556 -0.501857 -3.14776e-17)
(-0.328876 -0.445414 1.87437e-16)
(-0.33822 -0.328759 1.72586e-16)
(-0.298439 -0.167384 0)
(-0.156913 0.000598001 0)
(0.0079897 -0.235075 -1.9885e-17)
(-0.00708794 -0.285881 -3.70895e-20)
(-0.0317258 -0.349793 0)
(-0.0673754 -0.419712 1.52314e-17)
(-0.11697 -0.493529 -1.43094e-17)
(-0.174427 -0.550239 -1.35875e-16)
(-0.238652 -0.595864 4.55644e-16)
(-0.303811 -0.57406 0)
(-0.320053 -0.507815 -2.35312e-16)
(-0.30283 -0.398486 -2.71637e-16)
(-0.253384 -0.239812 -4.30802e-16)
(-0.106382 -0.0540468 1.70234e-15)
(0.26263 0.544333 8.7825e-17)
(0.402327 0.513722 2.59047e-17)
(0.456116 0.535775 -2.02475e-17)
(0.49789 0.536447 0)
(0.54521 0.513514 -2.26503e-17)
(0.601709 0.473003 -1.3263e-17)
(0.665434 0.416724 1.07978e-17)
(0.73029 0.344658 6.43292e-18)
(0.789596 0.259702 0)
(0.836235 0.166358 1.06859e-18)
(0.869832 0.0736039 3.24169e-18)
(0.892527 -0.0212577 2.22557e-18)
(0.30159 0.168937 1.42968e-16)
(0.313031 0.349871 -7.31627e-18)
(0.346517 0.422149 2.63887e-17)
(0.389289 0.445804 0)
(0.43642 0.435576 0)
(0.489844 0.402307 2.25356e-17)
(0.547609 0.352281 1.32443e-17)
(0.604347 0.28784 -1.08861e-17)
(0.654878 0.212716 2.17234e-18)
(0.694269 0.131209 9.78866e-18)
(0.72274 0.0495169 -1.09997e-18)
(0.742431 -0.0349128 1.12451e-18)
(0.327606 -0.016144 -1.47534e-16)
(0.249606 0.207262 0)
(0.261246 0.320775 0)
(0.295167 0.361009 0)
(0.338757 0.363044 0)
(0.387612 0.337615 2.32736e-17)
(0.439241 0.294331 -4.30748e-17)
(0.488464 0.237502 1.11769e-17)
(0.531165 0.171539 0)
(0.563726 0.100504 -8.86907e-18)
(0.586606 0.0288177 -3.91717e-18)
(0.601373 -0.0457947 -1.70798e-18)
(0.336481 -0.135688 1.27895e-16)
(0.197743 0.0969012 4.45126e-17)
(0.190118 0.231973 -3.00586e-17)
(0.212055 0.283556 2.11582e-17)
(0.249953 0.295827 0)
(0.293811 0.27839 4.86244e-18)
(0.339672 0.242165 1.64518e-17)
(0.382261 0.192937 -1.38471e-17)
(0.418098 0.135631 2.2871e-18)
(0.444308 0.0741514 -1.13777e-18)
(0.461261 0.0118336 5.72572e-18)
(0.469936 -0.0531716 0)
(0.329372 -0.212718 -3.38548e-19)
(0.149534 0.0110979 -3.94973e-17)
(0.126397 0.153647 3.28142e-17)
(0.13663 0.213094 -5.07538e-17)
(0.168157 0.233479 2.12386e-17)
(0.207541 0.223937 1.49181e-20)
(0.248407 0.195029 -2.46582e-18)
(0.285405 0.153428 2.41155e-17)
(0.315349 0.10444 -2.37961e-18)
(0.335817 0.0519412 0)
(0.346887 -0.00136228 5.90249e-19)
(0.349056 -0.0568336 -2.98157e-18)
(0.307029 -0.259525 -1.18658e-16)
(0.100746 -0.0575014 0)
(0.0658161 0.0833272 0)
(0.0659924 0.148163 3.06621e-17)
(0.0922818 0.175326 -5.12741e-17)
(0.128071 0.173445 -2.72607e-17)
(0.165031 0.152146 2.63205e-18)
(0.197575 0.11827 -2.04248e-17)
(0.222641 0.0774044 2.51005e-18)
(0.238087 0.0335328 -1.23862e-18)
(0.243683 -0.0109496 1.85492e-18)
(0.239538 -0.056953 -6.21226e-19)
(0.269498 -0.283425 -2.45749e-16)
(0.049477 -0.113554 -1.16297e-16)
(0.00554265 0.0187585 1.65233e-17)
(-0.0017464 0.0870286 2.0522e-17)
(0.021275 0.120315 5.01928e-17)
(0.0547576 0.126022 5.95181e-18)
(0.0891329 0.112708 -5.71479e-18)
(0.118424 0.0867638 0)
(0.139679 0.0539555 0)
(0.150929 0.0184964 9.3035e-18)
(0.151698 -0.0172961 1.31946e-18)
(0.141855 -0.0539339 2.62826e-18)
(0.214828 -0.287264 2.65508e-16)
(-0.00394841 -0.158736 -1.2486e-19)
(-0.0562559 -0.0417002 -7.72464e-17)
(-0.0676494 0.0281353 -9.40433e-17)
(-0.0458708 0.0670478 -2.85418e-17)
(-0.0130222 0.0806297 6.72492e-18)
(0.0202037 0.0758272 -9.63826e-18)
(0.0475006 0.058171 3.09433e-18)
(0.0660401 0.0334916 2.40199e-17)
(0.0739829 0.00634108 -2.49929e-17)
(0.0707312 -0.0208679 2.17633e-18)
(0.0560708 -0.0482972 -3.59767e-18)
(0.148512 -0.277044 -2.69254e-16)
(-0.0591719 -0.193089 1.36884e-16)
(-0.120544 -0.0987397 9.50495e-17)
(-0.132399 -0.0296539 -2.7747e-20)
(-0.110049 0.0142013 0)
(-0.0760845 0.0361023 3.23815e-17)
(-0.0425493 0.0404931 3.84353e-18)
(-0.0159209 0.0316608 -7.70768e-21)
(0.00101206 0.0153506 -6.03201e-17)
(0.00653914 -0.00347351 1.38114e-17)
(0.000148613 -0.0221865 0)
(-0.0182776 -0.0405883 3.33837e-18)
(0.0628821 -0.251784 7.87005e-16)
(-0.11471 -0.216908 0)
(-0.18696 -0.152132 1.6159e-17)
(-0.196975 -0.0869716 1.92212e-16)
(-0.17287 -0.0390647 1.06055e-16)
(-0.136426 -0.00866898 -2.49477e-20)
(-0.101032 0.00560116 -1.57619e-17)
(-0.0734255 0.00628578 4.48234e-17)
(-0.0568214 -0.00123135 3.80594e-17)
(-0.0528119 -0.0116573 1.59326e-17)
(-0.0614581 -0.0219294 2.20683e-18)
(-0.0824513 -0.031528 0)
(-0.0115672 -0.208467 -5.23751e-16)
(-0.174613 -0.228379 0)
(-0.252614 -0.20129 0)
(-0.263317 -0.143992 -1.71277e-16)
(-0.238415 -0.0938922 -1.66136e-16)
(-0.19944 -0.0552916 -8.03385e-17)
(-0.160485 -0.0302817 -7.57905e-17)
(-0.129178 -0.0189824 -1.34233e-16)
(-0.110988 -0.0171718 -8.51709e-18)
(-0.107285 -0.0191244 -3.56834e-17)
(-0.117363 -0.0214574 3.74432e-18)
(-0.139787 -0.02283 0)
(-0.0478036 -0.146477 -7.23993e-16)
(-0.209229 -0.231309 0)
(-0.311863 -0.240592 0)
(-0.322896 -0.203098 3.99889e-17)
(-0.30395 -0.155969 -4.1149e-17)
(-0.269226 -0.111196 4.11136e-17)
(-0.227646 -0.0726307 -4.44947e-17)
(-0.189401 -0.0467468 1.97833e-16)
(-0.16849 -0.0345826 0)
(-0.164008 -0.028166 -1.07853e-16)
(-0.174405 -0.0231895 -7.99636e-17)
(-0.197855 -0.0172811 2.14633e-17)
(0.911915 -0.112544 -3.23357e-21)
(0.933913 -0.212546 -4.77132e-18)
(0.951407 -0.317898 0)
(0.9629 -0.425628 7.83556e-18)
(0.963609 -0.528907 1.38517e-17)
(0.950119 -0.61712 5.90344e-18)
(0.919977 -0.678098 6.31079e-18)
(0.87186 -0.699515 -2.72082e-17)
(0.804571 -0.670278 0)
(0.716522 -0.582222 -2.74949e-17)
(0.585776 -0.40506 3.89233e-17)
(0.448808 -0.162334 7.88658e-17)
(0.757988 -0.119085 2.31223e-18)
(0.772193 -0.20998 0)
(0.779694 -0.303223 9.90627e-18)
(0.779262 -0.394632 0)
(0.767551 -0.476065 6.0065e-21)
(0.743025 -0.536218 2.37705e-17)
(0.704883 -0.562474 6.52007e-18)
(0.652892 -0.541726 -3.71018e-17)
(0.586095 -0.460373 0)
(0.507169 -0.305959 3.45771e-17)
(0.391761 -0.0319445 -5.61461e-17)
(0.367612 0.275057 0)
(0.610521 -0.121524 -1.16436e-18)
(0.615132 -0.201724 4.77724e-18)
(0.611188 -0.281248 -9.8625e-18)
(0.598072 -0.354952 1.29245e-17)
(0.574145 -0.413896 -5.50342e-18)
(0.540071 -0.446577 -1.48844e-17)
(0.49758 -0.440603 -3.95859e-17)
(0.44933 -0.383738 3.8144e-17)
(0.398112 -0.265194 0)
(0.354695 -0.082217 -3.73635e-17)
(0.314326 0.154578 -2.128e-17)
(0.336841 0.337749 0)
(0.471434 -0.119485 -5.89427e-19)
(0.465926 -0.188012 -5.41058e-18)
(0.450595 -0.253076 1.23894e-18)
(0.425564 -0.308933 -2.76611e-21)
(0.39113 -0.346447 -1.09645e-17)
(0.350366 -0.354631 0)
(0.308167 -0.322516 3.2985e-17)
(0.270921 -0.240992 -7.65891e-18)
(0.245655 -0.107132 0)
(0.24756 0.0662547 9.69621e-17)
(0.276655 0.24251 0)
(0.333062 0.359322 0)
(0.342592 -0.113167 -2.41488e-18)
(0.327303 -0.169617 0)
(0.301514 -0.220239 7.50362e-18)
(0.266158 -0.259091 -1.0376e-17)
(0.223477 -0.277425 1.90626e-20)
(0.178901 -0.265497 2.66327e-17)
(0.140473 -0.214743 -6.55197e-18)
(0.117742 -0.120308 -2.26957e-17)
(0.119984 0.0122812 9.13922e-18)
(0.160823 0.161703 -4.68299e-17)
(0.231664 0.295929 -3.63668e-17)
(0.302759 0.370719 2.5823e-17)
(0.225473 -0.103085 2.49793e-18)
(0.201293 -0.147529 0)
(0.166353 -0.18429 -1.0237e-17)
(0.122483 -0.207617 2.63507e-18)
(0.0736216 -0.209598 -2.78791e-18)
(0.0272489 -0.18226 -2.98048e-17)
(-0.00600615 -0.119826 2.63937e-17)
(-0.014643 -0.0213607 3.77956e-17)
(0.0106694 0.101612 0)
(0.0807641 0.22657 1.16819e-17)
(0.179143 0.330594 -1.77447e-17)
(0.267929 0.362275 0)
(0.121014 -0.0899088 6.56932e-19)
(0.0891372 -0.122749 -5.948e-18)
(0.0464575 -0.146584 0)
(-0.00427665 -0.156155 0)
(-0.0578046 -0.144658 0)
(-0.105085 -0.106157 -6.09614e-18)
(-0.133659 -0.0374967 -2.01723e-17)
(-0.131142 0.0595009 -3.07749e-17)
(-0.0893751 0.16966 9.2426e-18)
(0.00109064 0.271911 3.49829e-20)
(0.119502 0.349456 -1.65929e-16)
(0.221284 0.341816 -2.23908e-16)
(0.0295509 -0.0743385 2.86597e-18)
(-0.00870852 -0.0961522 7.14906e-18)
(-0.0577628 -0.108144 -1.44297e-18)
(-0.114032 -0.105753 2.93036e-18)
(-0.171302 -0.0833729 1.8323e-17)
(-0.21961 -0.037103 2.27517e-17)
(-0.24525 0.0339759 -2.84218e-17)
(-0.235542 0.1265 7.32658e-17)
(-0.183815 0.222682 0)
(-0.0800129 0.303221 0)
(0.0544372 0.354851 1.42151e-16)
(0.170731 0.307819 3.07466e-17)
(-0.0492453 -0.0569796 -3.30607e-18)
(-0.0925939 -0.0683724 -1.63784e-18)
(-0.146787 -0.0695665 1.64845e-18)
(-0.207577 -0.0568091 0)
(-0.268253 -0.0256296 -5.53266e-17)
(-0.318315 0.0258896 -3.65648e-17)
(-0.343349 0.0968886 3.19989e-17)
(-0.33053 0.183461 -3.67536e-17)
(-0.274493 0.264958 1.12613e-17)
(-0.162971 0.323584 1.50068e-17)
(-0.014857 0.347971 -2.35373e-17)
(0.115597 0.263499 2.96594e-16)
(-0.116625 -0.0386089 -4.31208e-18)
(-0.16393 -0.0401583 0)
(-0.222235 -0.0314636 -1.70356e-17)
(-0.286837 -0.00957476 4.29836e-18)
(-0.351097 0.0290012 2.66809e-17)
(-0.40386 0.0841321 -4.64581e-18)
(-0.430661 0.153699 -1.98269e-17)
(-0.41836 0.233643 7.78194e-17)
(-0.362048 0.299798 -9.46753e-17)
(-0.246679 0.335439 6.88995e-20)
(-0.0864104 0.330972 -3.0617e-17)
(0.0580252 0.210196 0)
(-0.176116 -0.0211544 5.63275e-18)
(-0.226375 -0.0135251 -2.42988e-17)
(-0.288078 0.00426905 5.433e-17)
(-0.356026 0.0345489 0)
(-0.424408 0.0801875 -6.91126e-18)
(-0.480291 0.138365 7.00074e-18)
(-0.511212 0.207513 4.31838e-17)
(-0.501907 0.278577 -2.35855e-16)
(-0.445463 0.328906 1.49774e-16)
(-0.3288 0.338256 0)
(-0.167407 0.298476 0)
(0.000595796 0.156934 0)
(-0.235057 -0.00800342 3.97647e-17)
(-0.2859 0.00708066 7.27695e-17)
(-0.349819 0.0317287 -1.3285e-16)
(-0.41974 0.0673799 1.52297e-17)
(-0.493565 0.116979 -2.85183e-17)
(-0.550283 0.17444 -6.8015e-17)
(-0.595916 0.238673 -5.3633e-17)
(-0.574116 0.303839 3.77538e-17)
(-0.50787 0.320088 -2.05942e-16)
(-0.398533 0.302866 -3.39281e-17)
(-0.239844 0.253416 0)
(-0.0540555 0.106399 -1.70206e-15)
(0.544363 -0.262615 8.78168e-17)
(0.513753 -0.402323 2.61144e-17)
(0.535804 -0.456113 -2.01725e-17)
(0.536477 -0.497885 -2.3615e-17)
(0.513544 -0.545203 2.26488e-17)
(0.47303 -0.6017 2.20393e-17)
(0.416746 -0.665422 -2.1663e-18)
(0.344677 -0.730277 -4.28172e-18)
(0.259719 -0.789582 2.13685e-18)
(0.166374 -0.836223 0)
(0.0736206 -0.869821 0)
(-0.0212422 -0.892522 -2.87095e-21)
(0.168958 -0.30158 0)
(0.349901 -0.313028 6.54662e-20)
(0.422179 -0.346514 0)
(0.445835 -0.389284 1.93011e-17)
(0.435607 -0.436413 -4.64815e-18)
(0.402336 -0.489836 9.0211e-18)
(0.352306 -0.5476 -2.42693e-17)
(0.287861 -0.604338 2.18088e-18)
(0.212734 -0.654871 0)
(0.131226 -0.694264 -8.70197e-18)
(0.0495323 -0.722739 0)
(-0.0348992 -0.742437 2.24683e-18)
(-0.0161238 -0.327598 0)
(0.207292 -0.249604 -4.04837e-17)
(0.320806 -0.261244 5.59105e-18)
(0.361042 -0.295163 0)
(0.363077 -0.338752 1.92757e-17)
(0.337646 -0.387607 4.64955e-18)
(0.294358 -0.439237 1.58486e-17)
(0.237525 -0.488462 -1.34064e-17)
(0.171557 -0.531165 2.2202e-18)
(0.10052 -0.56373 1.77461e-17)
(0.0288321 -0.586615 4.47495e-18)
(-0.0457838 -0.601389 -1.13769e-18)
(-0.135669 -0.336475 -1.27894e-16)
(0.0969292 -0.197743 0)
(0.232004 -0.190117 0)
(0.28359 -0.212053 2.64379e-17)
(0.295861 -0.249951 -2.51863e-17)
(0.278423 -0.293811 4.8414e-18)
(0.242194 -0.339674 -4.70632e-18)
(0.192961 -0.382266 9.22823e-18)
(0.13565 -0.418107 9.14059e-18)
(0.0741674 -0.444323 6.59201e-21)
(0.0118462 -0.461282 -4.57822e-18)
(-0.0531631 -0.469964 1.16059e-18)
(-0.212703 -0.329368 1.19819e-16)
(0.0111248 -0.149536 0)
(0.153677 -0.126398 6.55915e-18)
(0.213128 -0.136632 -5.07409e-17)
(0.233514 -0.168161 0)
(0.223972 -0.207547 -2.55107e-17)
(0.195059 -0.248416 2.71455e-17)
(0.153453 -0.28542 -2.17023e-17)
(0.10446 -0.315369 -7.13008e-18)
(0.0519566 -0.335843 -2.12578e-17)
(-0.001351 -0.346919 0)
(-0.0568277 -0.349095 -2.38388e-18)
(-0.259512 -0.307028 2.95441e-17)
(-0.0574755 -0.100751 -5.56933e-17)
(0.0833571 -0.0658195 0)
(0.148198 -0.0659982 -1.4052e-20)
(0.175363 -0.0922911 0)
(0.173481 -0.128084 5.43823e-18)
(0.152178 -0.16505 -2.6258e-17)
(0.118296 -0.1976 1.78743e-17)
(0.0774243 -0.222672 1.25379e-17)
(0.0335477 -0.238124 9.92048e-18)
(-0.0109401 -0.243726 -4.94387e-18)
(-0.0569493 -0.239588 1.23943e-18)
(-0.283416 -0.2695 0)
(-0.113529 -0.0494836 1.55012e-16)
(0.0187883 -0.00555003 7.43581e-17)
(0.0870633 0.00173527 2.05024e-17)
(0.120353 -0.0212912 0)
(0.12606 -0.0547791 2.97612e-17)
(0.112742 -0.0891608 -2.86103e-18)
(0.0867905 -0.118459 -5.54455e-21)
(0.0539756 -0.139721 -1.34933e-17)
(0.0185108 -0.150978 0)
(-0.017288 -0.151752 -5.21899e-22)
(-0.0539324 -0.141916 3.90866e-26)
(-0.287258 -0.214833 -2.65593e-16)
(-0.158713 0.00394019 -2.63732e-16)
(-0.0416707 0.0562437 -6.75327e-17)
(0.0281699 0.0676325 -6.26875e-17)
(0.0670857 0.0458472 0)
(0.0806683 0.0129921 6.72316e-18)
(0.0758612 -0.0202413 -9.63589e-18)
(0.0581983 -0.0475463 6.39248e-21)
(0.033512 -0.0660935 3.0053e-18)
(0.00635531 -0.074043 0)
(-0.0208612 -0.0707964 5.79998e-18)
(-0.0482975 -0.0561413 2.87686e-18)
(-0.27704 -0.148518 -2.48748e-19)
(-0.19307 0.0591631 1.56446e-16)
(-0.0987107 0.120527 0)
(-0.0296202 0.132376 9.41033e-18)
(0.0142391 0.110018 -7.79456e-21)
(0.0361412 0.0760459 -3.23831e-17)
(0.0405278 0.0425023 2.69128e-17)
(0.0316883 0.0158648 -3.31046e-17)
(0.0153714 -0.0010763 0)
(-0.0034596 -0.00660994 -1.38096e-17)
(-0.0221806 -0.000223284 0)
(-0.0405905 0.0181992 -6.67662e-18)
(-0.251781 -0.0628904 3.93278e-16)
(-0.216894 0.114702 -2.56572e-17)
(-0.152104 0.186939 1.61705e-16)
(-0.0869399 0.196946 8.9659e-17)
(-0.039028 0.172833 -8.24762e-17)
(-0.00863104 0.13638 4.44137e-17)
(0.00563596 0.100975 -1.05211e-17)
(0.00631299 0.0733593 3.48632e-17)
(-0.00121 0.0567469 4.76186e-18)
(-0.0116434 0.0527312 3.41316e-17)
(-0.0219244 0.0613755 -6.60867e-18)
(-0.0315308 0.0823665 4.34522e-18)
(-0.208464 0.0115659 0)
(-0.22837 0.174603 0)
(-0.201265 0.252591 -1.9963e-16)
(-0.143964 0.263287 0)
(-0.0938589 0.238374 1.86859e-16)
(-0.0552559 0.199387 -2.00748e-16)
(-0.0302475 0.160419 -4.73747e-17)
(-0.0189551 0.129101 6.26093e-17)
(-0.0171495 0.110904 0)
(-0.0191102 0.107195 2.36648e-21)
(-0.0214525 0.117273 4.48724e-17)
(-0.0228306 0.139698 0)
(-0.146468 0.0477978 -6.33622e-16)
(-0.231306 0.209231 -5.76064e-16)
(-0.240574 0.311848 5.95852e-17)
(-0.203076 0.322871 0)
(-0.155942 0.303914 -4.10853e-17)
(-0.111163 0.269175 4.11461e-16)
(-0.0725918 0.227571 -4.45255e-17)
(-0.0467169 0.189316 -2.22542e-16)
(-0.0345575 0.168398 2.4647e-17)
(-0.0281495 0.163911 -9.58843e-17)
(-0.0231828 0.174313 -1.82803e-16)
(-0.0172778 0.197767 2.14647e-17)
(-0.112532 -0.911918 1.14747e-18)
(-0.21254 -0.933928 -1.19242e-18)
(-0.317903 -0.951436 1.24765e-18)
(-0.425649 -0.962944 1.04698e-17)
(-0.528951 -0.963672 1.10766e-17)
(-0.617191 -0.9502 -1.17929e-17)
(-0.678199 -0.920075 -6.28598e-18)
(-0.699643 -0.87197 -2.03935e-17)
(-0.670421 -0.804683 6.10263e-17)
(-0.582364 -0.716624 0)
(-0.405169 -0.585856 5.22006e-17)
(-0.162386 -0.448871 0)
(-0.119077 -0.758003 1.15496e-18)
(-0.20998 -0.772219 0)
(-0.303238 -0.779733 0)
(-0.394665 -0.779315 1.14378e-20)
(-0.476122 -0.767617 -1.10429e-17)
(-0.536302 -0.743103 -2.96976e-17)
(-0.562581 -0.704968 -1.95644e-17)
(-0.541847 -0.652981 0)
(-0.460491 -0.586178 -3.52146e-17)
(-0.306051 -0.507235 1.151e-17)
(-0.0319738 -0.391799 3.72017e-17)
(0.275093 -0.367653 1.82932e-16)
(-0.121519 -0.610548 -1.16555e-18)
(-0.20173 -0.615169 1.19126e-18)
(-0.28127 -0.611236 8.63206e-18)
(-0.354993 -0.598129 -1.81084e-17)
(-0.413961 -0.574209 -1.64966e-17)
(-0.446664 -0.54014 -2.92182e-18)
(-0.440706 -0.497648 3.96279e-17)
(-0.383843 -0.449395 2.27998e-17)
(-0.265281 -0.398167 -3.72151e-17)
(-0.0822652 -0.354736 0)
(0.154583 -0.314351 -8.5372e-17)
(0.337786 -0.336874 -4.762e-20)
(-0.119484 -0.471471 2.36194e-18)
(-0.188022 -0.465972 0)
(-0.253104 -0.450649 -9.88617e-18)
(-0.30898 -0.425623 2.57703e-18)
(-0.346515 -0.391191 1.09458e-17)
(-0.354716 -0.350423 5.0344e-17)
(-0.322609 -0.308217 -3.29843e-17)
(-0.241077 -0.270963 -3.82049e-17)
(-0.10719 -0.245688 8.38058e-17)
(0.0662343 -0.247586 -4.84579e-17)
(0.242527 -0.276681 0)
(0.359359 -0.333096 -1.05407e-16)
(-0.113169 -0.34264 -2.41434e-18)
(-0.169632 -0.327357 0)
(-0.22027 -0.301573 0)
(-0.25914 -0.266218 7.80275e-18)
(-0.277493 -0.223532 2.74348e-17)
(-0.265577 -0.178947 -2.66548e-17)
(-0.214823 -0.140507 2.6298e-17)
(-0.120375 -0.117765 -3.02911e-17)
(0.012244 -0.120002 -7.31133e-17)
(0.161698 -0.16084 -6.88184e-22)
(0.295951 -0.231689 7.27639e-17)
(0.370754 -0.30279 0)
(-0.10309 -0.225531 1.24885e-18)
(-0.147546 -0.201356 -5.03856e-18)
(-0.184323 -0.166417 0)
(-0.207664 -0.122544 0)
(-0.209661 -0.0736724 -2.50008e-17)
(-0.182331 -0.0272866 -2.08536e-17)
(-0.119893 0.00598477 0)
(-0.021412 0.0146327 3.0221e-17)
(0.10159 -0.0106761 2.71652e-17)
(0.226573 -0.0807734 5.8278e-17)
(0.330618 -0.179164 -1.42241e-16)
(0.362309 -0.267957 2.10583e-16)
(-0.0899159 -0.121083 -3.93135e-26)
(-0.122766 -0.0892079 6.60349e-18)
(-0.146617 -0.0465267 -1.33904e-18)
(-0.1562 0.00421461 -2.73415e-18)
(-0.144716 0.0577567 5.72907e-18)
(-0.106219 0.105053 2.14031e-17)
(-0.0375523 0.133647 0)
(0.0594624 0.131141 0)
(0.169649 0.0893762 3.69584e-17)
(0.27192 -0.00109359 0)
(0.349481 -0.119518 5.5184e-17)
(0.341849 -0.221308 -1.95591e-16)
(-0.0743475 -0.0296285 2.86569e-18)
(-0.0961695 0.00863022 5.72225e-18)
(-0.108175 0.0576884 1.15134e-17)
(-0.105793 0.113967 0)
(-0.0834246 0.171255 3.04184e-18)
(-0.0371551 0.219581 -9.72389e-18)
(0.0339318 0.245243 1.42341e-17)
(0.126472 0.235547 -4.88515e-17)
(0.222678 0.183822 -2.95412e-17)
(0.303234 0.0800162 0)
(0.354877 -0.0544483 1.62791e-16)
(0.307849 -0.17075 2.5013e-16)
(-0.0569888 0.0491594 -6.61238e-18)
(-0.0683901 0.0925084 -6.56759e-18)
(-0.0695943 0.146707 -1.31506e-17)
(-0.0568458 0.207509 3.3323e-18)
(-0.0256732 0.268206 -2.44984e-20)
(0.0258469 0.318287 -3.67246e-18)
(0.0968546 0.343345 0)
(0.183442 0.330539 -3.38304e-20)
(0.26496 0.274506 -1.12658e-17)
(0.323601 0.162981 1.3476e-16)
(0.347995 0.0148518 -1.88605e-16)
(0.263525 -0.115611 -2.96565e-16)
(-0.0386163 0.116533 4.30926e-18)
(-0.0401766 0.163838 -8.54811e-18)
(-0.0314871 0.222149 1.70344e-17)
(-0.00960865 0.286767 0)
(0.0289663 0.351049 0)
(0.0840983 0.403832 -2.82154e-17)
(0.153674 0.430658 2.97108e-17)
(0.233634 0.418371 1.33375e-16)
(0.299805 0.362066 1.08205e-16)
(0.335461 0.246694 1.84994e-17)
(0.330995 0.0864127 -3.06151e-17)
(0.210218 -0.0580341 0)
(-0.021159 0.176018 0)
(-0.0135411 0.226278 1.49318e-17)
(0.00424859 0.287988 -2.89617e-17)
(0.0345187 0.355952 7.01287e-18)
(0.0801594 0.424359 -6.95937e-18)
(0.138339 0.480263 5.57598e-17)
(0.207496 0.511211 -5.75466e-17)
(0.278575 0.501923 -1.25726e-16)
(0.328917 0.445487 -1.49764e-16)
(0.338279 0.328822 -1.96993e-16)
(0.298496 0.167417 3.56316e-16)
(0.156949 -0.000597494 -7.77127e-17)
(-0.00800223 0.234959 3.9768e-17)
(0.00706952 0.285801 -7.28118e-17)
(0.0317141 0.349728 0)
(0.0673554 0.419665 -1.22239e-16)
(0.11696 0.493517 -1.1409e-16)
(0.174423 0.550257 0)
(0.238663 0.595916 2.67365e-17)
(0.303848 0.574142 -7.57163e-17)
(0.320104 0.507902 -3.5309e-21)
(0.302886 0.39856 3.39262e-17)
(0.253434 0.239862 -8.61253e-16)
(0.106409 0.0540613 0)
(-0.262698 -0.544466 -8.78049e-17)
(-0.402473 -0.513819 -3.2602e-17)
(-0.456289 -0.535858 2.53072e-17)
(-0.49807 -0.536519 0)
(-0.54539 -0.513569 1.81089e-17)
(-0.601882 -0.473036 4.41069e-18)
(-0.665593 -0.416734 -1.29598e-17)
(-0.73043 -0.344649 -6.43423e-18)
(-0.789714 -0.25968 -1.06598e-17)
(-0.836328 -0.16633 0)
(-0.8699 -0.0735767 4.32564e-18)
(-0.892572 0.0212814 -1.11253e-18)
(-0.301688 -0.168981 0)
(-0.313167 -0.349933 3.66116e-17)
(-0.346666 -0.422211 -2.63772e-17)
(-0.38944 -0.44586 0)
(-0.436568 -0.435621 1.39641e-17)
(-0.489982 -0.402335 4.51172e-18)
(-0.547732 -0.35229 -1.76506e-17)
(-0.604451 -0.287833 -1.75011e-20)
(-0.654961 -0.212699 0)
(-0.694329 -0.131189 0)
(-0.722777 -0.0494987 0)
(-0.742446 0.0349253 -1.12424e-18)
(-0.32772 0.0161543 0)
(-0.249727 -0.20729 2.42961e-17)
(-0.261369 -0.320817 2.78962e-17)
(-0.295286 -0.361049 0)
(-0.338869 -0.363078 -1.44312e-17)
(-0.387714 -0.337636 9.31375e-18)
(-0.439328 -0.294338 2.49161e-17)
(-0.488533 -0.237497 -4.47825e-18)
(-0.531214 -0.171525 -6.65557e-18)
(-0.563755 -0.100489 0)
(-0.586615 -0.0288073 -4.47427e-18)
(-0.601363 0.0457973 1.13753e-18)
(-0.336602 0.135738 0)
(-0.197846 -0.0968995 -3.56464e-17)
(-0.190213 -0.231994 -4.80388e-17)
(-0.212142 -0.283581 0)
(-0.25003 -0.295848 -5.03649e-18)
(-0.293878 -0.278403 -1.45156e-17)
(-0.339724 -0.242169 1.88193e-17)
(-0.382297 -0.192931 9.22671e-18)
(-0.418116 -0.13562 -7.4407e-21)
(-0.444309 -0.0741409 1.13742e-18)
(-0.461246 -0.0118292 4.00254e-18)
(-0.469905 0.0531665 -5.80996e-19)
(-0.329492 0.212795 2.97802e-17)
(-0.149617 -0.0110707 -1.97589e-17)
(-0.126464 -0.153647 2.62512e-17)
(-0.136685 -0.213102 5.6403e-18)
(-0.1682 -0.233487 2.65317e-17)
(-0.207573 -0.223942 -5.10234e-18)
(-0.248426 -0.195028 -3.70008e-17)
(-0.28541 -0.153421 -4.43678e-21)
(-0.31534 -0.104431 9.49698e-18)
(-0.335793 -0.0519335 -1.18115e-17)
(-0.346851 0.00136241 0)
(-0.349008 0.0568232 2.38399e-18)
(-0.307142 0.25962 0)
(-0.100807 0.0575494 -1.11256e-17)
(-0.0658539 -0.0833078 7.28572e-18)
(-0.0660153 -0.148156 0)
(-0.0922913 -0.175323 -1.70781e-17)
(-0.128071 -0.173441 -2.18164e-17)
(-0.165021 -0.15214 1.57446e-17)
(-0.197553 -0.118262 -2.55056e-18)
(-0.222607 -0.0773948 2.50918e-18)
(-0.238041 -0.0335265 9.91907e-18)
(-0.243628 0.0109474 0)
(-0.239476 0.0569396 -2.47859e-18)
(-0.269596 0.283529 2.45662e-16)
(-0.0495132 0.113618 9.04235e-17)
(-0.00555195 -0.0187214 5.90825e-21)
(0.00175486 -0.087006 6.84006e-18)
(-0.0212534 -0.120299 2.50897e-17)
(-0.0547275 -0.126009 2.97553e-17)
(-0.0890947 -0.112697 -5.71233e-18)
(-0.118377 -0.0867524 0)
(-0.139623 -0.053945 0)
(-0.150864 -0.0184904 0)
(-0.151627 0.0172932 4.61132e-18)
(-0.141782 0.0539197 6.5803e-19)
(-0.214905 0.287369 -2.32307e-16)
(0.00393671 0.158813 -1.39567e-16)
(0.0562747 0.041753 0)
(0.0676876 -0.0280978 0)
(0.0459215 -0.0670196 -4.99345e-17)
(0.0130797 -0.0806063 2.68992e-17)
(-0.0201406 -0.0758089 -2.89066e-17)
(-0.047431 -0.058156 -3.09026e-17)
(-0.0659644 -0.0334792 3.00487e-18)
(-0.0739019 -0.00633416 -1.4677e-18)
(-0.0706476 0.0208656 -4.34729e-18)
(-0.0559882 0.0482839 -2.87658e-18)
(-0.148563 0.277146 0)
(0.0591847 0.193174 -1.9551e-17)
(0.12059 0.0988064 1.18866e-17)
(0.132465 0.0297053 9.43606e-18)
(0.110126 -0.0141606 3.43729e-17)
(0.076167 -0.0360686 -3.23765e-17)
(0.0426348 -0.0404673 2.30667e-17)
(0.0160103 -0.0316412 5.88375e-17)
(-0.000919472 -0.0153356 0)
(-0.00644396 0.00348236 1.72345e-18)
(-5.34346e-05 0.0221862 -1.69514e-18)
(0.0183685 0.0405775 3.33766e-18)
(-0.0628998 0.251876 0)
(0.114747 0.216998 -2.56507e-17)
(0.187032 0.15221 3.03993e-20)
(0.197067 0.0870355 1.15297e-16)
(0.172972 0.0391179 -1.06005e-16)
(0.136531 0.00871286 6.66133e-17)
(0.101138 -0.00556712 -5.2631e-18)
(0.0735328 -0.00626096 -4.97871e-17)
(0.056929 0.00124977 4.76123e-18)
(0.0529196 0.011669 1.81997e-17)
(0.0615637 0.0219319 0)
(0.0825497 0.0315206 4.34637e-18)
(0.0115672 0.208537 0)
(0.174675 0.228469 0)
(0.252709 0.201378 0)
(0.263434 0.144068 -1.71195e-16)
(0.238539 0.0939572 3.52827e-16)
(0.199565 0.0553457 -1.00389e-16)
(0.160611 0.0303245 9.46317e-18)
(0.129302 0.0190133 -8.95307e-18)
(0.11111 0.0171944 0)
(0.107403 0.0191394 -6.73903e-17)
(0.117478 0.0214631 3.55214e-17)
(0.139893 0.0228263 -9.29215e-18)
(0.0478163 0.146519 7.23764e-16)
(0.209303 0.231396 0)
(0.311982 0.240688 -5.9394e-17)
(0.323034 0.203189 3.60111e-16)
(0.304092 0.156046 -2.87674e-16)
(0.26937 0.111264 -8.2246e-17)
(0.227794 0.0726897 2.44551e-16)
(0.189541 0.0467877 -4.94267e-17)
(0.168622 0.0346116 2.46357e-17)
(0.164134 0.0281859 1.91691e-16)
(0.174526 0.0231997 -9.13621e-17)
(0.197965 0.017282 -4.29158e-17)
(-0.911935 0.112561 -1.14734e-18)
(-0.933907 0.212551 -1.19231e-18)
(-0.951375 0.317888 1.24757e-18)
(-0.962843 0.4256 0)
(-0.963531 0.528852 -1.38369e-17)
(-0.950027 0.617036 -8.83386e-18)
(-0.919879 0.677989 3.14638e-17)
(-0.871765 0.69939 2.03949e-17)
(-0.80449 0.670152 0)
(-0.716463 0.582107 -1.53856e-19)
(-0.585744 0.404973 -5.22099e-17)
(-0.448793 0.162277 -7.88717e-17)
(-0.75798 0.119088 -2.31175e-18)
(-0.772161 0.209969 -1.18931e-18)
(-0.77964 0.303196 -8.66487e-18)
(-0.779188 0.394586 2.59303e-18)
(-0.767462 0.475995 8.27299e-18)
(-0.742928 0.536124 -2.96961e-17)
(-0.704785 0.562363 -1.95933e-17)
(-0.652801 0.541609 0)
(-0.586021 0.460266 0)
(-0.507117 0.305875 -3.45772e-17)
(-0.39174 0.0319034 -1.86168e-17)
(-0.367595 -0.275064 -1.46351e-16)
(-0.610492 0.121515 5.8274e-19)
(-0.615084 0.2017 5.37437e-18)
(-0.611123 0.281208 9.86123e-18)
(-0.597992 0.354894 0)
(-0.574056 0.413818 -8.25527e-18)
(-0.53998 0.446482 3.86523e-17)
(-0.497493 0.440498 -1.97573e-17)
(-0.449254 0.383638 0)
(-0.398052 0.265112 0)
(-0.354653 0.0821641 0)
(-0.314303 -0.154596 0)
(-0.336823 -0.337748 1.24158e-16)
(-0.471389 0.119468 0)
(-0.465867 0.187978 -3.61139e-18)
(-0.450524 0.253028 -1.23878e-18)
(-0.425485 0.30887 2.5742e-18)
(-0.391049 0.346368 5.48424e-18)
(-0.350288 0.354541 -2.66511e-17)
(-0.308097 0.322424 6.65888e-18)
(-0.270862 0.240911 0)
(-0.245609 0.107073 -3.72116e-17)
(-0.247524 -0.066287 3.63213e-17)
(-0.276626 -0.24252 -5.87506e-17)
(-0.333036 -0.359315 -1.0545e-16)
(-0.342536 0.113144 1.81207e-18)
(-0.327239 0.169579 6.13072e-19)
(-0.301444 0.220186 0)
(-0.266086 0.259027 -2.58864e-18)
(-0.223408 0.27735 -1.64587e-17)
(-0.178839 0.265416 -2.96962e-18)
(-0.140422 0.214666 2.86946e-20)
(-0.1177 0.120246 -3.02901e-17)
(-0.119951 -0.012321 2.74262e-17)
(-0.160794 -0.161722 -3.5141e-17)
(-0.231636 -0.295932 7.27239e-17)
(-0.302731 -0.370702 -1.01187e-19)
(-0.225408 0.103058 -3.12047e-18)
(-0.201226 0.147488 1.88746e-18)
(-0.166287 0.184237 -1.28263e-18)
(-0.122421 0.207555 2.63485e-18)
(-0.0735665 0.20953 2.22128e-17)
(-0.0272046 0.18219 2.94937e-18)
(0.00603905 0.119764 1.97541e-17)
(0.0146677 0.0213161 5.28896e-17)
(-0.0106488 -0.101637 9.06627e-18)
(-0.0807427 -0.226577 0)
(-0.179118 -0.330587 0)
(-0.267898 -0.362252 1.05153e-16)
(-0.120942 0.0898821 -1.96548e-26)
(-0.0890696 0.122708 -3.96716e-18)
(-0.0463968 0.146533 -1.20224e-17)
(0.00432887 0.156099 0)
(0.0578456 0.144599 0)
(0.105112 0.106101 -6.09587e-18)
(0.133675 0.03745 6.75364e-18)
(0.131151 -0.0595304 -6.15387e-17)
(0.0893826 -0.169672 -4.62012e-17)
(-0.00107943 -0.271908 2.41241e-17)
(-0.119484 -0.349442 1.29149e-16)
(-0.221256 -0.341789 2.23931e-16)
(-0.0294734 0.0743136 2.15072e-18)
(0.00877669 0.096115 7.86472e-18)
(0.057819 0.108097 2.15824e-17)
(0.114074 0.105704 -2.35259e-17)
(0.17133 0.0833239 -2.13859e-17)
(0.219623 0.0370592 -9.72419e-18)
(0.24525 -0.0340088 7.1374e-18)
(0.235536 -0.126516 3.2543e-17)
(0.183809 -0.222682 1.18294e-16)
(0.0800124 -0.303209 1.04645e-16)
(-0.0544278 -0.35483 2.764e-19)
(-0.170706 -0.30779 4.34627e-19)
(0.0493276 0.0569582 -3.3055e-18)
(0.0926634 0.0683403 -6.56936e-18)
(0.14684 0.0695271 -1.31504e-17)
(0.207612 0.0567684 5.01767e-17)
(0.268271 0.0255914 2.76795e-17)
(0.318316 -0.0259213 3.67264e-18)
(0.343336 -0.0969087 -3.1978e-17)
(0.330512 -0.183465 0)
(0.274475 -0.264948 9.06395e-20)
(0.162959 -0.323565 -2.39488e-16)
(0.0148564 -0.347946 -2.12259e-16)
(-0.115578 -0.26347 3.74871e-17)
(0.116712 0.0385922 0)
(0.164002 0.0401324 1.06718e-17)
(0.222287 0.031432 -1.91679e-17)
(0.286868 0.00954309 -3.4491e-17)
(0.351108 -0.0290286 -3.1186e-17)
(0.403852 -0.0841522 -1.4066e-17)
(0.430638 -0.153708 9.19978e-21)
(0.418329 -0.233638 -7.78218e-17)
(0.362018 -0.29978 -2.29876e-16)
(0.246655 -0.335414 1.64779e-16)
(0.0863995 -0.330944 0)
(-0.058014 -0.210168 -7.71165e-16)
(0.176208 0.0211423 0)
(0.226451 0.0135052 -2.61675e-17)
(0.288132 -0.00429323 2.53291e-17)
(0.356055 -0.0345719 -7.0129e-18)
(0.424414 -0.0802049 1.17948e-16)
(0.480276 -0.138374 5.58585e-17)
(0.511181 -0.207511 5.7552e-17)
(0.501867 -0.278561 1.25741e-16)
(0.445422 -0.328879 1.49784e-16)
(0.328766 -0.338226 0)
(0.167385 -0.298447 0)
(-0.000595592 -0.15691 6.22869e-16)
(0.235155 0.00799644 -1.98786e-17)
(0.28598 -0.00709382 1.54635e-16)
(0.349875 -0.031745 5.81181e-17)
(0.419768 -0.0673945 1.22234e-16)
(0.493567 -0.116988 -1.13987e-16)
(0.550262 -0.17444 -2.69974e-17)
(0.595876 -0.238662 2.68972e-17)
(0.574065 -0.303815 -3.77963e-17)
(0.507821 -0.320059 2.94551e-17)
(0.398491 -0.302837 0)
(0.239812 -0.25339 0)
(0.0540408 -0.106378 1.70254e-15)
(-0.544339 0.262655 0)
(-0.513747 0.402355 -3.23987e-17)
(-0.535814 0.456159 5.06953e-18)
(-0.536492 0.497948 0)
(-0.513558 0.545283 0)
(-0.473041 0.601797 4.41234e-18)
(-0.41675 0.665533 6.46977e-18)
(-0.344673 0.730398 -2.14288e-18)
(-0.259708 0.789708 8.5257e-18)
(-0.166363 0.836346 0)
(-0.073621 0.869934 4.32646e-18)
(0.0212138 0.892618 1.11554e-18)
(-0.168937 0.301624 0)
(-0.349888 0.313064 0)
(-0.422179 0.34656 -2.11376e-17)
(-0.445839 0.389343 0)
(-0.43561 0.436486 -4.64913e-18)
(-0.402335 0.489921 9.02299e-18)
(-0.352299 0.547694 -2.20702e-17)
(-0.287849 0.604438 -2.1777e-18)
(-0.212718 0.654972 2.1723e-18)
(-0.131213 0.69436 8.7029e-18)
(-0.0495366 0.722823 0)
(0.0348616 0.742507 -1.1224e-18)
(0.0161514 0.327644 0)
(-0.207271 0.249641 -8.07823e-18)
(-0.320796 0.261287 3.3448e-17)
(-0.361034 0.295214 -5.00839e-18)
(-0.363069 0.338812 0)
(-0.337634 0.387675 -1.39726e-17)
(-0.294342 0.43931 3.17357e-17)
(-0.237505 0.488536 0)
(-0.171537 0.531237 0)
(-0.100506 0.563796 -7.76106e-18)
(-0.0288389 0.586668 3.35529e-18)
(0.0457392 0.601436 1.13893e-18)
(0.135703 0.336522 0)
(-0.0969031 0.197776 0)
(-0.231986 0.190154 -2.40397e-17)
(-0.283572 0.212093 5.28612e-18)
(-0.295842 0.249995 -5.0419e-18)
(-0.2784 0.293858 4.3601e-17)
(-0.242168 0.339723 -4.68905e-18)
(-0.192933 0.382313 1.1545e-17)
(-0.135624 0.418149 -1.14292e-17)
(-0.0741512 0.444356 9.11752e-18)
(-0.0118538 0.461303 -4.57848e-18)
(0.0531149 0.469984 -1.15986e-18)
(0.21274 0.329414 0)
(-0.0110931 0.149564 3.9464e-17)
(-0.153653 0.126426 2.62528e-17)
(-0.213101 0.136659 0)
(-0.233486 0.168187 -1.59326e-17)
(-0.22394 0.207572 -3.06075e-17)
(-0.195025 0.248439 -3.2079e-17)
(-0.153419 0.285437 7.23948e-18)
(-0.10443 0.315379 9.50558e-18)
(-0.0519382 0.335845 -9.4457e-18)
(0.00134374 0.346911 0)
(0.0567782 0.349087 0)
(0.259551 0.307071 0)
(0.0575119 0.100771 -4.45479e-17)
(-0.0833261 0.0658376 7.28213e-18)
(-0.148164 0.0660102 -6.13791e-18)
(-0.175326 0.0922981 2.27817e-17)
(-0.173441 0.128087 5.45101e-18)
(-0.152137 0.165046 1.57519e-17)
(-0.118257 0.197589 -4.34196e-17)
(-0.0773901 0.222652 2.51005e-18)
(-0.0335269 0.238096 -1.23857e-18)
(0.0109339 0.24369 1.23779e-18)
(0.0569008 0.239552 0)
(0.283454 0.269538 0)
(0.113569 0.0494959 -1.03377e-16)
(-0.018752 0.00555609 0)
(-0.0870241 -0.00173909 -2.73654e-17)
(-0.120309 0.0212789 1.88304e-17)
(-0.126013 0.0547593 3.57364e-17)
(-0.112694 0.0891323 -2.86184e-18)
(-0.086746 0.118421 1.93366e-17)
(-0.0539377 0.139672 0)
(-0.0184873 0.15092 -1.32673e-18)
(0.0172835 0.151688 1.31938e-18)
(0.0538868 0.141854 0)
(0.287293 0.214865 0)
(0.158754 -0.00393646 -1.56357e-17)
(0.041711 -0.0562508 9.65622e-18)
(-0.0281264 -0.0676522 -3.13673e-17)
(-0.0670376 -0.0458782 -5.70928e-17)
(-0.0806163 -0.0130332 -2.01894e-17)
(-0.0758095 0.0201891 -6.42912e-18)
(-0.0581502 0.0474814 -2.7821e-17)
(-0.033471 0.0660167 3.00591e-18)
(-0.00632907 0.0739573 -1.32303e-17)
(0.0208596 0.0707059 1.45233e-18)
(0.048257 0.056056 0)
(0.277072 0.148543 -3.07582e-16)
(0.193109 -0.0591674 1.56487e-16)
(0.0987539 -0.120547 -8.32254e-17)
(0.0296665 -0.132411 -9.4775e-18)
(-0.0141878 -0.110066 3.43976e-17)
(-0.0360858 -0.0761062 8.09044e-18)
(-0.0404731 -0.042576 -7.69978e-18)
(-0.031638 -0.0159537 6.32015e-22)
(-0.0153281 0.000973761 0)
(0.00348843 0.00649764 1.3811e-17)
(0.0221833 0.000107773 0)
(0.0405561 -0.0183038 0)
(0.251809 0.0629048 3.93242e-16)
(0.216928 -0.114713 -2.31324e-16)
(0.152148 -0.186973 1.45514e-16)
(0.0869872 -0.196994 1.02507e-16)
(0.0390805 -0.172896 1.17794e-17)
(0.00868754 -0.136456 4.44134e-17)
(-0.00557989 -0.101068 -4.72839e-17)
(-0.00626212 -0.07347 2.98856e-17)
(0.00125439 -0.0568731 4.76268e-18)
(0.0116745 -0.0528687 1.82043e-17)
(0.0219318 -0.0615147 -8.81571e-18)
(0.0315041 -0.0824888 0)
(0.20849 -0.0115658 0)
(0.228397 -0.174623 2.87713e-16)
(0.201309 -0.252635 -2.24735e-16)
(0.14401 -0.263344 4.28267e-17)
(0.09391 -0.238447 -4.15301e-17)
(0.0553115 -0.199476 -8.03127e-17)
(0.0303037 -0.160529 1.04245e-16)
(0.019006 -0.129232 -8.95608e-18)
(0.0171943 -0.111052 0)
(0.0191427 -0.107356 -3.17214e-17)
(0.0214634 -0.117436 4.48722e-17)
(0.0228117 -0.139838 0)
(0.146496 -0.0478106 -7.23917e-16)
(0.231331 -0.20925 4.60852e-16)
(0.240614 -0.311893 4.75783e-16)
(0.20312 -0.322928 0)
(0.155989 -0.303984 -3.28873e-16)
(0.111218 -0.269265 -2.88009e-16)
(0.0726557 -0.227697 1.33414e-16)
(0.0467715 -0.189463 -2.4699e-17)
(0.0346049 -0.168566 2.46425e-17)
(0.0281855 -0.164095 0)
(0.0231995 -0.174499 1.19254e-20)
(0.0172685 -0.197925 2.14623e-17)
)
;

boundaryField
{
    rotor
    {
        type            noSlip;
    }
    stator
    {
        type            noSlip;
    }
    front
    {
        type            empty;
    }
    back
    {
        type            empty;
    }
}


// ************************************************************************* //
