/*--------------------------------*- C++ -*----------------------------------*\
| =========                 |                                                 |
| \\      /  F ield         | OpenFOAM: The Open Source CFD Toolbox           |
|  \\    /   O peration     | Version:  v1912                                 |
|   \\  /    A nd           | Website:  www.openfoam.com                      |
|    \\/     M anipulation  |                                                 |
\*---------------------------------------------------------------------------*/
FoamFile
{
    version     2.0;
    format      ascii;
    class       surfaceScalarField;
    location    "500";
    object      phi;
}
// * * * * * * * * * * * * * * * * * * * * * * * * * * * * * * * * * * * * * //

dimensions      [0 3 -1 0 0 0 0];
oriented        oriented;


internalField   nonuniform List<scalar> 
5952
(
5.11287e-06
-5.11036e-06
8.71768e-06
-3.60467e-06
1.14343e-05
-2.71655e-06
1.29347e-05
-1.50021e-06
1.31089e-05
-1.74191e-07
1.16743e-05
1.43476e-06
7.58815e-06
4.08604e-06
1.50743e-06
6.0808e-06
-1.09234e-05
1.24307e-05
-2.54204e-05
1.4497e-05
-3.6522e-05
1.11016e-05
8.5837e-06
-4.51058e-05
1.57347e-06
-6.68356e-06
3.95675e-06
-5.98783e-06
4.26044e-06
-3.02006e-06
2.68452e-06
7.57946e-08
-1.05403e-06
3.56454e-06
-8.36277e-06
8.74356e-06
-1.96311e-05
1.53544e-05
-3.18378e-05
1.82875e-05
-3.812e-05
1.87129e-05
-4.06203e-05
1.69974e-05
-4.29895e-05
1.34708e-05
1.05771e-05
-4.4983e-05
1.36551e-06
-8.04893e-06
1.19845e-06
-5.82064e-06
-8.44391e-07
-9.77105e-07
-5.64201e-06
4.87352e-06
-1.4012e-05
1.19346e-05
-2.36173e-05
1.83489e-05
-2.96957e-05
2.14328e-05
-3.29023e-05
2.14941e-05
-3.42449e-05
2.00555e-05
-3.47069e-05
1.74594e-05
-3.54059e-05
1.41698e-05
1.12267e-05
-3.60555e-05
-1.58786e-06
-6.46097e-06
-4.39706e-06
-3.01134e-06
-8.9426e-06
3.56852e-06
-1.53373e-05
1.12682e-05
-2.15536e-05
1.81509e-05
-2.54211e-05
2.22164e-05
-2.70016e-05
2.30133e-05
-2.74152e-05
2.19077e-05
-2.73505e-05
1.99907e-05
-2.71826e-05
1.72914e-05
-2.72263e-05
1.42136e-05
1.12691e-05
-2.72687e-05
-3.5782e-06
-2.8826e-06
-8.42676e-06
1.83734e-06
-1.34948e-05
8.63667e-06
-1.79401e-05
1.57136e-05
-2.06192e-05
2.083e-05
-2.12721e-05
2.28694e-05
-2.0882e-05
2.26232e-05
-2.01543e-05
2.11801e-05
-1.92481e-05
1.90845e-05
-1.84947e-05
1.65381e-05
-1.80212e-05
1.374e-05
1.09344e-05
-1.76865e-05
-4.85975e-06
1.97736e-06
-9.85336e-06
6.83113e-06
-1.37733e-05
1.25568e-05
-1.58938e-05
1.78343e-05
-1.61107e-05
2.1047e-05
-1.51246e-05
2.18834e-05
-1.37007e-05
2.11993e-05
-1.22259e-05
1.97052e-05
-1.08787e-05
1.77373e-05
-9.78624e-06
1.54456e-05
-8.99055e-06
1.29443e-05
1.03589e-05
-8.41501e-06
-5.31911e-06
7.29686e-06
-9.54085e-06
1.10531e-05
-1.18811e-05
1.48972e-05
-1.20782e-05
1.80315e-05
-1.0687e-05
1.96559e-05
-8.61823e-06
1.98147e-05
-6.44601e-06
1.90271e-05
-4.42837e-06
1.76877e-05
-2.68415e-06
1.59931e-05
-1.26962e-06
1.4031e-05
-1.88974e-07
1.18637e-05
9.5583e-06
6.11614e-07
-5.33128e-06
1.26283e-05
-8.44369e-06
1.41657e-05
-9.121e-06
1.55747e-05
-7.73355e-06
1.66442e-05
-5.16477e-06
1.70872e-05
-2.22845e-06
1.68785e-05
6.19292e-07
1.61794e-05
3.17005e-06
1.51369e-05
5.33921e-06
1.3824e-05
7.10385e-06
1.22664e-05
8.4826e-06
1.04849e-05
8.51515e-06
9.52575e-06
-4.71563e-06
1.73441e-05
-6.54218e-06
1.59923e-05
-5.4768e-06
1.45093e-05
-2.69201e-06
1.38594e-05
9.08731e-07
1.34865e-05
4.62623e-06
1.3161e-05
8.08203e-06
1.27237e-05
1.11122e-05
1.21068e-05
1.36632e-05
1.1273e-05
1.57381e-05
1.01915e-05
1.73765e-05
8.84652e-06
7.25725e-06
1.86344e-05
-4.06525e-06
2.14092e-05
-3.11626e-06
1.50433e-05
4.45994e-07
1.09471e-05
4.72523e-06
9.58019e-06
9.20694e-06
9.00483e-06
1.34524e-05
8.91556e-06
1.72277e-05
8.94842e-06
2.04549e-05
8.87963e-06
2.3134e-05
8.59382e-06
2.53013e-05
8.02417e-06
2.70194e-05
7.12847e-06
5.92516e-06
2.83515e-05
6.27413e-07
2.07817e-05
6.1392e-06
9.53139e-06
1.19951e-05
5.09112e-06
1.73208e-05
4.25443e-06
2.19988e-05
4.32682e-06
2.60193e-05
4.89508e-06
2.94213e-05
5.54646e-06
3.22505e-05
6.05038e-06
3.45627e-05
6.28168e-06
3.64171e-05
6.16975e-06
3.78897e-05
5.65591e-06
4.77357e-06
3.90413e-05
2.04731e-05
3.0845e-07
2.87839e-05
1.22057e-06
3.38462e-05
2.86802e-08
3.76966e-05
4.04059e-07
4.06608e-05
1.36252e-06
4.30929e-05
2.46301e-06
4.51322e-05
3.50714e-06
4.68205e-05
4.36209e-06
4.81888e-05
4.91342e-06
4.92702e-05
5.08835e-06
5.01296e-05
4.79644e-06
5.08114e-05
4.09179e-06
-5.114e-05
6.03421e-06
-5.51957e-05
4.0557e-06
-5.7088e-05
1.89223e-06
-5.71927e-05
1.04706e-07
-5.54718e-05
-1.72088e-06
-5.20333e-05
-3.43849e-06
-4.66127e-05
-5.42058e-06
-3.92476e-05
-7.36513e-06
-2.97427e-05
-9.50497e-06
-1.8337e-05
-1.14057e-05
-6.97744e-06
-1.13596e-05
-6.97745e-06
-4.66606e-05
7.7118e-06
-4.74987e-05
4.89384e-06
-4.78254e-05
2.21891e-06
-4.74307e-05
-2.90032e-07
-4.63582e-05
-2.79332e-06
-4.43296e-05
-5.46717e-06
-4.13386e-05
-8.41152e-06
-3.70059e-05
-1.16979e-05
-3.11685e-05
-1.53423e-05
-2.35177e-05
-1.90565e-05
-1.3108e-05
-2.17693e-05
-2.00855e-05
-3.66203e-05
8.27661e-06
-3.70808e-05
5.35435e-06
-3.73225e-05
2.4606e-06
-3.7153e-05
-4.59528e-07
-3.64178e-05
-3.52854e-06
-3.50466e-05
-6.83839e-06
-3.29348e-05
-1.05233e-05
-2.99509e-05
-1.46818e-05
-2.60077e-05
-1.92855e-05
-2.06258e-05
-2.44385e-05
-1.27864e-05
-2.96087e-05
-3.28719e-05
-2.72985e-05
8.30641e-06
-2.72737e-05
5.32953e-06
-2.71275e-05
2.31441e-06
-2.67859e-05
-8.01181e-07
-2.61872e-05
-4.12726e-06
-2.52569e-05
-7.76867e-06
-2.39015e-05
-1.18788e-05
-2.19919e-05
-1.65914e-05
-1.93119e-05
-2.19655e-05
-1.53695e-05
-2.83809e-05
-9.40007e-06
-3.55781e-05
-4.22719e-05
-1.74591e-05
8.07899e-06
-1.7294e-05
5.16435e-06
-1.71365e-05
2.15692e-06
-1.69298e-05
-1.0079e-06
-1.66291e-05
-4.42793e-06
-1.6183e-05
-8.21477e-06
-1.55321e-05
-1.25297e-05
-1.46116e-05
-1.75119e-05
-1.32164e-05
-2.33607e-05
-1.11231e-05
-3.04742e-05
-7.44012e-06
-3.92612e-05
-4.9712e-05
-8.01951e-06
7.68349e-06
-7.76305e-06
4.90788e-06
-7.60504e-06
1.99891e-06
-7.51047e-06
-1.10248e-06
-7.45483e-06
-4.48358e-06
-7.41522e-06
-8.2544e-06
-7.38581e-06
-1.25591e-05
-7.32685e-06
-1.75709e-05
-7.12194e-06
-2.35656e-05
-6.5847e-06
-3.10115e-05
-4.87611e-06
-4.09697e-05
-5.45881e-05
1.17447e-06
7.12063e-06
1.53541e-06
4.54695e-06
1.72228e-06
1.81203e-06
1.75103e-06
-1.13124e-06
1.62308e-06
-4.35564e-06
1.3267e-06
-7.95803e-06
8.34977e-07
-1.20674e-05
1.31587e-07
-1.68675e-05
-7.57444e-07
-2.26766e-05
-1.70802e-06
-3.00609e-05
-2.24809e-06
-4.04297e-05
-5.68362e-05
1.02805e-05
6.36589e-06
1.07804e-05
4.04705e-06
1.10456e-05
1.54682e-06
1.10783e-05
-1.16401e-06
1.08612e-05
-4.13855e-06
1.03533e-05
-7.45013e-06
9.48154e-06
-1.11956e-05
8.15333e-06
-1.55393e-05
6.27584e-06
-2.07991e-05
3.83475e-06
-2.76198e-05
1.22159e-06
-3.78165e-05
-5.56147e-05
1.9569e-05
5.43132e-06
2.02153e-05
3.40073e-06
2.05919e-05
1.17023e-06
2.06923e-05
-1.26445e-06
2.04851e-05
-3.93137e-06
1.99054e-05
-6.87043e-06
1.8831e-05
-1.01212e-05
1.70834e-05
-1.37917e-05
1.44166e-05
-1.81324e-05
1.05773e-05
-2.37806e-05
5.66862e-06
-3.29079e-05
-4.99461e-05
2.93679e-05
4.41493e-06
3.01031e-05
2.66549e-06
3.05783e-05
6.95034e-07
3.07829e-05
-1.46904e-06
3.06743e-05
-3.82278e-06
3.01686e-05
-6.36474e-06
2.91012e-05
-9.05389e-06
2.72157e-05
-1.19062e-05
2.41007e-05
-1.50175e-05
1.92512e-05
-1.89311e-05
1.18536e-05
-2.55103e-05
-3.80926e-05
3.99565e-05
3.49966e-06
4.06591e-05
1.96292e-06
4.11734e-05
1.80704e-07
4.14868e-05
-1.78244e-06
4.15472e-05
-3.88315e-06
4.12568e-05
-6.07439e-06
4.04239e-05
-8.22101e-06
3.87484e-05
-1.02307e-05
3.56833e-05
-1.19524e-05
3.0489e-05
-1.37368e-05
2.06388e-05
-1.56603e-05
-1.74537e-05
5.14234e-05
2.88772e-06
5.19624e-05
1.42386e-06
5.24547e-05
-3.11546e-07
5.28786e-05
-2.20633e-06
5.31669e-05
-4.17148e-06
5.32103e-05
-6.11782e-06
5.28149e-05
-7.82562e-06
5.17103e-05
-9.12602e-06
4.93736e-05
-9.61569e-06
4.48718e-05
-9.235e-06
3.45529e-05
-5.34134e-06
1.70991e-05
5.11177e-06
-5.11169e-06
8.71684e-06
-3.60505e-06
1.14337e-05
-2.71683e-06
1.29342e-05
-1.50033e-06
1.31085e-05
-1.74332e-07
1.16746e-05
1.43407e-06
7.58949e-06
4.08499e-06
1.5089e-06
6.08068e-06
-1.09211e-05
1.24298e-05
-2.5419e-05
1.44979e-05
-3.6522e-05
1.1103e-05
8.58436e-06
-4.51064e-05
1.57289e-06
-6.68449e-06
3.95653e-06
-5.98867e-06
4.26055e-06
-3.0207e-06
2.6851e-06
7.51395e-08
-1.05251e-06
3.56342e-06
-8.36018e-06
8.74177e-06
-1.96283e-05
1.53531e-05
-3.18358e-05
1.82882e-05
-3.81199e-05
1.87139e-05
-4.06211e-05
1.6999e-05
-4.29905e-05
1.34724e-05
1.0578e-05
-4.49842e-05
1.36564e-06
-8.05e-06
1.19935e-06
-5.8223e-06
-8.42402e-07
-9.78878e-07
-5.63833e-06
4.87114e-06
-1.40072e-05
1.19323e-05
-2.36137e-05
1.83483e-05
-2.96946e-05
2.1434e-05
-3.29027e-05
2.14963e-05
-3.42464e-05
2.00577e-05
-3.4709e-05
1.74616e-05
-3.54076e-05
1.4171e-05
1.12275e-05
-3.60571e-05
-1.58703e-06
-6.46283e-06
-4.39509e-06
-3.01413e-06
-8.93942e-06
3.56554e-06
-1.5334e-05
1.12658e-05
-2.15518e-05
1.81501e-05
-2.54211e-05
2.22177e-05
-2.70027e-05
2.30156e-05
-2.74168e-05
2.19103e-05
-2.73522e-05
1.99931e-05
-2.71841e-05
1.72934e-05
-2.72278e-05
1.42147e-05
1.12698e-05
-2.72701e-05
-3.5775e-06
-2.8851e-06
-8.42556e-06
1.83413e-06
-1.34937e-05
8.63383e-06
-1.79399e-05
1.5712e-05
-2.062e-05
2.08303e-05
-2.12737e-05
2.28713e-05
-2.08837e-05
2.26256e-05
-2.0156e-05
2.11825e-05
-1.92495e-05
1.90866e-05
-1.84958e-05
1.65397e-05
-1.80222e-05
1.3741e-05
1.0935e-05
-1.76875e-05
-4.85937e-06
1.9749e-06
-9.85354e-06
6.82859e-06
-1.37742e-05
1.25547e-05
-1.58953e-05
1.78334e-05
-1.61126e-05
2.10476e-05
-1.51263e-05
2.18852e-05
-1.37023e-05
2.12014e-05
-1.22271e-05
1.97074e-05
-1.08797e-05
1.77391e-05
-9.78698e-06
1.54469e-05
-8.9912e-06
1.29452e-05
1.03594e-05
-8.41555e-06
-5.31968e-06
7.29484e-06
-9.542e-06
1.10512e-05
-1.18828e-05
1.48957e-05
-1.20802e-05
1.80309e-05
-1.06889e-05
1.96565e-05
-8.61976e-06
1.98161e-05
-6.44715e-06
1.90289e-05
-4.42919e-06
1.76894e-05
-2.6847e-06
1.59946e-05
-1.26998e-06
1.40322e-05
-1.8922e-07
1.18644e-05
9.5587e-06
6.11444e-07
-5.33211e-06
1.26272e-05
-8.44518e-06
1.41643e-05
-9.12282e-06
1.55735e-05
-7.73547e-06
1.66436e-05
-5.16647e-06
1.70875e-05
-2.22976e-06
1.68795e-05
6.18386e-07
1.61808e-05
3.1695e-06
1.51383e-05
5.33894e-06
1.38252e-05
7.10378e-06
1.22674e-05
8.48265e-06
1.04855e-05
8.51545e-06
9.52589e-06
-4.7166e-06
1.73438e-05
-6.54352e-06
1.59914e-05
-5.47842e-06
1.45084e-05
-2.69369e-06
1.38589e-05
9.07239e-07
1.34866e-05
4.6251e-06
1.31616e-05
8.08129e-06
1.27246e-05
1.11118e-05
1.21078e-05
1.36631e-05
1.12739e-05
1.57382e-05
1.01922e-05
1.73768e-05
8.84698e-06
7.25744e-06
1.86348e-05
-4.06566e-06
2.14096e-05
-3.117e-06
1.50427e-05
4.44921e-07
1.09465e-05
4.724e-06
9.57985e-06
9.2058e-06
9.00485e-06
1.34515e-05
8.91594e-06
1.72271e-05
8.94907e-06
2.04546e-05
8.88035e-06
2.3134e-05
8.59448e-06
2.53016e-05
8.02466e-06
2.70198e-05
7.12876e-06
5.92523e-06
2.8352e-05
6.27516e-07
2.0782e-05
6.13894e-06
9.53127e-06
1.19945e-05
5.09093e-06
1.732e-05
4.2543e-06
2.1998e-05
4.32687e-06
2.60186e-05
4.89535e-06
2.94208e-05
5.54688e-06
3.22503e-05
6.05084e-06
3.45627e-05
6.28208e-06
3.64173e-05
6.17002e-06
3.78901e-05
5.656e-06
4.7735e-06
3.90418e-05
2.04731e-05
3.08864e-07
2.87836e-05
1.22074e-06
3.38457e-05
2.88265e-08
3.76958e-05
4.04163e-07
4.066e-05
1.36265e-06
4.30921e-05
2.4632e-06
4.51316e-05
3.50738e-06
4.68202e-05
4.36231e-06
4.81887e-05
4.91357e-06
4.92703e-05
5.08837e-06
5.013e-05
4.79633e-06
5.08119e-05
4.09156e-06
-5.11413e-05
6.03481e-06
-5.51973e-05
4.05606e-06
-5.70898e-05
1.89243e-06
-5.71946e-05
1.0479e-07
-5.54737e-05
-1.72089e-06
-5.20352e-05
-3.43857e-06
-4.66145e-05
-5.4207e-06
-3.92492e-05
-7.36527e-06
-2.97441e-05
-9.50517e-06
-1.83381e-05
-1.14059e-05
-6.97823e-06
-1.136e-05
-6.97825e-06
-4.6662e-05
7.71258e-06
-4.75002e-05
4.89427e-06
-4.7827e-05
2.21914e-06
-4.74322e-05
-2.89981e-07
-4.63597e-05
-2.7934e-06
-4.43309e-05
-5.46735e-06
-4.13399e-05
-8.41179e-06
-3.70069e-05
-1.16982e-05
-3.11693e-05
-1.53428e-05
-2.35183e-05
-1.9057e-05
-1.31084e-05
-2.17699e-05
-2.00867e-05
-3.66218e-05
8.27722e-06
-3.70822e-05
5.3547e-06
-3.73238e-05
2.46074e-06
-3.71542e-05
-4.59571e-07
-3.64189e-05
-3.52873e-06
-3.50476e-05
-6.83871e-06
-3.29356e-05
-1.05238e-05
-2.99515e-05
-1.46823e-05
-2.60082e-05
-1.92861e-05
-2.0626e-05
-2.44392e-05
-1.27863e-05
-2.96096e-05
-3.2873e-05
-2.72998e-05
8.30688e-06
-2.72748e-05
5.32975e-06
-2.71285e-05
2.31442e-06
-2.67868e-05
-8.01335e-07
-2.61879e-05
-4.12756e-06
-2.52576e-05
-7.76908e-06
-2.3902e-05
-1.18793e-05
-2.19924e-05
-1.6592e-05
-1.93123e-05
-2.19662e-05
-1.53698e-05
-2.83817e-05
-9.40023e-06
-3.55791e-05
-4.22732e-05
-1.74599e-05
8.07933e-06
-1.72947e-05
5.16445e-06
-1.71371e-05
2.15683e-06
-1.69303e-05
-1.00815e-06
-1.66295e-05
-4.42831e-06
-1.61834e-05
-8.21527e-06
-1.55324e-05
-1.25303e-05
-1.46118e-05
-1.75125e-05
-1.32166e-05
-2.33615e-05
-1.11232e-05
-3.04751e-05
-7.44013e-06
-3.92622e-05
-4.97134e-05
-8.01996e-06
7.68372e-06
-7.7634e-06
4.90789e-06
-7.60533e-06
1.99874e-06
-7.51068e-06
-1.10279e-06
-7.45501e-06
-4.48402e-06
-7.41534e-06
-8.25492e-06
-7.38593e-06
-1.25597e-05
-7.32693e-06
-1.75716e-05
-7.12203e-06
-2.35664e-05
-6.58474e-06
-3.10124e-05
-4.87618e-06
-4.09708e-05
-5.45896e-05
1.17438e-06
7.12077e-06
1.53538e-06
4.54687e-06
1.72231e-06
1.8118e-06
1.7511e-06
-1.13161e-06
1.62317e-06
-4.35611e-06
1.3268e-06
-7.95858e-06
8.35085e-07
-1.2068e-05
1.3167e-07
-1.68682e-05
-7.57366e-07
-2.26774e-05
-1.70799e-06
-3.00618e-05
-2.24805e-06
-4.04307e-05
-5.68376e-05
1.02807e-05
6.36595e-06
1.07806e-05
4.04692e-06
1.10459e-05
1.54653e-06
1.10787e-05
-1.16441e-06
1.08616e-05
-4.13903e-06
1.03536e-05
-7.45068e-06
9.48182e-06
-1.11962e-05
8.15357e-06
-1.55399e-05
6.27602e-06
-2.07999e-05
3.83488e-06
-2.76207e-05
1.22165e-06
-3.78175e-05
-5.5616e-05
1.95694e-05
5.43129e-06
2.02158e-05
3.40053e-06
2.05924e-05
1.1699e-06
2.06928e-05
-1.26487e-06
2.04856e-05
-3.93185e-06
1.99059e-05
-6.87096e-06
1.88314e-05
-1.01218e-05
1.70837e-05
-1.37923e-05
1.44169e-05
-1.81331e-05
1.05775e-05
-2.37813e-05
5.66874e-06
-3.29089e-05
-4.99473e-05
2.93684e-05
4.41482e-06
3.01037e-05
2.66523e-06
3.05789e-05
6.94674e-07
3.07835e-05
-1.46947e-06
3.06749e-05
-3.82325e-06
3.01692e-05
-6.36524e-06
2.91017e-05
-9.05442e-06
2.72161e-05
-1.19067e-05
2.41011e-05
-1.50181e-05
1.92515e-05
-1.89318e-05
1.18538e-05
-2.55111e-05
-3.80936e-05
3.99571e-05
3.49945e-06
4.06598e-05
1.96261e-06
4.11741e-05
1.80318e-07
4.14875e-05
-1.78287e-06
4.15479e-05
-3.88361e-06
4.12575e-05
-6.07485e-06
4.04245e-05
-8.2215e-06
3.87489e-05
-1.02312e-05
3.56838e-05
-1.1953e-05
3.04894e-05
-1.37374e-05
2.06391e-05
-1.5661e-05
-1.74546e-05
5.1424e-05
2.88741e-06
5.19631e-05
1.4235e-06
5.24554e-05
-3.11951e-07
5.28793e-05
-2.20675e-06
5.31676e-05
-4.17191e-06
5.3211e-05
-6.11826e-06
5.28155e-05
-7.82608e-06
5.17109e-05
-9.1265e-06
4.93741e-05
-9.61621e-06
4.48723e-05
-9.2356e-06
3.45532e-05
-5.34191e-06
1.70987e-05
5.11208e-06
-5.11182e-06
8.71713e-06
-3.60489e-06
1.14341e-05
-2.71678e-06
1.29345e-05
-1.50021e-06
1.31087e-05
-1.73972e-07
1.16732e-05
1.43582e-06
7.58585e-06
4.08745e-06
1.50478e-06
6.08133e-06
-1.09281e-05
1.24328e-05
-2.54249e-05
1.44968e-05
-3.65251e-05
1.11001e-05
8.58307e-06
-4.51082e-05
1.57306e-06
-6.68467e-06
3.95611e-06
-5.98789e-06
4.25924e-06
-3.01967e-06
2.68255e-06
7.66171e-08
-1.05727e-06
3.56611e-06
-8.36771e-06
8.74637e-06
-1.9637e-05
1.53568e-05
-3.18431e-05
1.82875e-05
-3.81227e-05
1.87124e-05
-4.06218e-05
1.69959e-05
-4.29906e-05
1.34689e-05
1.05762e-05
-4.49838e-05
1.36435e-06
-8.04894e-06
1.19613e-06
-5.81959e-06
-8.48144e-07
-9.75306e-07
-5.64794e-06
4.87652e-06
-1.40196e-05
1.19378e-05
-2.36235e-05
1.83503e-05
-2.96989e-05
2.14322e-05
-3.29038e-05
2.14924e-05
-3.42448e-05
2.00535e-05
-3.4706e-05
1.7457e-05
-3.54058e-05
1.41687e-05
1.12258e-05
-3.60553e-05
-1.58944e-06
-6.45943e-06
-4.40041e-06
-3.00852e-06
-8.94763e-06
3.572e-06
-1.53426e-05
1.12716e-05
-2.15573e-05
1.81526e-05
-2.54227e-05
2.22157e-05
-2.70019e-05
2.30114e-05
-2.7415e-05
2.19054e-05
-2.735e-05
1.99884e-05
-2.71823e-05
1.72893e-05
-2.7226e-05
1.42124e-05
1.12681e-05
-2.72684e-05
-3.57953e-06
-2.87972e-06
-8.42917e-06
1.84128e-06
-1.34975e-05
8.6404e-06
-1.79418e-05
1.5716e-05
-2.06194e-05
2.08303e-05
-2.12716e-05
2.28679e-05
-2.08812e-05
2.26211e-05
-2.01535e-05
2.11778e-05
-1.92475e-05
1.90823e-05
-1.84944e-05
1.65363e-05
-1.80208e-05
1.37388e-05
1.09335e-05
-1.76862e-05
-4.86058e-06
1.98121e-06
-9.85397e-06
6.83487e-06
-1.37733e-05
1.25599e-05
-1.58931e-05
1.78359e-05
-1.61095e-05
2.10469e-05
-1.51235e-05
2.1882e-05
-1.36997e-05
2.11975e-05
-1.22252e-05
1.97033e-05
-1.08783e-05
1.77354e-05
-9.78599e-06
1.5444e-05
-8.99031e-06
1.29431e-05
1.03579e-05
-8.41474e-06
-5.31877e-06
7.30038e-06
-9.54005e-06
1.10564e-05
-1.18798e-05
1.48998e-05
-1.20765e-05
1.80329e-05
-1.06854e-05
1.96559e-05
-8.61699e-06
1.98137e-05
-6.44514e-06
1.90257e-05
-4.42783e-06
1.7686e-05
-2.68386e-06
1.59915e-05
-1.26947e-06
1.40296e-05
-1.8882e-07
1.18625e-05
9.55728e-06
6.11806e-07
-5.33051e-06
1.2631e-05
-8.44221e-06
1.41683e-05
-9.11905e-06
1.55768e-05
-7.73153e-06
1.66455e-05
-5.16305e-06
1.70875e-05
-2.22718e-06
1.68779e-05
6.20143e-07
1.61784e-05
3.17056e-06
1.51356e-05
5.33949e-06
1.38226e-05
7.10401e-06
1.22651e-05
8.48275e-06
1.04837e-05
8.51409e-06
9.52595e-06
-4.71458e-06
1.73458e-05
-6.54042e-06
1.59942e-05
-5.47467e-06
1.45111e-05
-2.68986e-06
1.38607e-05
9.10601e-07
1.34871e-05
4.62769e-06
1.31609e-05
8.08308e-06
1.2723e-05
1.11129e-05
1.21059e-05
1.36636e-05
1.12718e-05
1.57385e-05
1.01903e-05
1.73768e-05
8.84537e-06
7.25618e-06
1.86348e-05
-4.06423e-06
2.14099e-05
-3.11471e-06
1.50447e-05
4.47968e-07
1.09484e-05
4.72733e-06
9.58132e-06
9.20889e-06
9.0055e-06
1.34541e-05
8.9157e-06
1.7229e-05
8.9481e-06
2.04559e-05
8.87895e-06
2.31349e-05
8.5929e-06
2.53021e-05
8.02313e-06
2.702e-05
7.12741e-06
5.92413e-06
2.83521e-05
6.27934e-07
2.07819e-05
6.14042e-06
9.5321e-06
1.19967e-05
5.09204e-06
1.73227e-05
4.25534e-06
2.20007e-05
4.32745e-06
2.60211e-05
4.89531e-06
2.94229e-05
5.54629e-06
3.2252e-05
6.04988e-06
3.45639e-05
6.28094e-06
3.64182e-05
6.16886e-06
3.78907e-05
5.65496e-06
4.77264e-06
3.90422e-05
2.04736e-05
3.08136e-07
2.87847e-05
1.22086e-06
3.38474e-05
2.92848e-08
3.7698e-05
4.04676e-07
4.06625e-05
1.36295e-06
4.30946e-05
2.46315e-06
4.51339e-05
3.50696e-06
4.68222e-05
4.36165e-06
4.81903e-05
4.91278e-06
4.92716e-05
5.08758e-06
5.01309e-05
4.79562e-06
5.08126e-05
4.091e-06
-5.11418e-05
6.03355e-06
-5.51971e-05
4.05526e-06
-5.7089e-05
1.89189e-06
-5.71935e-05
1.04465e-07
-5.54725e-05
-1.72105e-06
-5.20339e-05
-3.43859e-06
-4.66133e-05
-5.42062e-06
-3.92482e-05
-7.36512e-06
-2.97433e-05
-9.50492e-06
-1.83376e-05
-1.14057e-05
-6.97802e-06
-1.13596e-05
-6.97803e-06
-4.66611e-05
7.71086e-06
-4.74991e-05
4.89322e-06
-4.78257e-05
2.21845e-06
-4.74308e-05
-2.90368e-07
-4.63584e-05
-2.79354e-06
-4.43297e-05
-5.4673e-06
-4.13387e-05
-8.41158e-06
-3.70059e-05
-1.16979e-05
-3.11686e-05
-1.53423e-05
-2.35178e-05
-1.90565e-05
-1.31081e-05
-2.17693e-05
-2.00861e-05
-3.66203e-05
8.2758e-06
-3.70808e-05
5.3537e-06
-3.73224e-05
2.46009e-06
-3.71529e-05
-4.59896e-07
-3.64177e-05
-3.52877e-06
-3.50465e-05
-6.83852e-06
-3.29347e-05
-1.05234e-05
-2.99507e-05
-1.46818e-05
-2.60076e-05
-1.92854e-05
-2.06256e-05
-2.44385e-05
-1.27861e-05
-2.96088e-05
-3.28723e-05
-2.72982e-05
8.30562e-06
-2.72734e-05
5.32889e-06
-2.71272e-05
2.31393e-06
-2.67856e-05
-8.01515e-07
-2.61869e-05
-4.12747e-06
-2.52567e-05
-7.76877e-06
-2.39013e-05
-1.18788e-05
-2.19918e-05
-1.65913e-05
-1.93118e-05
-2.19654e-05
-1.53694e-05
-2.83809e-05
-9.40006e-06
-3.55782e-05
-4.22723e-05
-1.74588e-05
8.07821e-06
-1.72936e-05
5.16372e-06
-1.71361e-05
2.15645e-06
-1.69294e-05
-1.00823e-06
-1.66288e-05
-4.42813e-06
-1.61827e-05
-8.21486e-06
-1.55318e-05
-1.25297e-05
-1.46114e-05
-1.75118e-05
-1.32162e-05
-2.33606e-05
-1.1123e-05
-3.04741e-05
-7.44003e-06
-3.92612e-05
-4.97124e-05
-8.01922e-06
7.68269e-06
-7.76273e-06
4.90723e-06
-7.6047e-06
1.99842e-06
-7.51011e-06
-1.10283e-06
-7.45446e-06
-4.48379e-06
-7.41486e-06
-8.25447e-06
-7.38548e-06
-1.2559e-05
-7.32657e-06
-1.75707e-05
-7.12174e-06
-2.35654e-05
-6.58458e-06
-3.10113e-05
-4.87609e-06
-4.09697e-05
-5.45884e-05
1.17472e-06
7.11978e-06
1.5357e-06
4.54625e-06
1.72262e-06
1.81149e-06
1.75141e-06
-1.13163e-06
1.62348e-06
-4.35588e-06
1.32712e-06
-7.95812e-06
8.35372e-07
-1.20673e-05
1.3193e-07
-1.68673e-05
-7.57185e-07
-2.26763e-05
-1.70786e-06
-3.00606e-05
-2.248e-06
-4.04295e-05
-5.68364e-05
1.02807e-05
6.36498e-06
1.07807e-05
4.04629e-06
1.1046e-05
1.54622e-06
1.10788e-05
-1.16444e-06
1.08617e-05
-4.13882e-06
1.03538e-05
-7.45023e-06
9.48199e-06
-1.11956e-05
8.15373e-06
-1.5539e-05
6.27616e-06
-2.07987e-05
3.83495e-06
-2.76194e-05
1.22167e-06
-3.78163e-05
-5.56148e-05
1.95694e-05
5.43037e-06
2.02157e-05
3.39993e-06
2.05923e-05
1.16959e-06
2.06928e-05
-1.26492e-06
2.04856e-05
-3.93166e-06
1.99059e-05
-6.87054e-06
1.88315e-05
-1.01212e-05
1.70838e-05
-1.37914e-05
1.4417e-05
-1.8132e-05
1.05776e-05
-2.37801e-05
5.66876e-06
-3.29076e-05
-4.99461e-05
2.93684e-05
4.414e-06
3.01037e-05
2.66469e-06
3.05789e-05
6.94391e-07
3.07835e-05
-1.46951e-06
3.06748e-05
-3.82307e-06
3.01691e-05
-6.36484e-06
2.91017e-05
-9.05378e-06
2.72162e-05
-1.19058e-05
2.41012e-05
-1.5017e-05
1.92516e-05
-1.89305e-05
1.18538e-05
-2.55098e-05
-3.80924e-05
3.99574e-05
3.4988e-06
4.06599e-05
1.96218e-06
4.11741e-05
1.80112e-07
4.14875e-05
-1.78286e-06
4.15478e-05
-3.8834e-06
4.12574e-05
-6.07445e-06
4.04245e-05
-8.22087e-06
3.87489e-05
-1.02303e-05
3.56838e-05
-1.19519e-05
3.04894e-05
-1.37361e-05
2.06391e-05
-1.56596e-05
-1.74533e-05
5.14244e-05
2.88698e-06
5.19634e-05
1.42323e-06
5.24555e-05
-3.12041e-07
5.28793e-05
-2.20667e-06
5.31676e-05
-4.17166e-06
5.3211e-05
-6.11782e-06
5.28155e-05
-7.82542e-06
5.17108e-05
-9.1256e-06
4.9374e-05
-9.61509e-06
4.48723e-05
-9.23432e-06
3.45532e-05
-5.34056e-06
1.71e-05
5.11213e-06
-5.11205e-06
8.71732e-06
-3.60515e-06
1.14343e-05
-2.71698e-06
1.29348e-05
-1.50035e-06
1.3109e-05
-1.74182e-07
1.16741e-05
1.43505e-06
7.58756e-06
4.08645e-06
1.5063e-06
6.08136e-06
-1.0926e-05
1.24321e-05
-2.54237e-05
1.44978e-05
-3.65253e-05
1.11014e-05
8.58372e-06
-4.5109e-05
1.57321e-06
-6.68516e-06
3.95669e-06
-5.98862e-06
4.26022e-06
-3.02035e-06
2.68395e-06
7.59353e-08
-1.05518e-06
3.56509e-06
-8.36484e-06
8.74474e-06
-1.96341e-05
1.53557e-05
-3.18412e-05
1.82885e-05
-3.81227e-05
1.87136e-05
-4.06225e-05
1.69976e-05
-4.29917e-05
1.34706e-05
1.05771e-05
-4.49851e-05
1.36494e-06
-8.04998e-06
1.1976e-06
-5.82119e-06
-8.45627e-07
-9.77054e-07
-5.64384e-06
4.87423e-06
-1.40144e-05
1.19357e-05
-2.36198e-05
1.83501e-05
-2.96979e-05
2.14338e-05
-3.29042e-05
2.14947e-05
-3.42464e-05
2.00558e-05
-3.47081e-05
1.74593e-05
-3.54074e-05
1.41699e-05
1.12267e-05
-3.6057e-05
-1.58841e-06
-6.46142e-06
-4.39808e-06
-3.01141e-06
-8.944e-06
3.56895e-06
-1.53389e-05
1.12692e-05
-2.15552e-05
1.8152e-05
-2.54226e-05
2.22175e-05
-2.7003e-05
2.30141e-05
-2.74165e-05
2.19082e-05
-2.73517e-05
1.99909e-05
-2.71838e-05
1.72914e-05
-2.72276e-05
1.42136e-05
1.1269e-05
-2.72699e-05
-3.57866e-06
-2.88253e-06
-8.42758e-06
1.83771e-06
-1.34958e-05
8.6374e-06
-1.79412e-05
1.57146e-05
-2.06202e-05
2.08311e-05
-2.12731e-05
2.28704e-05
-2.08829e-05
2.26239e-05
-2.01552e-05
2.11805e-05
-1.92489e-05
1.90847e-05
-1.84956e-05
1.65381e-05
-1.8022e-05
1.374e-05
1.09343e-05
-1.76873e-05
-4.86004e-06
1.97814e-06
-9.85391e-06
6.83187e-06
-1.3774e-05
1.25577e-05
-1.58945e-05
1.78353e-05
-1.61114e-05
2.1048e-05
-1.51251e-05
2.18843e-05
-1.37012e-05
2.12e-05
-1.22264e-05
1.97056e-05
-1.08793e-05
1.77375e-05
-9.78679e-06
1.54456e-05
-8.99106e-06
1.29442e-05
1.03586e-05
-8.41543e-06
-5.31931e-06
7.29771e-06
-9.54122e-06
1.10541e-05
-1.18815e-05
1.48982e-05
-1.20786e-05
1.80325e-05
-1.06873e-05
1.96569e-05
-8.61845e-06
1.98155e-05
-6.44618e-06
1.90278e-05
-4.42856e-06
1.7688e-05
-2.68434e-06
1.59933e-05
-1.2698e-06
1.4031e-05
-1.8909e-07
1.18635e-05
9.55796e-06
6.11558e-07
-5.33139e-06
1.26294e-05
-8.4439e-06
1.41666e-05
-9.12114e-06
1.55756e-05
-7.73361e-06
1.66451e-05
-5.16475e-06
1.70881e-05
-2.22837e-06
1.68792e-05
6.19413e-07
1.618e-05
3.1702e-06
1.51373e-05
5.33938e-06
1.38241e-05
7.10405e-06
1.22663e-05
8.48286e-06
1.04847e-05
8.51474e-06
9.52608e-06
-4.71576e-06
1.73451e-05
-6.54213e-06
1.59931e-05
-5.47665e-06
1.45101e-05
-2.69176e-06
1.38602e-05
9.09053e-07
1.34873e-05
4.62662e-06
1.31617e-05
8.08247e-06
1.27242e-05
1.11126e-05
1.21071e-05
1.36637e-05
1.12731e-05
1.57387e-05
1.01913e-05
1.73772e-05
8.8462e-06
7.25676e-06
1.86351e-05
-4.065e-06
2.14102e-05
-3.11589e-06
1.5044e-05
4.46471e-07
1.09478e-05
4.72578e-06
9.58093e-06
9.20756e-06
9.00553e-06
1.34531e-05
8.91615e-06
1.72284e-05
8.94887e-06
2.04556e-05
8.87986e-06
2.31349e-05
8.59384e-06
2.53022e-05
8.02397e-06
2.70203e-05
7.12808e-06
5.92462e-06
2.83525e-05
6.27793e-07
2.07824e-05
6.13978e-06
9.53202e-06
1.19957e-05
5.0918e-06
1.73215e-05
4.25513e-06
2.19995e-05
4.32748e-06
2.60201e-05
4.89563e-06
2.94221e-05
5.54683e-06
3.22514e-05
6.05054e-06
3.45636e-05
6.28162e-06
3.64181e-05
6.16947e-06
3.78908e-05
5.65545e-06
4.77297e-06
3.90424e-05
2.04734e-05
3.08962e-07
2.87842e-05
1.22119e-06
3.38465e-05
2.94455e-08
3.76969e-05
4.04791e-07
4.06612e-05
1.36314e-06
4.30933e-05
2.46347e-06
4.51328e-05
3.50739e-06
4.68212e-05
4.36212e-06
4.81896e-05
4.91323e-06
4.92711e-05
5.08794e-06
5.01307e-05
4.79587e-06
5.08125e-05
4.0911e-06
-5.11432e-05
6.03409e-06
-5.51987e-05
4.05557e-06
-5.70908e-05
1.89205e-06
-5.71954e-05
1.04509e-07
-5.54743e-05
-1.7211e-06
-5.20356e-05
-3.43871e-06
-4.66148e-05
-5.42078e-06
-3.92495e-05
-7.36532e-06
-2.97444e-05
-9.50516e-06
-1.83385e-05
-1.14059e-05
-6.97853e-06
-1.136e-05
-6.97855e-06
-4.66626e-05
7.7116e-06
-4.75007e-05
4.89362e-06
-4.78273e-05
2.21864e-06
-4.74324e-05
-2.90356e-07
-4.63599e-05
-2.79367e-06
-4.43311e-05
-5.46754e-06
-4.13399e-05
-8.41192e-06
-3.7007e-05
-1.16983e-05
-3.11694e-05
-1.53428e-05
-2.35183e-05
-1.9057e-05
-1.31084e-05
-2.17699e-05
-2.0087e-05
-3.66219e-05
8.27644e-06
-3.70823e-05
5.35406e-06
-3.73239e-05
2.46023e-06
-3.71543e-05
-4.59969e-07
-3.6419e-05
-3.52902e-06
-3.50476e-05
-6.83892e-06
-3.29356e-05
-1.05239e-05
-2.99515e-05
-1.46824e-05
-2.60082e-05
-1.92861e-05
-2.0626e-05
-2.44392e-05
-1.27862e-05
-2.96096e-05
-3.28732e-05
-2.72996e-05
8.30617e-06
-2.72747e-05
5.32917e-06
-2.71285e-05
2.31396e-06
-2.67868e-05
-8.01697e-07
-2.6188e-05
-4.12784e-06
-2.52576e-05
-7.7693e-06
-2.3902e-05
-1.18794e-05
-2.19924e-05
-1.65921e-05
-1.93123e-05
-2.19663e-05
-1.53697e-05
-2.83818e-05
-9.40023e-06
-3.55792e-05
-4.22734e-05
-1.74599e-05
8.07869e-06
-1.72946e-05
5.16392e-06
-1.71371e-05
2.1564e-06
-1.69303e-05
-1.0085e-06
-1.66295e-05
-4.42859e-06
-1.61834e-05
-8.21549e-06
-1.55324e-05
-1.25304e-05
-1.46118e-05
-1.75127e-05
-1.32165e-05
-2.33615e-05
-1.11232e-05
-3.04752e-05
-7.44006e-06
-3.92623e-05
-4.97135e-05
-8.01988e-06
7.6831e-06
-7.76334e-06
4.90738e-06
-7.60528e-06
1.99832e-06
-7.51063e-06
-1.10315e-06
-7.45494e-06
-4.48431e-06
-7.41526e-06
-8.25516e-06
-7.38583e-06
-1.25599e-05
-7.32682e-06
-1.75717e-05
-7.12193e-06
-2.35665e-05
-6.58465e-06
-3.10124e-05
-4.87612e-06
-4.09708e-05
-5.45896e-05
1.17449e-06
7.12016e-06
1.53548e-06
4.54637e-06
1.72242e-06
1.81137e-06
1.75122e-06
-1.13197e-06
1.62331e-06
-4.35642e-06
1.32696e-06
-7.95884e-06
8.35259e-07
-1.20682e-05
1.31849e-07
-1.68683e-05
-7.57197e-07
-2.26774e-05
-1.70784e-06
-3.00618e-05
-2.24793e-06
-4.04307e-05
-5.68375e-05
1.02809e-05
6.36535e-06
1.07808e-05
4.04641e-06
1.10461e-05
1.5461e-06
1.10789e-05
-1.16478e-06
1.08618e-05
-4.13936e-06
1.03539e-05
-7.45095e-06
9.48208e-06
-1.11964e-05
8.15383e-06
-1.55401e-05
6.27626e-06
-2.07999e-05
3.83508e-06
-2.76206e-05
1.22177e-06
-3.78174e-05
-5.56158e-05
1.95697e-05
5.43071e-06
2.02161e-05
3.40003e-06
2.05927e-05
1.16947e-06
2.06932e-05
-1.26526e-06
2.0486e-05
-3.93219e-06
1.99062e-05
-6.87125e-06
1.88318e-05
-1.0122e-05
1.70841e-05
-1.37924e-05
1.44172e-05
-1.81331e-05
1.05778e-05
-2.37812e-05
5.66892e-06
-3.29087e-05
-4.99469e-05
2.93689e-05
4.41427e-06
3.01042e-05
2.66475e-06
3.05794e-05
6.94251e-07
3.0784e-05
-1.46985e-06
3.06753e-05
-3.82359e-06
3.01696e-05
-6.36553e-06
2.91021e-05
-9.05463e-06
2.72165e-05
-1.19068e-05
2.41015e-05
-1.50181e-05
1.92518e-05
-1.89316e-05
1.1854e-05
-2.55108e-05
-3.8093e-05
3.99577e-05
3.49896e-06
4.06603e-05
1.96216e-06
4.11747e-05
1.79913e-07
4.1488e-05
-1.78324e-06
4.15484e-05
-3.88394e-06
4.1258e-05
-6.07512e-06
4.0425e-05
-8.22168e-06
3.87494e-05
-1.02312e-05
3.56841e-05
-1.19529e-05
3.04897e-05
-1.37372e-05
2.06393e-05
-1.56605e-05
-1.74538e-05
5.14246e-05
2.88695e-06
5.19637e-05
1.42307e-06
5.24559e-05
-3.12352e-07
5.28798e-05
-2.20712e-06
5.31681e-05
-4.17223e-06
5.32115e-05
-6.1185e-06
5.2816e-05
-7.82621e-06
5.17113e-05
-9.12648e-06
4.93744e-05
-9.61603e-06
4.48725e-05
-9.23528e-06
3.45534e-05
-5.34137e-06
1.70995e-05
6.55541e-05
4.03617e-06
-6.92819e-05
6.49133e-05
1.8613e-06
6.36148e-05
1.3271e-06
6.29002e-05
1.11865e-06
6.26802e-05
1.58248e-06
6.27493e-05
2.39389e-06
6.29364e-05
3.31997e-06
6.31229e-05
4.17559e-06
6.32467e-05
4.78967e-06
6.32931e-05
5.0419e-06
6.33146e-05
4.77497e-06
4.05836e-06
6.3348e-05
8.40524e-05
3.1293e-06
-8.31456e-05
8.37501e-05
2.16357e-06
8.31114e-05
1.96573e-06
8.2275e-05
1.95503e-06
8.14478e-05
2.40965e-06
8.06465e-05
3.19518e-06
7.98413e-05
4.12516e-06
7.90039e-05
5.01299e-06
7.81355e-05
5.65804e-06
7.72764e-05
5.90098e-06
7.65314e-05
5.51999e-06
4.59659e-06
7.59932e-05
9.69691e-05
2.09456e-06
-9.59344e-05
9.73113e-05
1.82131e-06
9.72791e-05
1.99781e-06
9.68756e-05
2.35849e-06
9.61859e-05
3.09934e-06
9.52496e-05
4.13147e-06
9.40957e-05
5.27909e-06
9.27701e-05
6.33853e-06
9.13547e-05
7.07338e-06
8.99842e-05
7.27146e-06
8.8847e-05
6.65718e-06
5.27246e-06
8.81712e-05
0.000108735
-0.000108092
1.45105e-06
0.000109027
1.52984e-06
0.000108981
2.04382e-06
0.000108555
2.78413e-06
0.000107761
3.89283e-06
0.000106639
5.25391e-06
0.000105252
6.6665e-06
0.000103705
7.88472e-06
0.000102159
8.62002e-06
0.000100845
8.58555e-06
0.000100033
7.46903e-06
0.000100164
5.14083e-06
6.35583e-05
2.67743e-06
6.38956e-05
1.08659e-06
6.43827e-05
-7.98587e-07
6.49688e-05
-2.79243e-06
6.55559e-05
-4.75857e-06
6.60086e-05
-6.57048e-06
6.61485e-05
-7.96551e-06
6.57736e-05
-8.75115e-06
6.46639e-05
-8.50596e-06
6.25729e-05
-7.14398e-06
6.09457e-05
-3.7141e-06
8.76365e-06
6.92811e-05
7.59508e-05
2.71982e-06
7.62567e-05
7.80749e-07
7.69094e-05
-1.45132e-06
7.77933e-05
-3.6763e-06
7.87637e-05
-5.72894e-06
7.96394e-05
-7.4462e-06
8.02366e-05
-8.56276e-06
8.03681e-05
-8.88254e-06
7.99763e-05
-8.11422e-06
7.8956e-05
-6.12361e-06
7.86907e-05
-3.44875e-06
4.30903e-06
8.31453e-05
8.83892e-05
2.50187e-06
8.90842e-05
8.57735e-08
9.01984e-05
-2.56547e-06
9.15251e-05
-5.00299e-06
9.28801e-05
-7.08391e-06
9.40506e-05
-8.61668e-06
9.48649e-05
-9.37708e-06
9.51524e-05
-9.17008e-06
9.49359e-05
-7.89767e-06
9.42276e-05
-5.41529e-06
9.37603e-05
-2.98147e-06
2.13502e-06
9.59343e-05
0.000101537
1.1295e-06
0.000103066
-1.4436e-06
0.000104761
-4.26052e-06
0.000106403
-6.64443e-06
0.000107835
-8.51649e-06
0.000108889
-9.66999e-06
0.000109458
-9.94626e-06
0.000109454
-9.1664e-06
0.000108966
-7.40969e-06
0.000108175
-4.62402e-06
0.000107331
-2.13791e-06
0.000108092
1.37442e-06
6.55535e-05
4.03651e-06
6.49125e-05
1.86164e-06
6.36139e-05
1.32735e-06
6.28992e-05
1.11883e-06
6.26793e-05
1.58262e-06
6.27485e-05
2.39398e-06
6.29358e-05
3.32003e-06
6.31225e-05
4.17558e-06
6.32465e-05
4.78957e-06
6.32932e-05
5.04168e-06
6.33149e-05
4.77467e-06
4.05797e-06
6.33485e-05
8.4052e-05
3.12977e-06
8.37495e-05
2.16406e-06
8.31108e-05
1.96611e-06
8.22743e-05
1.95528e-06
8.14471e-05
2.40979e-06
8.06458e-05
3.1952e-06
7.98408e-05
4.12507e-06
7.90035e-05
5.01279e-06
7.81353e-05
5.65773e-06
7.72765e-05
5.90057e-06
7.65316e-05
5.51952e-06
4.59608e-06
7.59935e-05
9.69689e-05
2.09524e-06
9.73109e-05
1.82197e-06
9.72787e-05
1.99827e-06
9.68752e-05
2.35878e-06
9.61855e-05
3.09946e-06
9.52493e-05
4.13142e-06
9.40954e-05
5.2789e-06
9.277e-05
6.33821e-06
9.13547e-05
7.07294e-06
8.99844e-05
7.27093e-06
8.88473e-05
6.65658e-06
5.27185e-06
8.81715e-05
0.000108735
1.45196e-06
0.000109027
1.53061e-06
0.00010898
2.04432e-06
0.000108555
2.78439e-06
0.000107761
3.89289e-06
0.000106639
5.25379e-06
0.000105252
6.66623e-06
0.000103705
7.88431e-06
0.000102159
8.6195e-06
0.000100845
8.58493e-06
0.000100033
7.46835e-06
0.000100165
5.14019e-06
6.35589e-05
2.67702e-06
6.38962e-05
1.08618e-06
6.43833e-05
-7.98998e-07
6.49694e-05
-2.79284e-06
6.55565e-05
-4.75897e-06
6.60091e-05
-6.57088e-06
6.6149e-05
-7.96594e-06
6.57741e-05
-8.75161e-06
6.46644e-05
-8.50649e-06
6.25734e-05
-7.14458e-06
6.09462e-05
-3.71471e-06
8.76301e-06
6.92818e-05
7.59513e-05
2.71933e-06
7.62572e-05
7.80319e-07
7.69099e-05
-1.45171e-06
7.77937e-05
-3.67667e-06
7.87641e-05
-5.7293e-06
7.96398e-05
-7.44657e-06
8.0237e-05
-8.56317e-06
8.03684e-05
-8.88301e-06
7.99767e-05
-8.11477e-06
7.89565e-05
-6.12428e-06
7.86912e-05
-3.44945e-06
4.30829e-06
8.31459e-05
8.83896e-05
2.50135e-06
8.90846e-05
8.53795e-08
9.01987e-05
-2.56581e-06
9.15254e-05
-5.0033e-06
9.28803e-05
-7.08422e-06
9.40508e-05
-8.61702e-06
9.48652e-05
-9.3775e-06
9.51527e-05
-9.17059e-06
9.49363e-05
-7.89829e-06
9.42281e-05
-5.41604e-06
9.37609e-05
-2.98229e-06
2.13416e-06
9.59351e-05
0.000101537
1.12907e-06
0.000103066
-1.4439e-06
0.000104761
-4.26076e-06
0.000106403
-6.64468e-06
0.000107835
-8.5168e-06
0.000108889
-9.67037e-06
0.000109458
-9.94674e-06
0.000109454
-9.167e-06
0.000108967
-7.41041e-06
0.000108175
-4.62489e-06
0.000107332
-2.13885e-06
0.000108093
1.37346e-06
6.55541e-05
4.03582e-06
6.49135e-05
1.86138e-06
6.36154e-05
1.32735e-06
6.29011e-05
1.11888e-06
6.26814e-05
1.58258e-06
6.27508e-05
2.39378e-06
6.29381e-05
3.31965e-06
6.31246e-05
4.17509e-06
6.32483e-05
4.78905e-06
6.32947e-05
5.04122e-06
6.3316e-05
4.77429e-06
4.05772e-06
6.33493e-05
8.40527e-05
3.12902e-06
8.37504e-05
2.16358e-06
8.31119e-05
1.96579e-06
8.22757e-05
1.95501e-06
8.14488e-05
2.40947e-06
8.06477e-05
3.19482e-06
7.98427e-05
4.12464e-06
7.90054e-05
5.01237e-06
7.81371e-05
5.65741e-06
7.72779e-05
5.90038e-06
7.65327e-05
5.51944e-06
4.59613e-06
7.59943e-05
9.69696e-05
2.09441e-06
9.73118e-05
1.82135e-06
9.72797e-05
1.99778e-06
9.68764e-05
2.35831e-06
9.61869e-05
3.09897e-06
9.52507e-05
4.13091e-06
9.40969e-05
5.27841e-06
9.27714e-05
6.33785e-06
9.1356e-05
7.07279e-06
8.99854e-05
7.27099e-06
8.8848e-05
6.65681e-06
5.27218e-06
8.8172e-05
0.000108736
1.45109e-06
0.000109027
1.52992e-06
0.000108981
2.04375e-06
0.000108556
2.78383e-06
0.000107762
3.89233e-06
0.00010664
5.25325e-06
0.000105253
6.6658e-06
0.000103706
7.8841e-06
0.00010216
8.61959e-06
0.000100845
8.58529e-06
0.000100033
7.46888e-06
0.000100165
5.1407e-06
6.35595e-05
2.67685e-06
6.38966e-05
1.0861e-06
6.43836e-05
-7.98956e-07
6.49696e-05
-2.79266e-06
6.55566e-05
-4.75864e-06
6.60091e-05
-6.57038e-06
6.6149e-05
-7.96523e-06
6.5774e-05
-8.75065e-06
6.46642e-05
-8.50529e-06
6.25732e-05
-7.14328e-06
6.0946e-05
-3.71333e-06
8.76438e-06
6.92816e-05
7.59518e-05
2.71938e-06
7.62575e-05
7.80398e-07
7.69101e-05
-1.45156e-06
7.77939e-05
-3.6764e-06
7.87642e-05
-5.72889e-06
7.96398e-05
-7.44598e-06
8.02369e-05
-8.56234e-06
8.03682e-05
-8.88193e-06
7.99763e-05
-8.11345e-06
7.8956e-05
-6.12289e-06
7.86907e-05
-3.44802e-06
4.3097e-06
8.31454e-05
8.83899e-05
2.50155e-06
8.90848e-05
8.55338e-08
9.01988e-05
-2.56559e-06
9.15254e-05
-5.00296e-06
9.28802e-05
-7.0837e-06
9.40506e-05
-8.61628e-06
9.48647e-05
-9.37649e-06
9.51521e-05
-9.16932e-06
9.49355e-05
-7.8968e-06
9.42272e-05
-5.41455e-06
9.376e-05
-2.98082e-06
2.13558e-06
9.59341e-05
0.000101537
1.12923e-06
0.000103066
-1.44373e-06
0.000104761
-4.26049e-06
0.000106402
-6.64422e-06
0.000107835
-8.51611e-06
0.000108888
-9.66943e-06
0.000109457
-9.94552e-06
0.000109453
-9.16554e-06
0.000108965
-7.40881e-06
0.000108174
-4.62333e-06
0.000107331
-2.13739e-06
0.000108091
1.37485e-06
6.55536e-05
4.03689e-06
6.49127e-05
1.86211e-06
6.36142e-05
1.32785e-06
6.28997e-05
1.1193e-06
6.26798e-05
1.58297e-06
6.27491e-05
2.39417e-06
6.29364e-05
3.32003e-06
6.31231e-05
4.17542e-06
6.32471e-05
4.78927e-06
6.32937e-05
5.0413e-06
6.33153e-05
4.77424e-06
4.05752e-06
6.33489e-05
8.4052e-05
3.13026e-06
8.37495e-05
2.16458e-06
8.31107e-05
1.96662e-06
8.22742e-05
1.95572e-06
8.14471e-05
2.4101e-06
8.06459e-05
3.19536e-06
7.98408e-05
4.12506e-06
7.90036e-05
5.01261e-06
7.81355e-05
5.65743e-06
7.72766e-05
5.90016e-06
7.65318e-05
5.51904e-06
4.59556e-06
7.59938e-05
9.69686e-05
2.09573e-06
9.73107e-05
1.82251e-06
9.72784e-05
1.9988e-06
9.68749e-05
2.35924e-06
9.61852e-05
3.09979e-06
9.52489e-05
4.13159e-06
9.40951e-05
5.27888e-06
9.27697e-05
6.338e-06
9.13545e-05
7.07258e-06
8.99842e-05
7.27043e-06
8.88473e-05
6.656e-06
5.27119e-06
8.81716e-05
0.000108735
1.45242e-06
0.000109026
1.53113e-06
0.00010898
2.04485e-06
0.000108554
2.78486e-06
0.000107761
3.89323e-06
0.000106639
5.25395e-06
0.000105251
6.66618e-06
0.000103705
7.88404e-06
0.000102159
8.61904e-06
0.000100845
8.58431e-06
0.000100033
7.46763e-06
0.000100165
5.1394e-06
6.35594e-05
2.67656e-06
6.38967e-05
1.08573e-06
6.43838e-05
-7.99425e-07
6.497e-05
-2.79322e-06
6.5557e-05
-4.75928e-06
6.60096e-05
-6.57108e-06
6.61494e-05
-7.96599e-06
6.57744e-05
-8.75147e-06
6.46645e-05
-8.50615e-06
6.25734e-05
-7.14413e-06
6.09461e-05
-3.71409e-06
8.76377e-06
7.59516e-05
2.71877e-06
7.62576e-05
7.79785e-07
7.69104e-05
-1.4522e-06
7.77942e-05
-3.67706e-06
7.87645e-05
-5.72957e-06
7.96402e-05
-7.44669e-06
8.02373e-05
-8.56308e-06
8.03685e-05
-8.8827e-06
7.99766e-05
-8.11424e-06
7.89562e-05
-6.12366e-06
7.86908e-05
-3.44873e-06
4.30899e-06
8.83898e-05
2.50065e-06
8.90849e-05
8.47494e-08
9.01991e-05
-2.56633e-06
9.15257e-05
-5.00367e-06
9.28806e-05
-7.0844e-06
9.40509e-05
-8.61698e-06
9.48651e-05
-9.37722e-06
9.51524e-05
-9.17006e-06
9.49358e-05
-7.89754e-06
9.42274e-05
-5.41524e-06
9.37601e-05
-2.98149e-06
2.13477e-06
0.000101537
1.12827e-06
0.000103067
-1.44454e-06
0.000104762
-4.26121e-06
0.000106403
-6.64492e-06
0.000107835
-8.51679e-06
0.000108888
-9.67011e-06
0.000109457
-9.94622e-06
0.000109454
-9.16625e-06
0.000108966
-7.40949e-06
0.000108174
-4.62397e-06
0.000107331
-2.13805e-06
1.37387e-06
-4.02205e-05
1.32927e-06
4.03422e-05
-4.05772e-05
1.88647e-06
-4.13242e-05
2.79078e-06
-4.24645e-05
3.92439e-06
-4.39131e-05
5.34135e-06
-4.55263e-05
6.86705e-06
-4.71155e-05
8.2557e-06
-4.84477e-05
9.21686e-06
-4.92615e-05
9.43385e-06
-4.92905e-05
8.61453e-06
-4.83161e-05
6.49452e-06
2.98468e-06
-4.616e-05
-3.58784e-05
1.71322e-06
3.54944e-05
-3.67012e-05
2.70919e-06
-3.7886e-05
3.97563e-06
-3.93884e-05
5.42673e-06
-4.10636e-05
7.01648e-06
-4.27111e-05
8.51454e-06
-4.40904e-05
9.63498e-06
-4.49399e-05
1.00663e-05
-4.50295e-05
9.52349e-06
-4.42171e-05
7.80203e-06
-4.24474e-05
4.72476e-06
2.08905e-07
-3.96715e-05
-3.17457e-05
2.40179e-06
3.10571e-05
-3.28067e-05
3.77009e-06
-3.41652e-05
5.33415e-06
-3.57395e-05
7.00093e-06
-3.73584e-05
8.63538e-06
-3.88007e-05
9.95677e-06
-3.98181e-05
1.06524e-05
-4.01746e-05
1.04228e-05
-3.97093e-05
9.05808e-06
-3.84181e-05
6.51085e-06
-3.64608e-05
2.76741e-06
-2.39441e-06
-3.38576e-05
-2.76788e-05
2.68763e-05
3.20426e-06
-2.87734e-05
4.86464e-06
-3.00849e-05
6.64568e-06
-3.15108e-05
8.42677e-06
-3.28746e-05
9.9991e-06
-3.39546e-05
1.10368e-05
-3.45063e-05
1.12041e-05
-3.43032e-05
1.02197e-05
-3.32004e-05
7.95521e-06
-3.12541e-05
4.56455e-06
-2.88007e-05
3.13983e-07
-2.79685e-05
-3.22657e-06
-4.31059e-05
-1.92447e-06
-4.11717e-05
-3.37779e-06
-3.9572e-05
-5.86012e-06
-3.83595e-05
-7.85697e-06
-3.76205e-05
-9.25546e-06
-3.73947e-05
-9.89572e-06
-3.76711e-05
-9.66981e-06
-3.83556e-05
-8.48195e-06
-3.92879e-05
-6.4774e-06
-4.01076e-05
-3.80424e-06
-4.07313e-05
-1.51428e-06
9.85371e-07
-4.03422e-05
-3.58578e-05
-5.73815e-06
-3.39752e-05
-5.26038e-06
-3.27553e-05
-7.08006e-06
-3.19767e-05
-8.63557e-06
-3.16895e-05
-9.54267e-06
-3.18753e-05
-9.70994e-06
-3.24661e-05
-9.07896e-06
-3.33173e-05
-7.63077e-06
-3.4243e-05
-5.55169e-06
-3.49676e-05
-3.07962e-06
-3.54746e-05
-1.00728e-06
1.00512e-06
-3.54944e-05
-2.95264e-05
-1.00692e-05
-2.80038e-05
-6.78294e-06
-2.72649e-05
-7.81894e-06
-2.68781e-05
-9.02236e-06
-2.68822e-05
-9.53864e-06
-2.72583e-05
-9.33383e-06
-2.79314e-05
-8.40584e-06
-2.87617e-05
-6.80042e-06
-2.95891e-05
-4.72425e-06
-3.02339e-05
-2.43485e-06
-3.07377e-05
-5.03453e-07
1.32435e-06
-3.1057e-05
-2.31376e-05
-1.49001e-05
-2.25678e-05
-7.35274e-06
-2.24843e-05
-7.90246e-06
-2.24975e-05
-9.00918e-06
-2.27142e-05
-9.32192e-06
-2.31742e-05
-8.8739e-06
-2.38313e-05
-7.74875e-06
-2.45778e-05
-6.05389e-06
-2.52948e-05
-4.00723e-06
-2.58763e-05
-1.8534e-06
-2.63916e-05
1.18727e-08
-2.68761e-05
1.80887e-06
-4.02206e-05
1.33031e-06
-4.05772e-05
1.88718e-06
-4.13241e-05
2.7912e-06
-4.24643e-05
3.92457e-06
-4.39128e-05
5.34134e-06
-4.55259e-05
6.86688e-06
-4.71151e-05
8.25539e-06
-4.84473e-05
9.21643e-06
-4.92611e-05
9.4333e-06
-4.92901e-05
8.6139e-06
-4.83157e-05
6.49389e-06
2.98417e-06
-4.61597e-05
-3.58783e-05
1.71429e-06
-3.6701e-05
2.70976e-06
-3.78857e-05
3.9759e-06
-3.9388e-05
5.4268e-06
-4.10631e-05
7.01641e-06
-4.27106e-05
8.51435e-06
-4.40899e-05
9.63469e-06
-4.49394e-05
1.00659e-05
-4.50291e-05
9.52298e-06
-4.42167e-05
7.80144e-06
-4.2447e-05
4.72418e-06
2.08514e-07
-3.96713e-05
-3.17455e-05
2.40282e-06
-3.28063e-05
3.7705e-06
-3.41647e-05
5.33428e-06
-3.57388e-05
7.00091e-06
-3.73577e-05
8.63528e-06
-3.88e-05
9.95661e-06
-3.98175e-05
1.06522e-05
-4.01742e-05
1.04225e-05
-3.97089e-05
9.05765e-06
-3.84178e-05
6.5103e-06
-3.64604e-05
2.76685e-06
-2.39477e-06
-3.38573e-05
-2.76785e-05
3.2052e-06
-2.87729e-05
4.86487e-06
-3.00843e-05
6.64566e-06
-3.15101e-05
8.42667e-06
-3.28738e-05
9.999e-06
-3.39539e-05
1.10367e-05
-3.45057e-05
1.12039e-05
-3.43028e-05
1.02195e-05
-3.32e-05
7.95488e-06
-3.12538e-05
4.56404e-06
-2.88004e-05
3.13372e-07
-2.79681e-05
-3.22705e-06
-4.31058e-05
-1.92469e-06
-4.11716e-05
-3.37801e-06
-3.9572e-05
-5.86036e-06
-3.83594e-05
-7.85729e-06
-3.76203e-05
-9.25586e-06
-3.73944e-05
-9.89621e-06
-3.76707e-05
-9.67041e-06
-3.8355e-05
-8.48267e-06
-3.92872e-05
-6.47822e-06
-4.01069e-05
-3.80517e-06
-4.07305e-05
-1.51527e-06
9.84407e-07
-4.03414e-05
-3.58578e-05
-5.73817e-06
-3.39752e-05
-5.26056e-06
-3.27552e-05
-7.08036e-06
-3.19765e-05
-8.63599e-06
-3.16891e-05
-9.54319e-06
-3.18748e-05
-9.71056e-06
-3.24655e-05
-9.07968e-06
-3.33166e-05
-7.63157e-06
-3.42422e-05
-5.55258e-06
-3.49668e-05
-3.08057e-06
-3.54738e-05
-1.00824e-06
1.00421e-06
-3.54937e-05
-2.95263e-05
-1.00691e-05
-2.80037e-05
-6.7831e-06
-2.72647e-05
-7.81931e-06
-2.68778e-05
-9.02288e-06
-2.68817e-05
-9.53928e-06
-2.72577e-05
-9.33457e-06
-2.79307e-05
-8.40665e-06
-2.8761e-05
-6.80128e-06
-2.95884e-05
-4.72515e-06
-3.02332e-05
-2.43577e-06
-3.07371e-05
-5.04353e-07
1.32354e-06
-3.10565e-05
-2.31375e-05
-1.48997e-05
-2.25676e-05
-7.35292e-06
-2.24841e-05
-7.90291e-06
-2.24972e-05
-9.0098e-06
-2.27138e-05
-9.32267e-06
-2.31736e-05
-8.87473e-06
-2.38307e-05
-7.74962e-06
-2.45772e-05
-6.05478e-06
-2.52942e-05
-4.00811e-06
-2.58757e-05
-1.85426e-06
-2.63912e-05
1.10764e-08
-2.68758e-05
1.80817e-06
-4.02198e-05
1.32945e-06
-4.05764e-05
1.88648e-06
-4.13234e-05
2.7906e-06
-4.24636e-05
3.92402e-06
-4.39122e-05
5.34085e-06
-4.55255e-05
6.8665e-06
-4.71149e-05
8.25521e-06
-4.84474e-05
9.21655e-06
-4.92616e-05
9.43376e-06
-4.92909e-05
8.61457e-06
-4.83166e-05
6.49458e-06
2.98464e-06
-4.61607e-05
-3.58777e-05
1.71349e-06
-3.67004e-05
2.70912e-06
-3.78852e-05
3.97537e-06
-3.93877e-05
5.42638e-06
-4.1063e-05
7.01613e-06
-4.27108e-05
8.51426e-06
-4.40905e-05
9.63488e-06
-4.49404e-05
1.00664e-05
-4.50304e-05
9.52378e-06
-4.42182e-05
7.80236e-06
-4.24487e-05
4.72499e-06
2.08899e-07
-3.96729e-05
-3.17451e-05
2.40213e-06
-3.2806e-05
3.76997e-06
-3.41646e-05
5.3339e-06
-3.5739e-05
7.0007e-06
-3.73582e-05
8.63528e-06
-3.88008e-05
9.95687e-06
-3.98187e-05
1.06527e-05
-4.01757e-05
1.04234e-05
-3.97107e-05
9.05875e-06
-3.84198e-05
6.51143e-06
-3.64625e-05
2.76774e-06
-2.39446e-06
-3.38593e-05
-2.76784e-05
3.20465e-06
-2.87729e-05
4.86449e-06
-3.00845e-05
6.64548e-06
-3.15106e-05
8.4267e-06
-3.28746e-05
9.9993e-06
-3.39551e-05
1.10373e-05
-3.45072e-05
1.12049e-05
-3.43046e-05
1.02207e-05
-3.3202e-05
7.95619e-06
-3.12558e-05
4.56527e-06
-2.88025e-05
3.14326e-07
-2.79703e-05
-3.22657e-06
-4.31066e-05
-1.92474e-06
-4.11725e-05
-3.37781e-06
-3.9573e-05
-5.85995e-06
-3.83605e-05
-7.85667e-06
-3.76216e-05
-9.25503e-06
-3.73958e-05
-9.89515e-06
-3.76722e-05
-9.66912e-06
-3.83565e-05
-8.48118e-06
-3.92887e-05
-6.47665e-06
-4.01083e-05
-3.80367e-06
-4.07319e-05
-1.51387e-06
9.85739e-07
-4.03428e-05
-3.58591e-05
-5.73853e-06
-3.39765e-05
-5.26035e-06
-3.27566e-05
-7.07982e-06
-3.1978e-05
-8.63526e-06
-3.16908e-05
-9.54229e-06
-3.18765e-05
-9.70947e-06
-3.24672e-05
-9.0784e-06
-3.33182e-05
-7.63015e-06
-3.42437e-05
-5.55111e-06
-3.49682e-05
-3.07918e-06
-3.54751e-05
-1.00695e-06
1.00543e-06
-3.54948e-05
-2.95279e-05
-1.00699e-05
-2.80053e-05
-6.78292e-06
-2.72664e-05
-7.81868e-06
-2.68796e-05
-9.0221e-06
-2.68835e-05
-9.53836e-06
-2.72594e-05
-9.33352e-06
-2.79324e-05
-8.40545e-06
-2.87625e-05
-6.79998e-06
-2.95898e-05
-4.72382e-06
-3.02345e-05
-2.43452e-06
-3.07382e-05
-5.03207e-07
1.32458e-06
-3.10574e-05
-2.3139e-05
-1.49011e-05
-2.25692e-05
-7.35271e-06
-2.24857e-05
-7.90221e-06
-2.24989e-05
-9.00898e-06
-2.27155e-05
-9.32177e-06
-2.31752e-05
-8.87375e-06
-2.38322e-05
-7.74854e-06
-2.45785e-05
-6.05363e-06
-2.52954e-05
-4.00696e-06
-2.58767e-05
-1.85319e-06
-2.63919e-05
1.20264e-08
-2.68764e-05
1.80899e-06
-4.02211e-05
1.33073e-06
-4.05776e-05
1.88764e-06
-4.13245e-05
2.79166e-06
-4.24646e-05
3.92496e-06
-4.3913e-05
5.3416e-06
-4.5526e-05
6.86695e-06
-4.71152e-05
8.25526e-06
-4.84472e-05
9.21608e-06
-4.9261e-05
9.43277e-06
-4.929e-05
8.61325e-06
-4.83155e-05
6.49316e-06
2.98342e-06
-4.61596e-05
-3.58787e-05
1.71462e-06
-3.67012e-05
2.71011e-06
-3.78858e-05
3.97623e-06
-3.9388e-05
5.42706e-06
-4.1063e-05
7.01655e-06
-4.27104e-05
8.51431e-06
-4.40896e-05
9.63448e-06
-4.49391e-05
1.00655e-05
-4.50288e-05
9.52248e-06
-4.42164e-05
7.80088e-06
-4.24469e-05
4.72357e-06
2.07903e-07
-3.96713e-05
-3.17458e-05
2.40304e-06
-3.28064e-05
3.7707e-06
-3.41647e-05
5.33446e-06
-3.57386e-05
7.00103e-06
-3.73574e-05
8.63529e-06
-3.87996e-05
9.95648e-06
-3.98171e-05
1.06519e-05
-4.01737e-05
1.04221e-05
-3.97085e-05
9.05725e-06
-3.84176e-05
6.50989e-06
-3.64604e-05
2.76643e-06
-2.39518e-06
-3.38575e-05
-2.76786e-05
3.2053e-06
-2.87729e-05
4.86492e-06
-3.00841e-05
6.64567e-06
-3.15097e-05
8.42664e-06
-3.28733e-05
9.99889e-06
-3.39534e-05
1.10365e-05
-3.45052e-05
1.12037e-05
-3.43023e-05
1.02192e-05
-3.31997e-05
7.95462e-06
-3.12536e-05
4.56383e-06
-2.88005e-05
3.13209e-07
-2.79684e-05
-3.22722e-06
-4.31058e-05
-1.92538e-06
-4.11718e-05
-3.37846e-06
-3.95724e-05
-5.86058e-06
-3.836e-05
-7.85729e-06
-3.76211e-05
-9.25564e-06
-3.73954e-05
-9.89576e-06
-3.76719e-05
-9.66974e-06
-3.83563e-05
-8.48182e-06
-3.92885e-05
-6.47729e-06
-4.01081e-05
-3.80431e-06
-4.07315e-05
-1.51463e-06
9.84552e-07
-3.5858e-05
-5.73867e-06
-3.39757e-05
-5.26076e-06
-3.27559e-05
-7.08032e-06
-3.19775e-05
-8.63575e-06
-3.16903e-05
-9.54277e-06
-3.18761e-05
-9.70996e-06
-3.24669e-05
-9.07893e-06
-3.3318e-05
-7.63072e-06
-3.42436e-05
-5.55171e-06
-3.4968e-05
-3.07985e-06
-3.54748e-05
-1.00781e-06
1.0041e-06
-2.95267e-05
-1.00694e-05
-2.80044e-05
-6.78303e-06
-2.72657e-05
-7.81901e-06
-2.6879e-05
-9.02244e-06
-2.6883e-05
-9.53869e-06
-2.72591e-05
-9.33386e-06
-2.79322e-05
-8.40586e-06
-2.87624e-05
-6.80047e-06
-2.95897e-05
-4.7244e-06
-3.02343e-05
-2.43522e-06
-3.0738e-05
-5.04154e-07
1.3232e-06
-2.31379e-05
-1.48998e-05
-2.25684e-05
-7.35259e-06
-2.2485e-05
-7.90239e-06
-2.24983e-05
-9.00918e-06
-2.27151e-05
-9.32195e-06
-2.3175e-05
-8.87396e-06
-2.3832e-05
-7.74883e-06
-2.45784e-05
-6.05404e-06
-2.52953e-05
-4.0075e-06
-2.58767e-05
-1.8539e-06
-2.63919e-05
1.10529e-08
1.80763e-06
-2.36413e-05
3.97248e-06
2.2873e-05
-2.46131e-05
5.83639e-06
-2.5714e-05
7.74659e-06
-2.68343e-05
9.54701e-06
-2.78019e-05
1.09666e-05
-2.8398e-05
1.16329e-05
-2.83667e-05
1.11727e-05
-2.74219e-05
9.27492e-06
-2.52366e-05
5.76995e-06
-2.13495e-05
6.77377e-07
-1.4568e-05
-6.46746e-06
-1.77946e-05
-1.96653e-05
4.60263e-06
1.90351e-05
-2.04097e-05
6.58079e-06
-2.11966e-05
8.53349e-06
-2.19193e-05
1.02697e-05
-2.24189e-05
1.14662e-05
-2.24883e-05
1.17023e-05
-2.18674e-05
1.05519e-05
-2.02324e-05
7.63998e-06
-1.71679e-05
2.70543e-06
-1.20557e-05
-4.43476e-06
-5.12911e-06
-1.3394e-05
-2.29236e-05
-1.58132e-05
5.03189e-06
1.53839e-05
-1.62732e-05
7.04083e-06
-1.66986e-05
8.95879e-06
-1.69953e-05
1.05664e-05
-1.70299e-05
1.15008e-05
-1.663e-05
1.13025e-05
-1.55781e-05
9.49992e-06
-1.3616e-05
5.67791e-06
-1.05313e-05
-3.79222e-07
-6.37927e-06
-8.58676e-06
-2.1403e-06
-1.76329e-05
-2.50638e-05
-1.21525e-05
5.23051e-06
1.19538e-05
-1.23091e-05
7.19742e-06
-1.23687e-05
9.01838e-06
-1.22593e-05
1.04569e-05
-1.18863e-05
1.11278e-05
-1.11372e-05
1.05534e-05
-9.88232e-06
8.24506e-06
-8.00636e-06
3.80199e-06
-5.57151e-06
-2.81403e-06
-2.98178e-06
-1.11764e-05
-8.75445e-07
-1.97392e-05
-2.59392e-05
-8.74349e-06
5.19229e-06
8.78169e-06
-8.60311e-06
7.05703e-06
-8.31999e-06
8.73526e-06
-7.85046e-06
9.98739e-06
-7.14863e-06
1.0426e-05
-6.17622e-06
9.58104e-06
-4.90883e-06
6.97769e-06
-3.36988e-06
2.26307e-06
-1.77235e-06
-4.41153e-06
-4.61072e-07
-1.24877e-05
3.61111e-07
-2.05613e-05
-2.5578e-05
-5.63289e-06
4.92725e-06
5.89791e-06
-5.21681e-06
6.64094e-06
-4.62634e-06
8.14478e-06
-3.8496e-06
9.21065e-06
-2.89173e-06
9.46815e-06
-1.79025e-06
8.47957e-06
-6.15916e-07
5.80338e-06
5.15689e-07
1.13149e-06
1.34234e-06
-5.23816e-06
1.6526e-06
-1.27979e-05
1.41413e-06
-2.03227e-05
-2.41638e-05
-2.8508e-06
4.4559e-06
3.32214e-06
-2.1876e-06
5.97773e-06
-1.32767e-06
7.28487e-06
-2.91052e-07
8.17403e-06
8.69684e-07
8.30745e-06
2.04921e-06
7.30006e-06
3.10276e-06
4.74987e-06
3.86548e-06
3.6879e-07
4.05732e-06
-5.42996e-06
3.55029e-06
-1.22909e-05
2.41047e-06
-1.91829e-05
-2.17533e-05
-4.09737e-07
3.80474e-06
1.06088e-06
4.69626e-07
5.09837e-06
1.56402e-06
6.19047e-06
2.82366e-06
6.91442e-06
4.15689e-06
6.97422e-06
5.40215e-06
6.05484e-06
6.35772e-06
3.7943e-06
6.83303e-06
-1.06492e-07
6.51804e-06
-5.11497e-06
5.29629e-06
-1.10691e-05
3.26785e-06
-1.71544e-05
-1.84854e-05
1.69673e-06
3.00288e-06
-8.94861e-07
2.76245e-06
4.03259e-06
4.06181e-06
4.89118e-06
5.52009e-06
5.45604e-06
7.01569e-06
5.47877e-06
8.33988e-06
4.73052e-06
9.24534e-06
2.88901e-06
9.52394e-06
-3.85168e-07
8.80198e-06
-4.3929e-06
6.92096e-06
-9.18803e-06
4.00319e-06
-1.42366e-05
-1.44821e-05
3.49983e-06
2.07903e-06
-2.57603e-06
4.72592e-06
2.80649e-06
6.20766e-06
3.40943e-06
7.85277e-06
3.81091e-06
9.51584e-06
3.81571e-06
1.09467e-05
3.29966e-06
1.18536e-05
1.98219e-06
1.20159e-05
-5.47491e-07
1.09499e-05
-3.32677e-06
8.42729e-06
-6.66539e-06
4.58157e-06
-1.03909e-05
-9.9006e-06
5.08609e-06
1.06134e-06
-4.0685e-06
6.44914e-06
1.44339e-06
8.09659e-06
1.76196e-06
9.92614e-06
1.98131e-06
1.1766e-05
1.97588e-06
1.33431e-05
1.72253e-06
1.42897e-05
1.03571e-06
1.43645e-05
-6.22306e-07
1.29361e-05
-1.89826e-06
9.7776e-06
-3.50679e-06
5.05478e-06
-5.66804e-06
-4.84584e-06
6.62042e-06
-5.55912e-06
8.06381e-06
9.82576e-06
1.18071e-05
1.37829e-05
1.55055e-05
1.65412e-05
1.59189e-05
1.40207e-05
1.05139e-05
4.84584e-06
-1.47071e-05
-1.93102e-07
-1.73741e-05
-4.68573e-06
-1.81561e-05
-7.12048e-06
-1.85877e-05
-8.57759e-06
-1.89762e-05
-8.93344e-06
-1.9471e-05
-8.37916e-06
-2.00757e-05
-7.144e-06
-2.07233e-05
-5.40631e-06
-2.13346e-05
-3.39593e-06
-2.18522e-05
-1.33578e-06
-2.23478e-05
5.07425e-07
2.33389e-06
-2.28728e-05
-9.50844e-06
9.31528e-06
-1.30778e-05
-1.11636e-06
-1.43548e-05
-5.84355e-06
-1.50645e-05
-7.86796e-06
-1.5575e-05
-8.42292e-06
-1.60783e-05
-7.8759e-06
-1.66217e-05
-6.60058e-06
-1.71729e-05
-4.85515e-06
-1.76847e-05
-2.88417e-06
-1.81288e-05
-8.91643e-07
-1.85649e-05
9.43451e-07
2.80389e-06
-1.90349e-05
-6.53699e-06
1.58522e-05
-9.61542e-06
1.96203e-06
-1.10466e-05
-4.41245e-06
-1.18807e-05
-7.03381e-06
-1.24587e-05
-7.845e-06
-1.29578e-05
-7.37682e-06
-1.34449e-05
-6.11345e-06
-1.39107e-05
-4.38931e-06
-1.43298e-05
-2.46508e-06
-1.46893e-05
-5.32185e-07
-1.50321e-05
1.2863e-06
3.15534e-06
-1.53836e-05
-4.36299e-06
2.02151e-05
-6.76058e-06
4.35959e-06
-8.13141e-06
-3.04166e-06
-8.9812e-06
-6.18406e-06
-9.58695e-06
-7.23928e-06
-1.00829e-05
-6.88092e-06
-1.0528e-05
-5.66838e-06
-1.09251e-05
-3.99219e-06
-1.12613e-05
-2.12888e-06
-1.15296e-05
-2.63887e-07
-1.17571e-05
1.51376e-06
3.35176e-06
-1.19535e-05
-2.54174e-06
2.27569e-05
-4.27171e-06
6.08955e-06
-5.49288e-06
-1.82051e-06
-6.30596e-06
-5.37101e-06
-6.9251e-06
-6.62017e-06
-7.43206e-06
-6.37399e-06
-7.85649e-06
-5.24396e-06
-8.20542e-06
-3.64327e-06
-8.47245e-06
-1.86185e-06
-8.65126e-06
-8.5091e-08
-8.75481e-06
1.61729e-06
3.37829e-06
-8.78135e-06
-9.00575e-07
2.36574e-05
-1.99308e-06
7.18203e-06
-3.02739e-06
-7.86241e-07
-3.80069e-06
-4.59776e-06
-4.44664e-06
-5.97425e-06
-4.98625e-06
-5.83441e-06
-5.41704e-06
-4.81319e-06
-5.74166e-06
-3.31867e-06
-5.95716e-06
-1.64637e-06
-6.05589e-06
1.36344e-08
-6.03919e-06
1.60058e-06
3.23666e-06
-5.89757e-06
6.57253e-07
2.30003e-05
1.72526e-07
7.66678e-06
-6.62095e-07
4.83419e-08
-1.4177e-06
-3.84216e-06
-2.12164e-06
-5.27036e-06
-2.72639e-06
-5.22968e-06
-3.19576e-06
-4.34385e-06
-3.52325e-06
-2.99119e-06
-3.7083e-06
-1.46133e-06
-3.74226e-06
4.75756e-08
-3.6181e-06
1.47642e-06
2.94038e-06
-3.32183e-06
2.15524e-06
2.08451e-05
2.27159e-06
7.55037e-06
1.65002e-06
6.69906e-07
8.82182e-07
-3.0744e-06
7.99095e-08
-4.46812e-06
-6.31248e-07
-4.51857e-06
-1.17569e-06
-3.79943e-06
-1.53626e-06
-2.63065e-06
-1.71479e-06
-1.28281e-06
-1.70321e-06
3.59809e-08
-1.49031e-06
1.26351e-06
2.51065e-06
-1.0606e-06
3.57224e-06
1.72726e-05
4.32007e-06
6.80268e-06
3.93518e-06
1.05457e-06
3.12857e-06
-2.26765e-06
2.18844e-06
-3.52812e-06
1.32714e-06
-3.65721e-06
6.68147e-07
-3.14052e-06
2.41151e-07
-2.20364e-06
4.29722e-08
-1.08468e-06
7.86544e-08
3.12409e-10
3.57947e-07
9.84201e-07
1.97349e-06
8.95098e-07
4.96043e-06
1.2312e-05
6.3023e-06
5.46068e-06
6.2023e-06
1.15447e-06
5.3554e-06
-1.42077e-06
4.25374e-06
-2.42653e-06
3.20459e-06
-2.60808e-06
2.38723e-06
-2.3232e-06
1.85243e-06
-1.66886e-06
1.60328e-06
-8.35558e-07
1.64043e-06
-3.68428e-08
1.961e-06
6.6363e-07
1.35826e-06
2.57621e-06
6.02126e-06
6.29034e-06
8.17554e-06
3.30621e-06
8.45355e-06
8.76219e-07
7.63278e-06
-6.00038e-07
6.39506e-06
-1.18894e-06
5.14213e-06
-1.35519e-06
4.11123e-06
-1.29239e-06
3.40371e-06
-9.61381e-07
3.05652e-06
-4.88431e-07
3.06684e-06
-4.7168e-08
3.40351e-06
3.26944e-07
6.93126e-07
4.06861e-06
6.2903e-06
9.59645e-06
1.04727e-05
9.8726e-06
8.68365e-06
7.32843e-06
6.03604e-06
5.07465e-06
4.58621e-06
4.53904e-06
4.86598e-06
5.5591e-06
-2.3641e-05
3.97333e-06
-2.46126e-05
5.83647e-06
-2.57134e-05
7.74646e-06
-2.68336e-05
9.54686e-06
-2.78012e-05
1.09666e-05
-2.83974e-05
1.16329e-05
-2.83662e-05
1.11727e-05
-2.74216e-05
9.27486e-06
-2.52365e-05
5.76976e-06
-2.13494e-05
6.76988e-07
-1.45681e-05
-6.46803e-06
-1.77952e-05
-1.96649e-05
4.60338e-06
-2.04092e-05
6.58075e-06
-2.1196e-05
8.53326e-06
-2.19187e-05
1.02695e-05
-2.24183e-05
1.14661e-05
-2.24877e-05
1.17024e-05
-2.1867e-05
1.0552e-05
-2.02322e-05
7.64008e-06
-1.71678e-05
2.70542e-06
-1.20559e-05
-4.43498e-06
-5.12935e-06
-1.33946e-05
-2.29245e-05
-1.58128e-05
5.03258e-06
-1.62728e-05
7.04071e-06
-1.6698e-05
8.9585e-06
-1.69947e-05
1.05662e-05
-1.70293e-05
1.15007e-05
-1.66296e-05
1.13026e-05
-1.55777e-05
9.50017e-06
-1.36158e-05
5.67818e-06
-1.05313e-05
-3.7907e-07
-6.37943e-06
-8.58688e-06
-2.14048e-06
-1.76335e-05
-2.5065e-05
-1.21521e-05
5.23115e-06
-1.23087e-05
7.19727e-06
-1.23682e-05
9.01806e-06
-1.22588e-05
1.04567e-05
-1.18858e-05
1.11278e-05
-1.11368e-05
1.05536e-05
-9.88205e-06
8.24543e-06
-8.00623e-06
3.80238e-06
-5.57151e-06
-2.81377e-06
-2.98183e-06
-1.11765e-05
-8.75498e-07
-1.97398e-05
-2.59405e-05
-8.74312e-06
5.19292e-06
-8.60273e-06
7.05687e-06
-8.3196e-06
8.73494e-06
-7.85007e-06
9.98718e-06
-7.14827e-06
1.0426e-05
-6.17592e-06
9.58129e-06
-4.9086e-06
6.97813e-06
-3.36974e-06
2.26354e-06
-1.77228e-06
-4.41121e-06
-4.61004e-07
-1.24878e-05
3.61187e-07
-2.0562e-05
-2.55792e-05
-5.63254e-06
4.92788e-06
-5.21647e-06
6.6408e-06
-4.62602e-06
8.1445e-06
-3.84928e-06
9.21045e-06
-2.89144e-06
9.4682e-06
-1.78999e-06
8.47986e-06
-6.15703e-07
5.80386e-06
5.15866e-07
1.13199e-06
1.3425e-06
-5.23783e-06
1.65277e-06
-1.27981e-05
1.41428e-06
-2.03235e-05
-2.4165e-05
-2.85047e-06
4.45651e-06
-2.1873e-06
5.97762e-06
-1.32741e-06
7.2846e-06
-2.908e-07
8.17385e-06
8.69918e-07
8.30751e-06
2.04943e-06
7.30035e-06
3.10298e-06
4.75035e-06
3.86571e-06
3.69284e-07
4.05756e-06
-5.42966e-06
3.55054e-06
-1.2291e-05
2.41067e-06
-1.91836e-05
-2.17542e-05
-4.09433e-07
3.80533e-06
4.69898e-07
5.09829e-06
1.56425e-06
6.19026e-06
2.82386e-06
6.91426e-06
4.15709e-06
6.97429e-06
5.40236e-06
6.05511e-06
6.35795e-06
3.79475e-06
6.83331e-06
-1.06048e-07
6.51834e-06
-5.11471e-06
5.2966e-06
-1.10693e-05
3.26808e-06
-1.7155e-05
-1.84862e-05
1.69702e-06
3.0034e-06
2.76272e-06
4.03258e-06
4.06201e-06
4.89098e-06
5.52027e-06
5.45592e-06
7.01586e-06
5.4788e-06
8.34009e-06
4.73077e-06
9.2456e-06
2.88937e-06
9.52426e-06
-3.84771e-07
8.80233e-06
-4.39272e-06
6.92131e-06
-9.1882e-06
4.00343e-06
-1.42372e-05
-1.44827e-05
3.50012e-06
2.07947e-06
4.7262e-06
2.80651e-06
6.20786e-06
3.40927e-06
7.85293e-06
3.81082e-06
9.516e-06
3.81573e-06
1.09469e-05
3.29985e-06
1.18538e-05
1.98245e-06
1.20163e-05
-5.47195e-07
1.09503e-05
-3.32666e-06
8.42768e-06
-6.66554e-06
4.58179e-06
-1.03913e-05
-9.90091e-06
5.0864e-06
1.06166e-06
6.44945e-06
1.44343e-06
8.0968e-06
1.76184e-06
9.9263e-06
1.98123e-06
1.17662e-05
1.97586e-06
1.33433e-05
1.72262e-06
1.429e-05
1.03584e-06
1.43649e-05
-6.22148e-07
1.29366e-05
-1.89824e-06
9.778e-06
-3.50688e-06
5.05498e-06
-5.6683e-06
-4.84599e-06
6.62075e-06
8.06417e-06
9.82599e-06
1.18072e-05
1.37831e-05
1.55057e-05
1.65415e-05
1.59194e-05
1.40212e-05
1.05143e-05
4.84599e-06
-1.4707e-05
-1.92769e-07
-1.73739e-05
-4.68602e-06
-1.81559e-05
-7.12101e-06
-1.85874e-05
-8.57829e-06
-1.89758e-05
-8.93426e-06
-1.94705e-05
-8.38004e-06
-2.00752e-05
-7.1449e-06
-2.07228e-05
-5.40719e-06
-2.13341e-05
-3.39677e-06
-2.18518e-05
-1.33655e-06
-2.23475e-05
5.06747e-07
2.33334e-06
-2.28727e-05
-9.50833e-06
9.31546e-06
-1.30777e-05
-1.11673e-06
-1.43546e-05
-5.84415e-06
-1.50642e-05
-7.86871e-06
-1.55747e-05
-8.42378e-06
-1.60779e-05
-7.87681e-06
-1.66214e-05
-6.60148e-06
-1.71726e-05
-4.85599e-06
-1.76844e-05
-2.88493e-06
-1.81286e-05
-8.9231e-07
-1.85648e-05
9.42904e-07
2.80348e-06
-1.90349e-05
-6.53687e-06
1.58522e-05
-9.61525e-06
1.9616e-06
-1.10464e-05
-4.41308e-06
-1.18805e-05
-7.03459e-06
-1.24584e-05
-7.84587e-06
-1.29575e-05
-7.37773e-06
-1.34447e-05
-6.11433e-06
-1.39105e-05
-4.39011e-06
-1.43297e-05
-2.46577e-06
-1.46893e-05
-5.32746e-07
-1.50323e-05
1.28588e-06
3.15508e-06
-1.53839e-05
-4.3629e-06
2.0215e-05
-6.76046e-06
4.35913e-06
-8.13128e-06
-3.0423e-06
-8.98107e-06
-6.18483e-06
-9.58683e-06
-7.24013e-06
-1.00828e-05
-6.8818e-06
-1.05279e-05
-5.66921e-06
-1.09251e-05
-3.99292e-06
-1.12614e-05
-2.12948e-06
-1.15298e-05
-2.64344e-07
-1.17574e-05
1.51346e-06
3.35162e-06
-1.19539e-05
-2.54168e-06
2.27568e-05
-4.27164e-06
6.08908e-06
-5.49282e-06
-1.82113e-06
-6.30594e-06
-5.37174e-06
-6.92512e-06
-6.62097e-06
-7.43211e-06
-6.37482e-06
-7.8566e-06
-5.24474e-06
-8.20559e-06
-3.64393e-06
-8.47272e-06
-1.86236e-06
-8.65162e-06
-8.54499e-08
-8.75527e-06
1.61709e-06
3.37826e-06
-8.78191e-06
-9.00556e-07
2.36572e-05
-1.99308e-06
7.18158e-06
-3.02742e-06
-7.8681e-07
-3.80078e-06
-4.59842e-06
-4.4468e-06
-5.97499e-06
-4.98647e-06
-5.83517e-06
-5.41732e-06
-4.8139e-06
-5.74202e-06
-3.31925e-06
-5.9576e-06
-1.64679e-06
-6.05642e-06
1.33627e-08
-6.03981e-06
1.60047e-06
3.23671e-06
-5.89827e-06
6.57229e-07
2.30001e-05
1.72457e-07
7.66638e-06
-6.62225e-07
4.78342e-08
-1.41791e-06
-3.84274e-06
-2.12193e-06
-5.271e-06
-2.72675e-06
-5.23036e-06
-3.1962e-06
-4.34448e-06
-3.52376e-06
-2.9917e-06
-3.70891e-06
-1.46167e-06
-3.74294e-06
4.73822e-08
-3.61885e-06
1.47637e-06
2.94049e-06
-3.32264e-06
2.15518e-06
2.08449e-05
2.27146e-06
7.55004e-06
1.6498e-06
6.69482e-07
8.81871e-07
-3.07487e-06
7.94975e-08
-4.46865e-06
-6.31748e-07
-4.51915e-06
-1.17628e-06
-3.79997e-06
-1.53692e-06
-2.63107e-06
-1.71553e-06
-1.28307e-06
-1.70402e-06
3.58522e-08
-1.49118e-06
1.26352e-06
2.51079e-06
-1.0615e-06
3.57215e-06
1.72724e-05
4.31989e-06
6.80245e-06
3.93489e-06
1.05422e-06
3.12818e-06
-2.26799e-06
2.18793e-06
-3.52854e-06
1.32652e-06
-3.65767e-06
6.67441e-07
-3.14097e-06
2.40361e-07
-2.20396e-06
4.21005e-08
-1.08487e-06
7.77266e-08
2.40941e-10
3.56991e-07
9.84247e-07
1.97365e-06
8.94132e-07
4.96032e-06
1.23119e-05
6.30208e-06
5.46054e-06
6.20197e-06
1.15421e-06
5.35494e-06
-1.42097e-06
4.25316e-06
-2.42682e-06
3.20389e-06
-2.60841e-06
2.38642e-06
-2.32355e-06
1.85154e-06
-1.66909e-06
1.60231e-06
-8.35671e-07
1.63941e-06
-3.6872e-08
1.95998e-06
6.63694e-07
1.35839e-06
2.57519e-06
6.02116e-06
6.29023e-06
8.17529e-06
3.30617e-06
8.45321e-06
8.7601e-07
7.6323e-06
-6.00099e-07
6.39445e-06
-1.18909e-06
5.14139e-06
-1.35537e-06
4.11035e-06
-1.29259e-06
3.40273e-06
-9.61498e-07
3.05546e-06
-4.88483e-07
3.06575e-06
-4.71702e-08
3.40244e-06
3.27e-07
6.93188e-07
4.06757e-06
6.29019e-06
9.5963e-06
1.04723e-05
9.87218e-06
8.68309e-06
7.3277e-06
6.03511e-06
5.07359e-06
4.58511e-06
4.53794e-06
4.86492e-06
5.55809e-06
-2.3641e-05
3.97294e-06
-2.46128e-05
5.83628e-06
-2.57139e-05
7.74649e-06
-2.68343e-05
9.54714e-06
-2.78022e-05
1.09671e-05
-2.83987e-05
1.16338e-05
-2.83678e-05
1.11739e-05
-2.74233e-05
9.2762e-06
-2.52382e-05
5.77108e-06
-2.13509e-05
6.78028e-07
-1.45691e-05
-6.46753e-06
-1.77956e-05
-1.96652e-05
4.60316e-06
-2.04097e-05
6.58073e-06
-2.11967e-05
8.5335e-06
-2.19196e-05
1.027e-05
-2.24194e-05
1.14669e-05
-2.2489e-05
1.17035e-05
-2.18684e-05
1.05533e-05
-2.02337e-05
7.64144e-06
-1.71691e-05
2.70656e-06
-1.20567e-05
-4.43437e-06
-5.12958e-06
-1.33946e-05
-2.29252e-05
-1.58132e-05
5.03251e-06
-1.62734e-05
7.04085e-06
-1.66988e-05
8.9589e-06
-1.69956e-05
1.05668e-05
-1.70304e-05
1.15017e-05
-1.66308e-05
1.13039e-05
-1.5579e-05
9.50154e-06
-1.3617e-05
5.67943e-06
-1.05322e-05
-3.78173e-07
-6.37989e-06
-8.58663e-06
-2.14057e-06
-1.76338e-05
-2.50656e-05
-1.21527e-05
5.23121e-06
-1.23094e-05
7.19753e-06
-1.2369e-05
9.01859e-06
-1.22597e-05
1.04575e-05
-1.18869e-05
1.11289e-05
-1.11378e-05
1.05549e-05
-9.88305e-06
8.24675e-06
-8.00707e-06
3.80347e-06
-5.57209e-06
-2.81311e-06
-2.98214e-06
-1.11765e-05
-8.7561e-07
-1.97403e-05
-2.59412e-05
-8.74378e-06
5.19306e-06
-8.60348e-06
7.05722e-06
-8.32044e-06
8.73554e-06
-7.85095e-06
9.988e-06
-7.14917e-06
1.04271e-05
-6.17677e-06
9.58248e-06
-4.90936e-06
6.97936e-06
-3.37032e-06
2.26445e-06
-1.77266e-06
-4.41073e-06
-4.61229e-07
-1.24879e-05
3.6107e-07
-2.05625e-05
-2.55799e-05
-5.6333e-06
4.92809e-06
-5.21728e-06
6.64119e-06
-4.62686e-06
8.14512e-06
-3.85011e-06
9.21125e-06
-2.89223e-06
9.46924e-06
-1.79067e-06
8.48093e-06
-6.16263e-07
5.80497e-06
5.1548e-07
1.13273e-06
1.34225e-06
-5.23748e-06
1.65261e-06
-1.27982e-05
1.41419e-06
-2.0324e-05
-2.41657e-05
-2.85132e-06
4.45676e-06
-2.18815e-06
5.97803e-06
-1.32824e-06
7.2852e-06
-2.91563e-07
8.17461e-06
8.69234e-07
8.30845e-06
2.04891e-06
7.3013e-06
3.10259e-06
4.7513e-06
3.86548e-06
3.69876e-07
4.05743e-06
-5.4294e-06
3.55046e-06
-1.22912e-05
2.41062e-06
-1.91841e-05
-2.1755e-05
-4.1034e-07
3.8056e-06
4.6902e-07
5.09866e-06
1.56343e-06
6.1908e-06
2.82316e-06
6.91488e-06
4.1565e-06
6.97513e-06
5.40196e-06
6.05583e-06
6.35769e-06
3.7956e-06
6.83321e-06
-1.05637e-07
6.51832e-06
-5.11448e-06
5.29659e-06
-1.10695e-05
3.26807e-06
-1.71556e-05
-1.84869e-05
1.69606e-06
3.00363e-06
2.76183e-06
4.03293e-06
4.0612e-06
4.89135e-06
5.51964e-06
5.45653e-06
7.01533e-06
5.47932e-06
8.33983e-06
4.73149e-06
9.24543e-06
2.88988e-06
9.52429e-06
-3.84357e-07
8.80241e-06
-4.39262e-06
6.92137e-06
-9.18837e-06
4.00349e-06
-1.42376e-05
-1.44834e-05
3.49914e-06
2.07965e-06
4.72529e-06
2.80675e-06
6.20707e-06
3.40954e-06
7.85233e-06
3.81126e-06
9.51556e-06
3.81608e-06
1.09467e-05
3.30037e-06
1.18538e-05
1.98279e-06
1.20164e-05
-5.4691e-07
1.09505e-05
-3.32662e-06
8.42783e-06
-6.66567e-06
4.58189e-06
-1.03916e-05
-9.90144e-06
5.0854e-06
1.06171e-06
6.44854e-06
1.44355e-06
8.09604e-06
1.76196e-06
9.92576e-06
1.98153e-06
1.17658e-05
1.97599e-06
1.33432e-05
1.72296e-06
1.429e-05
1.03598e-06
1.43652e-05
-6.2195e-07
1.29369e-05
-1.89825e-06
9.77824e-06
-3.50697e-06
5.05514e-06
-5.66843e-06
-4.8462e-06
6.61979e-06
8.06332e-06
9.82528e-06
1.18068e-05
1.37828e-05
1.55058e-05
1.65418e-05
1.59198e-05
1.40216e-05
1.05146e-05
4.8462e-06
-1.47081e-05
-1.93068e-07
-1.73754e-05
-4.6855e-06
-1.81574e-05
-7.12022e-06
-1.85889e-05
-8.57746e-06
-1.89773e-05
-8.93342e-06
-1.94719e-05
-8.37917e-06
-2.00765e-05
-7.14396e-06
-2.07239e-05
-5.40621e-06
-2.1335e-05
-3.39581e-06
-2.18525e-05
-1.33568e-06
-2.2348e-05
5.07479e-07
2.33391e-06
-2.28729e-05
-9.50925e-06
9.31613e-06
-1.30789e-05
-1.11587e-06
-1.43559e-05
-5.84328e-06
-1.50655e-05
-7.8679e-06
-1.55759e-05
-8.42301e-06
-1.60791e-05
-7.87606e-06
-1.66223e-05
-6.6007e-06
-1.71734e-05
-4.85519e-06
-1.7685e-05
-2.88417e-06
-1.8129e-05
-8.91659e-07
-1.8565e-05
9.43409e-07
2.80381e-06
-1.90349e-05
-6.53758e-06
1.58536e-05
-9.61625e-06
1.96274e-06
-1.10474e-05
-4.41216e-06
-1.18815e-05
-7.03381e-06
-1.24594e-05
-7.84519e-06
-1.29583e-05
-7.3771e-06
-1.34453e-05
-6.11369e-06
-1.39111e-05
-4.38947e-06
-1.433e-05
-2.46519e-06
-1.46894e-05
-5.32291e-07
-1.50322e-05
1.28617e-06
3.15517e-06
-1.53835e-05
-4.36341e-06
2.0217e-05
-6.76117e-06
4.36048e-06
-8.13202e-06
-3.04134e-06
-8.98177e-06
-6.1841e-06
-9.58744e-06
-7.23955e-06
-1.00833e-05
-6.88129e-06
-1.05283e-05
-5.66872e-06
-1.09253e-05
-3.99245e-06
-1.12614e-05
-2.12907e-06
-1.15297e-05
-2.6406e-07
-1.17571e-05
1.51357e-06
3.35152e-06
-1.19534e-05
-2.54199e-06
2.27591e-05
-4.27206e-06
6.09054e-06
-5.49325e-06
-1.82017e-06
-6.30631e-06
-5.37108e-06
-6.9254e-06
-6.62048e-06
-7.43229e-06
-6.37442e-06
-7.85664e-06
-5.24438e-06
-8.2055e-06
-3.6436e-06
-8.47248e-06
-1.8621e-06
-8.65124e-06
-8.53094e-08
-8.75475e-06
1.61707e-06
3.37801e-06
-8.78125e-06
-9.00652e-07
2.36597e-05
-1.9932e-06
7.18306e-06
-3.02753e-06
-7.85877e-07
-3.80082e-06
-4.59784e-06
-4.44674e-06
-5.97459e-06
-4.98632e-06
-5.83487e-06
-5.41707e-06
-4.81365e-06
-5.74165e-06
-3.31904e-06
-5.95711e-06
-1.64665e-06
-6.05582e-06
1.33933e-08
-6.0391e-06
1.60034e-06
3.23637e-06
-5.89747e-06
6.57337e-07
2.30024e-05
1.72623e-07
7.6678e-06
-6.62009e-07
4.87193e-08
-1.41761e-06
-3.84224e-06
-2.12155e-06
-5.27069e-06
-2.7263e-06
-5.23014e-06
-3.19567e-06
-4.34432e-06
-3.52314e-06
-2.99158e-06
-3.70819e-06
-1.46163e-06
-3.74214e-06
4.73312e-08
-3.61799e-06
1.47618e-06
2.9401e-06
-3.32173e-06
2.15548e-06
2.0847e-05
2.27189e-06
7.55134e-06
1.65032e-06
6.70285e-07
8.82473e-07
-3.07446e-06
8.01757e-08
-4.46843e-06
-6.31016e-07
-4.51899e-06
-1.17549e-06
-3.79987e-06
-1.53607e-06
-2.63102e-06
-1.71461e-06
-1.2831e-06
-1.70305e-06
3.5755e-08
-1.49018e-06
1.2633e-06
2.51041e-06
-1.0605e-06
3.57263e-06
1.72741e-05
4.32056e-06
6.80354e-06
3.93568e-06
1.05496e-06
3.12906e-06
-2.26772e-06
2.18889e-06
-3.52838e-06
1.32751e-06
-3.65757e-06
6.68469e-07
-3.1409e-06
2.41428e-07
-2.20397e-06
4.32147e-08
-1.08493e-06
7.88609e-08
1.19429e-10
3.58114e-07
9.84029e-07
1.97329e-06
8.95213e-07
4.96097e-06
1.23129e-05
6.30297e-06
5.46141e-06
6.20299e-06
1.15484e-06
5.35608e-06
-1.42083e-06
4.25437e-06
-2.42672e-06
3.20511e-06
-2.60835e-06
2.38767e-06
-2.32349e-06
1.8528e-06
-1.66911e-06
1.60359e-06
-8.35747e-07
1.64069e-06
-3.69854e-08
1.96121e-06
6.63509e-07
1.35813e-06
2.57635e-06
6.02179e-06
6.29078e-06
8.17639e-06
3.30662e-06
8.45442e-06
8.76568e-07
7.63367e-06
-6.00122e-07
6.39587e-06
-1.18904e-06
5.14281e-06
-1.35534e-06
4.11179e-06
-1.29254e-06
3.40417e-06
-9.6153e-07
3.0569e-06
-4.88537e-07
3.06715e-06
-4.72466e-08
3.40377e-06
3.26879e-07
6.93062e-07
4.0688e-06
6.29074e-06
9.59731e-06
1.04739e-05
9.87372e-06
8.68467e-06
7.32931e-06
6.03676e-06
5.07522e-06
4.58668e-06
4.53943e-06
4.8663e-06
5.55936e-06
-2.36409e-05
3.97329e-06
-2.46124e-05
5.83637e-06
-2.57131e-05
7.74633e-06
-2.68331e-05
9.54669e-06
-2.78006e-05
1.09663e-05
-2.83968e-05
1.16327e-05
-2.83656e-05
1.11725e-05
-2.7421e-05
9.27466e-06
-2.52361e-05
5.76966e-06
-2.13493e-05
6.76981e-07
-1.4568e-05
-6.46802e-06
-1.77953e-05
-1.96648e-05
4.60323e-06
-2.0409e-05
6.58052e-06
-2.11957e-05
8.533e-06
-2.19182e-05
1.02692e-05
-2.24177e-05
1.14658e-05
-2.24871e-05
1.17021e-05
-2.18664e-05
1.05518e-05
-2.02317e-05
7.63998e-06
-1.71675e-05
2.70545e-06
-1.20557e-05
-4.43482e-06
-5.12928e-06
-1.33944e-05
-2.29246e-05
-1.58127e-05
5.03233e-06
-1.62725e-05
7.04037e-06
-1.66977e-05
8.95814e-06
-1.69942e-05
1.05658e-05
-1.70288e-05
1.15004e-05
-1.6629e-05
1.13023e-05
-1.55773e-05
9.49999e-06
-1.36154e-05
5.67817e-06
-1.05311e-05
-3.78917e-07
-6.37924e-06
-8.58663e-06
-2.14037e-06
-1.76333e-05
-2.50649e-05
-1.21519e-05
5.23082e-06
-1.23084e-05
7.19685e-06
-1.23679e-05
9.01762e-06
-1.22584e-05
1.04563e-05
-1.18854e-05
1.11274e-05
-1.11364e-05
1.05533e-05
-9.8817e-06
8.24529e-06
-8.00595e-06
3.80244e-06
-5.57129e-06
-2.81355e-06
-2.98164e-06
-1.11762e-05
-8.75352e-07
-1.97396e-05
-2.59403e-05
-8.74297e-06
5.19254e-06
-8.60254e-06
7.0564e-06
-8.31937e-06
8.73445e-06
-7.84981e-06
9.98674e-06
-7.148e-06
1.04257e-05
-6.17566e-06
9.58102e-06
-4.90838e-06
6.97803e-06
-3.36956e-06
2.26364e-06
-1.77212e-06
-4.41097e-06
-4.60852e-07
-1.24875e-05
3.61299e-07
-2.05617e-05
-2.55789e-05
-5.63243e-06
4.92749e-06
-5.21634e-06
6.64032e-06
-4.62588e-06
8.144e-06
-3.84914e-06
9.21001e-06
-2.89131e-06
9.46783e-06
-1.78988e-06
8.4796e-06
-6.15612e-07
5.80378e-06
5.15944e-07
1.13211e-06
1.34258e-06
-5.23759e-06
1.65287e-06
-1.27978e-05
1.41436e-06
-2.03232e-05
-2.41645e-05
-2.85039e-06
4.45614e-06
-2.18724e-06
5.97716e-06
-1.32736e-06
7.28412e-06
-2.90777e-07
8.17343e-06
8.69917e-07
8.30717e-06
2.04941e-06
7.30012e-06
3.10295e-06
4.75028e-06
3.86568e-06
3.69394e-07
4.05755e-06
-5.42944e-06
3.55056e-06
-1.22908e-05
2.4107e-06
-1.91833e-05
-2.17538e-05
-4.09375e-07
3.80501e-06
4.69905e-07
5.09788e-06
1.56421e-06
6.18982e-06
2.82378e-06
6.91387e-06
4.15697e-06
6.97399e-06
5.40222e-06
6.05491e-06
6.3578e-06
3.79469e-06
6.83317e-06
-1.05951e-07
6.51824e-06
-5.11452e-06
5.29655e-06
-1.10691e-05
3.26806e-06
-1.71547e-05
-1.84857e-05
1.69707e-06
3.00315e-06
2.76269e-06
4.03225e-06
4.06191e-06
4.89062e-06
5.52011e-06
5.4556e-06
7.01565e-06
5.47855e-06
8.33984e-06
4.7306e-06
9.24535e-06
2.88932e-06
9.52403e-06
-3.84697e-07
8.80215e-06
-4.39257e-06
6.92119e-06
-9.18802e-06
4.00337e-06
-1.4237e-05
-1.44823e-05
3.50019e-06
2.0793e-06
4.72617e-06
2.80627e-06
6.20772e-06
3.40901e-06
7.85271e-06
3.81058e-06
9.51572e-06
3.81555e-06
1.09466e-05
3.29972e-06
1.18535e-05
1.98241e-06
1.2016e-05
-5.47137e-07
1.095e-05
-3.32656e-06
8.42749e-06
-6.66542e-06
4.5817e-06
-1.03912e-05
-9.90062e-06
5.0865e-06
1.06157e-06
6.44944e-06
1.44331e-06
8.09667e-06
1.76169e-06
9.92606e-06
1.9811e-06
1.17658e-05
1.97577e-06
1.3343e-05
1.72255e-06
1.42896e-05
1.03582e-06
1.43646e-05
-6.22102e-07
1.29363e-05
-1.89818e-06
9.77777e-06
-3.50683e-06
5.05485e-06
-5.66824e-06
-4.8458e-06
6.62093e-06
8.06422e-06
9.8259e-06
1.1807e-05
1.37828e-05
1.55053e-05
1.65411e-05
1.5919e-05
1.40209e-05
1.0514e-05
4.8458e-06
-1.47075e-05
-1.92418e-07
-1.73747e-05
-4.68543e-06
-1.81568e-05
-7.12031e-06
-1.85885e-05
-8.57753e-06
-1.89769e-05
-8.93346e-06
-1.94717e-05
-8.37923e-06
-2.00764e-05
-7.14413e-06
-2.07239e-05
-5.40653e-06
-2.13351e-05
-3.3963e-06
-2.18526e-05
-1.33637e-06
-2.2348e-05
5.06506e-07
2.33261e-06
-9.50878e-06
9.31626e-06
-1.30783e-05
-1.1159e-06
-1.43554e-05
-5.84332e-06
-1.50651e-05
-7.86787e-06
-1.55756e-05
-8.42293e-06
-1.60789e-05
-7.87599e-06
-1.66223e-05
-6.60075e-06
-1.71734e-05
-4.85543e-06
-1.76851e-05
-2.88461e-06
-1.81291e-05
-8.92302e-07
-1.85651e-05
9.42479e-07
2.8026e-06
-6.53725e-06
1.58534e-05
-9.61581e-06
1.9626e-06
-1.1047e-05
-4.41216e-06
-1.18812e-05
-7.0337e-06
-1.24591e-05
-7.84499e-06
-1.29582e-05
-7.37693e-06
-1.34453e-05
-6.11365e-06
-1.39111e-05
-4.38963e-06
-1.43302e-05
-2.46556e-06
-1.46896e-05
-5.32874e-07
-1.50324e-05
1.28531e-06
3.15407e-06
-4.36318e-06
2.02165e-05
-6.76085e-06
4.36025e-06
-8.13172e-06
-3.04133e-06
-8.98152e-06
-6.18393e-06
-9.58727e-06
-7.23927e-06
-1.00832e-05
-6.88103e-06
-1.05283e-05
-5.66859e-06
-1.09254e-05
-3.99253e-06
-1.12616e-05
-2.12936e-06
-1.15299e-05
-2.64568e-07
-1.17574e-05
1.5128e-06
3.35052e-06
-2.54184e-06
2.27584e-05
-4.27186e-06
6.09026e-06
-5.49305e-06
-1.82015e-06
-6.30613e-06
-5.37087e-06
-6.92527e-06
-6.62015e-06
-7.43222e-06
-6.37409e-06
-7.85665e-06
-5.24417e-06
-8.20557e-06
-3.64361e-06
-8.47263e-06
-1.86232e-06
-8.65147e-06
-8.5731e-08
-8.75509e-06
1.6164e-06
3.37712e-06
-9.00597e-07
2.36589e-05
-1.99311e-06
7.18276e-06
-3.02743e-06
-7.85857e-07
-3.80072e-06
-4.59761e-06
-4.44667e-06
-5.97423e-06
-4.98628e-06
-5.8345e-06
-5.41708e-06
-4.81339e-06
-5.74172e-06
-3.31898e-06
-5.95725e-06
-1.64679e-06
-6.05606e-06
1.30599e-08
-6.03945e-06
1.59978e-06
3.23556e-06
6.57308e-07
2.30017e-05
1.72608e-07
7.66749e-06
-6.62007e-07
4.8722e-08
-1.41759e-06
-3.84203e-06
-2.12152e-06
-5.27034e-06
-2.72628e-06
-5.22976e-06
-3.19567e-06
-4.34402e-06
-3.5232e-06
-2.99146e-06
-3.70832e-06
-1.4617e-06
-3.74236e-06
4.70909e-08
-3.61832e-06
1.47572e-06
2.93937e-06
2.15537e-06
2.08463e-05
2.27178e-06
7.55102e-06
1.65023e-06
6.70273e-07
8.82421e-07
-3.07428e-06
8.01582e-08
-4.4681e-06
-6.31006e-07
-4.51863e-06
-1.17548e-06
-3.79956e-06
-1.5361e-06
-2.63087e-06
-1.71471e-06
-1.28311e-06
-1.70323e-06
3.55971e-08
-1.49047e-06
1.26295e-06
2.50975e-06
3.57244e-06
1.72736e-05
4.32036e-06
6.80325e-06
3.9355e-06
1.05489e-06
3.12894e-06
-2.26755e-06
2.18882e-06
-3.52812e-06
1.32751e-06
-3.65724e-06
6.68478e-07
-3.14061e-06
2.41427e-07
-2.20379e-06
4.3161e-08
-1.0849e-06
7.87285e-08
4.49686e-11
3.57868e-07
9.83794e-07
1.97273e-06
4.96071e-06
1.23126e-05
6.30269e-06
5.46112e-06
6.20273e-06
1.15473e-06
5.35588e-06
-1.42071e-06
4.25424e-06
-2.42654e-06
3.20508e-06
-2.60809e-06
2.38768e-06
-2.32325e-06
1.85283e-06
-1.66894e-06
1.60359e-06
-8.35702e-07
1.64063e-06
-3.70015e-08
1.96103e-06
6.63386e-07
1.35767e-06
6.02156e-06
6.29063e-06
8.17603e-06
3.30643e-06
8.45408e-06
8.76415e-07
7.63337e-06
-6.00037e-07
6.39567e-06
-1.18894e-06
5.14274e-06
-1.35517e-06
4.11181e-06
-1.29239e-06
3.40424e-06
-9.61406e-07
3.05697e-06
-4.88517e-07
3.06718e-06
-4.7236e-08
3.40369e-06
3.26832e-07
6.92723e-07
6.29059e-06
9.59696e-06
1.04734e-05
9.87331e-06
8.68436e-06
7.32918e-06
6.03678e-06
5.07536e-06
4.58684e-06
4.53959e-06
4.86639e-06
)
;

boundaryField
{
    rotor
    {
        type            calculated;
        value           uniform 0;
    }
    stator
    {
        type            calculated;
        value           uniform 0;
    }
    front
    {
        type            empty;
        value           nonuniform 0();
    }
    back
    {
        type            empty;
        value           nonuniform 0();
    }
}


// ************************************************************************* //
