/*--------------------------------*- C++ -*----------------------------------*\
| =========                 |                                                 |
| \\      /  F ield         | OpenFOAM: The Open Source CFD Toolbox           |
|  \\    /   O peration     | Version:  v1912                                 |
|   \\  /    A nd           | Website:  www.openfoam.com                      |
|    \\/     M anipulation  |                                                 |
\*---------------------------------------------------------------------------*/
FoamFile
{
    version     2.0;
    format      ascii;
    class       volVectorField;
    location    "500";
    object      U;
}
// * * * * * * * * * * * * * * * * * * * * * * * * * * * * * * * * * * * * * //

dimensions      [0 1 -1 0 0 0 0];


internalField   nonuniform List<vector> 
3072
(
(0.296533 2.21576 0)
(0.315868 1.9343 0)
(0.400627 1.76687 1.42544e-19)
(0.508829 1.65575 6.88412e-19)
(0.63193 1.58315 -1.14851e-18)
(0.75399 1.5295 6.26817e-19)
(0.87903 1.60336 3.61854e-19)
(1.18303 1.70998 1.31823e-18)
(2.00368 1.43166 -4.617e-19)
(2.86299 1.60485 1.08988e-18)
(3.1279 2.00194 8.95202e-19)
(3.39543 2.12907 7.5993e-19)
(-0.37147 2.74064 -2.68724e-19)
(-0.216277 2.37798 -6.29676e-19)
(0.0390618 2.33355 5.31839e-19)
(0.312907 2.33079 0)
(0.609758 2.38504 1.12879e-18)
(1.03458 2.39333 -1.50554e-18)
(1.86113 2.42938 0)
(2.6148 2.707 0)
(2.97674 2.71688 0)
(3.1293 2.77681 8.0322e-19)
(3.16341 2.79776 -2.85337e-18)
(3.2453 2.78455 3.42722e-19)
(-0.347613 2.9898 1.76201e-19)
(-0.114952 2.69506 0)
(0.295253 2.72157 0)
(0.769128 2.74155 -3.79385e-18)
(1.40462 2.81252 1.41507e-18)
(2.14566 2.96235 -2.13528e-18)
(2.67197 2.994 1.73573e-18)
(2.98981 2.9833 0)
(3.15286 2.86055 0)
(3.24968 2.75317 -1.09338e-18)
(3.28678 2.6707 -1.09109e-18)
(3.35389 2.58494 3.82986e-18)
(-0.318143 3.31927 -1.29268e-18)
(0.0643751 3.11081 -2.09832e-18)
(0.626176 3.20574 1.90266e-18)
(1.27629 3.26971 -1.91069e-18)
(1.93586 3.33387 3.69025e-18)
(2.47284 3.32118 -3.56024e-18)
(2.79143 3.20381 -2.10281e-18)
(2.97266 3.0729 -6.62673e-18)
(3.08711 2.91278 -3.20948e-19)
(3.1515 2.78787 3.65368e-18)
(3.19167 2.68122 4.09487e-18)
(3.24473 2.57938 -3.23973e-18)
(-0.10457 3.53857 0)
(0.334822 3.48884 1.24484e-18)
(0.937178 3.59868 -2.93322e-18)
(1.57774 3.63794 3.27471e-18)
(2.13595 3.59705 6.18921e-19)
(2.51131 3.46194 2.07324e-18)
(2.72953 3.28665 2.3329e-18)
(2.8674 3.11283 2.4269e-18)
(2.95462 2.94224 -5.20843e-18)
(3.01599 2.79101 4.38203e-18)
(3.06618 2.65922 -5.91113e-18)
(3.12041 2.538 7.79786e-18)
(0.10506 3.73751 -4.65724e-18)
(0.586718 3.78738 1.80714e-18)
(1.15312 3.87717 5.33856e-18)
(1.70855 3.85257 0)
(2.1437 3.72534 -7.10083e-18)
(2.42595 3.53773 7.82545e-18)
(2.606 3.33429 0)
(2.72915 3.13703 -5.91209e-18)
(2.81832 2.95122 5.01943e-18)
(2.88741 2.78428 0)
(2.9469 2.63637 2.88295e-19)
(3.00537 2.50201 4.55429e-18)
(0.324882 3.90259 0)
(0.791536 4.04809 -4.18385e-18)
(1.28048 4.08502 3.88981e-18)
(1.726 4.00135 0)
(2.06618 3.82422 -4.43904e-18)
(2.30113 3.60638 7.22305e-19)
(2.46575 3.38156 6.27252e-18)
(2.58797 3.16626 5.81815e-18)
(2.68327 2.9663 -5.12596e-18)
(2.76154 2.78507 5.09608e-18)
(2.83019 2.62245 -4.41026e-18)
(2.89486 2.47513 -1.23736e-17)
(0.533571 4.08714 0)
(0.937986 4.29839 3.32312e-18)
(1.32862 4.26478 -4.80088e-18)
(1.67647 4.13617 4.81565e-18)
(1.95306 3.92478 0)
(2.16233 3.68223 -6.29984e-18)
(2.32211 3.43736 6.272e-18)
(2.44852 3.204 1.28519e-19)
(2.55198 2.98772 -1.0572e-17)
(2.63945 2.79083 -4.9764e-18)
(2.71634 2.61321 -2.81148e-19)
(2.78698 2.45258 8.99233e-18)
(0.705121 4.25717 0)
(1.02847 4.53063 -3.69977e-18)
(1.3148 4.41877 -5.21019e-18)
(1.583 4.24647 -3.75061e-18)
(1.81435 4.00623 7.66468e-18)
(2.00745 3.74228 0)
(2.16707 3.47941 0)
(2.30038 3.22977 0)
(2.41331 2.99856 0)
(2.51042 2.78773 4.96893e-18)
(2.59562 2.59717 -5.02166e-18)
(2.67249 2.42496 4.81873e-18)
(0.837827 4.51133 0)
(1.02428 4.72014 2.62372e-18)
(1.21139 4.50235 -5.99726e-19)
(1.42805 4.27013 4.34332e-18)
(1.63147 4.00336 4.34531e-18)
(1.81672 3.72555 -6.99198e-18)
(1.98117 3.45507 0)
(2.1251 3.20035 -2.14305e-19)
(2.25053 2.96473 -1.75521e-17)
(2.35985 2.7494 0)
(2.45549 2.55408 1.10129e-17)
(2.54057 2.37697 -5.17474e-18)
(0.986271 4.56344 0)
(0.934388 4.68335 3.08099e-18)
(1.01538 4.37455 9.01402e-18)
(1.19431 4.08418 -7.70118e-18)
(1.38519 3.81518 -1.0766e-17)
(1.57421 3.55267 1.70631e-17)
(1.75119 3.30248 -1.92828e-19)
(1.9115 3.06776 -6.72451e-18)
(2.05378 2.84915 5.52061e-18)
(2.17902 2.64732 -1.18008e-17)
(2.28831 2.46214 -1.64308e-17)
(2.38448 2.29218 1.66816e-17)
(0.402502 4.17845 -1.83076e-18)
(0.55934 4.09776 -1.21441e-17)
(0.68376 3.79656 2.33956e-18)
(0.875192 3.55322 0)
(1.08722 3.36337 0)
(1.29654 3.17556 3.56084e-19)
(1.49239 2.98981 1.8303e-17)
(1.67124 2.80878 1.13185e-17)
(1.83157 2.63368 0)
(1.97393 2.46689 1.07111e-17)
(2.09813 2.30957 0)
(2.20697 2.16128 4.90688e-19)
(3.64761 2.23578 -2.02467e-20)
(3.8734 2.1579 -2.89426e-19)
(4.03548 2.09017 -3.78444e-19)
(4.1203 1.93593 -5.90547e-19)
(4.13941 1.79982 -2.98797e-19)
(4.08982 1.60638 0)
(3.96717 1.42885 0)
(3.76151 1.22597 8.10915e-19)
(3.48256 1.02786 -9.5086e-19)
(3.10006 0.786287 0)
(2.68097 0.376367 0)
(2.53496 -0.22413 -6.60482e-20)
(3.34636 2.75732 1.71765e-18)
(3.43616 2.71254 0)
(3.52982 2.63051 -8.87055e-19)
(3.62071 2.50915 5.29429e-19)
(3.69922 2.35179 3.05123e-19)
(3.73771 2.19209 2.68963e-18)
(3.7326 2.03589 -4.37694e-18)
(3.67533 1.89233 6.82162e-19)
(3.56499 1.78085 0)
(3.32433 1.67757 0)
(3.04913 1.53723 0)
(3.19037 1.02078 7.31711e-19)
(3.42036 2.49793 1.62531e-18)
(3.48963 2.40786 -4.39838e-18)
(3.55853 2.31403 1.23132e-18)
(3.61759 2.21608 2.97579e-18)
(3.65775 2.12053 -2.99776e-18)
(3.67381 2.02867 0)
(3.65965 1.95207 0)
(3.61632 1.90099 -2.38632e-19)
(3.55118 1.87864 1.09842e-18)
(3.41582 1.87079 0)
(3.19929 1.86025 0)
(3.41268 1.7408 -4.70994e-19)
(3.29687 2.48077 3.58326e-19)
(3.35016 2.3852 4.36847e-18)
(3.4023 2.29063 3.08419e-18)
(3.45019 2.19769 -3.06385e-18)
(3.4892 2.11091 0)
(3.51483 2.03598 1.75999e-18)
(3.52309 1.98083 0)
(3.51693 1.9551 2.51159e-18)
(3.4929 1.95918 -7.75809e-19)
(3.42578 2.01687 0)
(3.24888 2.10085 -5.53373e-19)
(3.5471 2.15037 6.63607e-19)
(3.17448 2.42468 -3.16412e-18)
(3.22918 2.31851 0)
(3.28306 2.21869 0)
(3.33373 2.12649 0)
(3.37853 2.04561 0)
(3.41588 1.98085 -3.18443e-18)
(3.44426 1.94077 -1.4234e-19)
(3.46292 1.93228 -1.41688e-18)
(3.47848 1.96463 0)
(3.4757 2.0536 -1.23882e-18)
(3.36115 2.19723 4.93711e-19)
(3.77394 2.39681 -1.69877e-19)
(3.06277 2.37863 -2.50406e-19)
(3.11993 2.26508 -7.43851e-18)
(3.17645 2.16089 3.491e-18)
(3.23137 2.0671 3.5743e-21)
(3.2838 1.98666 2.27254e-19)
(3.33344 1.92393 4.92166e-18)
(3.38114 1.88514 -1.56279e-19)
(3.42891 1.87751 -5.44609e-18)
(3.47877 1.912 -2.18007e-18)
(3.53297 2.00595 1.09259e-18)
(3.47946 2.19594 -1.34506e-18)
(3.93824 2.5178 -5.43811e-19)
(2.95706 2.34082 1.18115e-17)
(3.01804 2.21814 3.85936e-18)
(3.07834 2.10663 0)
(3.13824 2.00704 0)
(3.19832 1.92163 2.13887e-19)
(3.25984 1.85399 -3.55994e-18)
(3.32516 1.80926 5.54581e-18)
(3.39789 1.79431 -1.29988e-19)
(3.48149 1.82031 1.85766e-18)
(3.58219 1.90714 0)
(3.60372 2.09665 -2.41411e-19)
(4.09821 2.50532 -7.98125e-20)
(2.8535 2.30673 -4.31465e-18)
(2.91773 2.17399 -3.97022e-18)
(2.98102 2.05358 4.25374e-18)
(3.04471 1.94577 -3.96779e-18)
(3.11051 1.85204 5.47631e-22)
(3.18095 1.77489 7.79068e-18)
(3.26001 1.71807 -3.5536e-18)
(3.35339 1.68748 1.99462e-18)
(3.46692 1.69358 0)
(3.61259 1.75769 1.19548e-18)
(3.71084 1.93286 6.12199e-19)
(4.20376 2.38763 -9.21898e-19)
(2.74332 2.26893 4.67947e-18)
(2.81048 2.12688 -4.53425e-18)
(2.87594 1.99769 -4.23086e-18)
(2.94181 1.88092 -8.78843e-18)
(3.01067 1.77721 8.41962e-18)
(3.08608 1.68799 -8.03175e-18)
(3.17347 1.61514 0)
(3.28095 1.56275 -1.88553e-18)
(3.41767 1.53905 0)
(3.60269 1.56482 0)
(3.78075 1.70408 0)
(4.26193 2.1295 4.39229e-19)
(2.6171 2.21608 5.02732e-18)
(2.6879 2.06869 -1.01159e-17)
(2.75533 1.93355 9.86029e-18)
(2.82197 1.80961 9.43883e-18)
(2.89082 1.6967 4.53968e-18)
(2.96647 1.59516 0)
(3.05561 1.50469 0)
(3.16824 1.42682 4.33813e-18)
(3.31737 1.36561 0)
(3.5322 1.33859 -1.20959e-18)
(3.77209 1.40301 7.90323e-19)
(4.24829 1.71971 -1.27363e-18)
(2.46877 2.13618 -1.09738e-17)
(2.54443 1.99084 1.01458e-17)
(2.61392 1.85553 -9.91873e-18)
(2.67997 1.7287 -2.48894e-17)
(2.74575 1.60981 -2.46383e-19)
(2.81622 1.49832 1.33893e-19)
(2.89958 1.39168 -4.71714e-18)
(3.00622 1.28809 -4.28528e-18)
(3.153 1.18548 0)
(3.37739 1.09575 3.60813e-18)
(3.64972 1.031 8.89466e-19)
(4.11826 1.02336 -1.78557e-18)
(2.29976 2.02214 -4.88382e-19)
(2.3803 1.88787 0)
(2.45069 1.75978 0)
(2.51343 1.63596 4.75274e-18)
(2.57237 1.51604 1.44795e-17)
(2.63222 1.39916 -4.7189e-18)
(2.7023 1.28117 -2.18094e-19)
(2.79108 1.157 -2.38633e-18)
(2.91748 1.0172 -2.20823e-18)
(3.10908 0.863501 -2.22322e-18)
(3.3899 0.640283 0)
(3.71805 -0.03548 2.32433e-18)
(2.21583 -0.296458 -9.96046e-24)
(1.93436 -0.31583 0)
(1.7669 -0.400607 -1.4255e-19)
(1.65578 -0.508813 0)
(1.58317 -0.631951 -5.83183e-19)
(1.52952 -0.753978 6.26771e-19)
(1.60331 -0.879052 0)
(1.70993 -1.18301 9.7553e-19)
(1.43166 -2.00354 -3.86457e-19)
(1.60476 -2.86295 -9.28266e-20)
(2.00187 -3.12796 -8.66261e-19)
(2.12905 -3.39547 -7.59885e-19)
(2.74068 0.371496 -3.4526e-19)
(2.37798 0.216288 -1.96561e-19)
(2.33355 -0.0390689 6.2555e-19)
(2.33077 -0.312939 0)
(2.38497 -0.609749 -1.12856e-18)
(2.39334 -1.03445 6.65624e-19)
(2.42931 -1.8609 0)
(2.70692 -2.61472 9.76673e-19)
(2.71687 -2.97674 -2.38116e-18)
(2.77678 -3.12934 1.89164e-18)
(2.79771 -3.16351 1.55432e-18)
(2.78455 -3.24537 -3.94015e-18)
(2.98981 0.347667 -1.76177e-19)
(2.69504 0.115021 0)
(2.72153 -0.295172 -1.65801e-18)
(2.74148 -0.768969 0)
(2.81239 -1.40438 0)
(2.9622 -2.14549 -8.28581e-19)
(2.99391 -2.67196 3.99168e-18)
(2.98324 -2.98991 -2.73654e-18)
(2.86052 -3.15299 9.45491e-19)
(2.75314 -3.24988 0)
(2.6707 -3.28688 2.66974e-18)
(2.58495 -3.35398 -1.62943e-18)
(3.31927 0.318234 8.40841e-19)
(3.11076 -0.0642245 1.23611e-18)
(3.20566 -0.625997 1.39094e-18)
(3.26961 -1.27611 2.9031e-18)
(3.33377 -1.93575 -1.70365e-18)
(3.32113 -2.47287 -1.18699e-18)
(3.2038 -2.79154 0)
(3.0729 -2.9728 0)
(2.91277 -3.08725 2.14645e-18)
(2.78787 -3.15163 0)
(2.68122 -3.19175 5.11022e-19)
(2.5794 -3.2448 1.41157e-18)
(3.53859 0.104682 1.26338e-18)
(3.48881 -0.334665 -9.98359e-19)
(3.59865 -0.937029 -2.93371e-18)
(3.63792 -1.57764 0)
(3.59707 -2.13596 0)
(3.46196 -2.51142 2.94976e-18)
(3.28667 -2.72967 0)
(3.11283 -2.86755 -5.84542e-18)
(2.94223 -2.95474 -2.5007e-18)
(2.79101 -3.01609 4.38225e-18)
(2.65922 -3.06624 -5.91134e-18)
(2.53801 -3.12046 3.69851e-18)
(3.73756 -0.104938 -2.63009e-18)
(3.78739 -0.586587 -1.54296e-18)
(3.87721 -1.15302 2.27576e-18)
(3.85262 -1.70851 3.99702e-19)
(3.7254 -2.14375 3.58361e-18)
(3.53777 -2.42605 -7.48888e-18)
(3.33431 -2.60612 6.86992e-18)
(3.13703 -2.72927 7.04611e-19)
(2.95121 -2.81842 0)
(2.78427 -2.88748 0)
(2.63637 -2.94695 8.87661e-18)
(2.50201 -3.0054 6.12888e-20)
(3.90264 -0.324793 -2.89294e-20)
(4.04813 -0.791449 -2.31204e-18)
(4.08509 -1.28042 0)
(4.00143 -1.72599 -4.52699e-18)
(3.82429 -2.06623 4.7303e-18)
(3.60643 -2.30121 1.13045e-17)
(3.38158 -2.46585 6.94145e-18)
(3.16626 -2.58806 8.93867e-19)
(2.96628 -2.68334 -1.08149e-17)
(2.78505 -2.76159 4.73566e-18)
(2.62244 -2.83022 5.073e-18)
(2.47512 -2.89488 2.7403e-19)
(4.08719 -0.533507 2.18663e-19)
(4.29844 -0.937929 3.3228e-18)
(4.26486 -1.32858 0)
(4.13626 -1.67647 -4.81549e-18)
(3.92484 -1.95309 -3.51731e-18)
(3.68228 -2.16239 6.43125e-19)
(3.43737 -2.32219 -1.18394e-17)
(3.204 -2.44859 4.30731e-19)
(2.98771 -2.55204 -2.75644e-19)
(2.79081 -2.63949 5.23113e-18)
(2.6132 -2.71636 -4.22949e-18)
(2.45257 -2.78698 2.24922e-19)
(4.25722 -0.705098 -3.38736e-18)
(4.53067 -1.02843 1.47968e-18)
(4.41884 -1.31477 -7.58273e-18)
(4.24654 -1.583 3.75032e-18)
(4.0063 -1.81438 0)
(3.74232 -2.00749 0)
(3.47943 -2.16712 6.45603e-18)
(3.22977 -2.30043 1.18538e-17)
(2.99855 -2.41335 -5.43799e-18)
(2.78771 -2.51045 -4.96892e-18)
(2.59716 -2.59563 -4.77797e-18)
(2.42494 -2.67248 0)
(4.51136 -0.837831 7.11606e-20)
(4.72016 -1.02426 3.98959e-18)
(4.50239 -1.21137 9.03696e-18)
(4.27018 -1.42805 0)
(4.00341 -1.63148 7.57871e-18)
(3.72558 -1.81675 0)
(3.45509 -1.98121 3.35578e-19)
(3.20035 -2.12513 -5.65333e-18)
(2.96472 -2.25056 6.15059e-18)
(2.74939 -2.35986 0)
(2.55407 -2.4555 0)
(2.37695 -2.54056 -1.06786e-17)
(4.56345 -0.986281 -6.45661e-18)
(4.68335 -0.934373 3.08086e-18)
(4.37457 -1.01537 5.14612e-19)
(4.08421 -1.19431 -8.49618e-18)
(3.81521 -1.3852 -3.32768e-18)
(3.5527 -1.57423 -3.411e-18)
(3.3025 -1.75121 -6.65358e-18)
(3.06776 -1.91153 -1.88191e-17)
(2.84915 -2.05379 -5.52033e-18)
(2.6473 -2.17902 -1.18002e-17)
(2.46212 -2.2883 1.14871e-17)
(2.29217 -2.38447 1.05895e-17)
(4.17846 -0.40252 3.50404e-18)
(4.09776 -0.559343 -1.39245e-18)
(3.79657 -0.683764 3.51727e-19)
(3.55325 -0.875199 7.26671e-18)
(3.36341 -1.08723 0)
(3.17559 -1.29656 -6.57598e-18)
(2.98983 -1.49241 5.89412e-18)
(2.80879 -1.67126 5.25677e-18)
(2.63368 -1.83158 -1.71385e-17)
(2.46689 -1.97394 1.07107e-17)
(2.30957 -2.09812 -1.05098e-17)
(2.16127 -2.20696 0)
(2.23579 -3.64766 -3.56944e-19)
(2.15792 -3.87346 8.67891e-19)
(2.0902 -4.03554 -9.18357e-19)
(1.93596 -4.12037 -2.06998e-19)
(1.79986 -4.13948 -1.61521e-19)
(1.60641 -4.08989 8.61898e-20)
(1.42887 -3.96723 -1.29127e-19)
(1.226 -3.76158 -3.27077e-19)
(1.02788 -3.48262 -9.50808e-19)
(0.786304 -3.1001 0)
(0.376395 -2.681 0)
(-0.224059 -2.53501 -6.60377e-20)
(2.75732 -3.34643 -6.85635e-20)
(2.71256 -3.43622 2.19289e-18)
(2.63054 -3.52987 -8.8704e-19)
(2.50918 -3.62076 0)
(2.35182 -3.69927 1.76523e-18)
(2.19213 -3.73775 0)
(2.03592 -3.73264 1.31201e-18)
(1.89236 -3.67537 2.25346e-18)
(1.78088 -3.56502 -1.91348e-18)
(1.6776 -3.32434 0)
(1.53727 -3.04915 0)
(1.02086 -3.19038 -3.02764e-20)
(2.49794 -3.42044 1.17283e-18)
(2.40788 -3.48969 -1.09127e-18)
(2.31405 -3.55858 1.2313e-18)
(2.2161 -3.61763 0)
(2.12056 -3.65779 -1.31844e-18)
(2.0287 -3.67384 3.29668e-18)
(1.9521 -3.65968 -4.7549e-18)
(1.90103 -3.61634 -5.26665e-18)
(1.87867 -3.5512 3.08751e-18)
(1.87083 -3.41582 0)
(1.8603 -3.19928 6.15127e-19)
(1.74086 -3.41268 1.52732e-19)
(2.48079 -3.29693 1.35519e-18)
(2.38522 -3.3502 -3.04471e-18)
(2.29065 -3.40234 3.08417e-18)
(2.19772 -3.45022 -3.06382e-18)
(2.11094 -3.48922 0)
(2.03601 -3.51484 1.75996e-18)
(1.98086 -3.5231 1.17673e-18)
(1.95513 -3.51694 6.91717e-19)
(1.95922 -3.49291 -1.57493e-18)
(2.01691 -3.42578 0)
(2.1009 -3.24888 -3.56346e-19)
(2.15044 -3.54711 5.94574e-19)
(2.42469 -3.17452 3.54655e-18)
(2.31852 -3.2292 -1.82705e-18)
(2.21871 -3.28308 0)
(2.12651 -3.33374 0)
(2.04564 -3.37853 1.73926e-18)
(1.98088 -3.41589 -1.45575e-18)
(1.9408 -3.44426 -2.58685e-19)
(1.93231 -3.46293 0)
(1.96466 -3.47848 -8.39527e-19)
(2.05364 -3.4757 1.23873e-18)
(2.19728 -3.36115 -1.081e-18)
(2.39687 -3.77394 -2.73568e-19)
(2.37863 -3.06279 -7.51747e-18)
(2.26509 -3.11995 3.58629e-18)
(2.1609 -3.17646 7.21549e-18)
(2.06712 -3.23137 3.57431e-21)
(1.98668 -3.28379 -8.52952e-18)
(1.92396 -3.33343 -3.60467e-18)
(1.88517 -3.38114 -2.46912e-19)
(1.87754 -3.4289 0)
(1.91204 -3.47876 0)
(2.00599 -3.53297 -1.09256e-18)
(2.19599 -3.47945 -7.82774e-19)
(2.51786 -3.93824 2.38617e-19)
(2.34081 -2.95707 4.03644e-18)
(2.21814 -3.01804 -7.9496e-18)
(2.10664 -3.07833 -3.52269e-18)
(2.00705 -3.13823 -2.03486e-19)
(1.92165 -3.19831 3.36869e-18)
(1.85401 -3.25982 3.31988e-18)
(1.80928 -3.32515 1.86956e-18)
(1.79434 -3.39788 1.81793e-18)
(1.82035 -3.48148 -2.01476e-18)
(1.90717 -3.58219 0)
(2.09669 -3.60371 1.25737e-18)
(2.50538 -4.0982 -3.61853e-19)
(2.30673 -2.8535 0)
(2.17398 -2.91772 3.97024e-18)
(2.05358 -2.981 0)
(1.94578 -3.04469 -2.02566e-19)
(1.85205 -3.11049 5.4787e-22)
(1.77491 -3.18093 7.7906e-18)
(1.71809 -3.25999 -1.67871e-18)
(1.6875 -3.35337 -3.89192e-18)
(1.69361 -3.46691 -2.12974e-18)
(1.75773 -3.61258 1.19546e-18)
(1.9329 -3.71083 -2.3398e-18)
(2.38768 -4.20375 1.17729e-18)
(2.26891 -2.74331 4.67946e-18)
(2.12688 -2.81046 -4.53424e-18)
(1.99769 -2.87591 -4.5874e-18)
(1.88092 -2.94179 4.47441e-18)
(1.77722 -3.01064 4.21311e-18)
(1.688 -3.08605 -1.23023e-17)
(1.61515 -3.17344 0)
(1.56277 -3.28093 1.88548e-18)
(1.53907 -3.41765 1.9389e-18)
(1.56485 -3.60268 0)
(1.70412 -3.78074 2.85215e-18)
(2.12955 -4.26192 -2.08747e-18)
(2.21607 -2.61708 0)
(2.06868 -2.68787 -1.01158e-17)
(1.93354 -2.75531 -5.25246e-18)
(1.8096 -2.82194 -9.15614e-18)
(1.6967 -2.89079 4.5396e-18)
(1.59516 -2.96644 4.27079e-18)
(1.5047 -3.05558 0)
(1.42683 -3.16821 0)
(1.36563 -3.31735 0)
(1.33861 -3.53218 0)
(1.40304 -3.77208 -7.92554e-19)
(1.71975 -4.24828 -1.03806e-19)
(2.13616 -2.46875 5.34775e-18)
(1.99083 -2.54441 4.91522e-18)
(1.85553 -2.61389 2.04118e-17)
(1.72869 -2.67994 5.2374e-18)
(1.60981 -2.74572 1.96352e-17)
(1.49832 -2.81619 -4.71792e-18)
(1.39168 -2.89955 -4.71699e-18)
(1.2881 -3.00619 0)
(1.18549 -3.15298 -4.45226e-18)
(1.09577 -3.37737 -2.3993e-18)
(1.03102 -3.6497 -1.82165e-18)
(1.02339 -4.11825 -1.10957e-25)
(2.02213 -2.29974 0)
(1.88786 -2.38027 0)
(1.75978 -2.45066 -2.03151e-17)
(1.63596 -2.5134 -1.47873e-17)
(1.51604 -2.57234 -4.67029e-18)
(1.39916 -2.63219 0)
(1.28117 -2.70227 4.6835e-18)
(1.15701 -2.79105 0)
(1.01722 -2.91746 -1.93465e-19)
(0.863516 -3.10905 2.22314e-18)
(0.640301 -3.38988 6.55353e-19)
(-0.0354646 -3.71803 4.60137e-18)
(-0.296424 -2.21585 1.16913e-19)
(-0.315811 -1.93435 1.82367e-19)
(-0.400581 -1.76689 -1.6379e-19)
(-0.508804 -1.65576 1.45472e-21)
(-0.631888 -1.58317 0)
(-0.75399 -1.52951 2.39325e-20)
(-0.879006 -1.60347 0)
(-1.18308 -1.71005 5.23569e-19)
(-2.00395 -1.43166 1.143e-18)
(-2.86315 -1.605 -3.17139e-20)
(-3.12792 -2.00212 8.41381e-19)
(-3.39547 -2.12918 7.58256e-19)
(0.37153 -2.7407 4.49749e-19)
(0.2163 -2.37798 -6.29544e-19)
(-0.0390464 -2.3336 5.78674e-19)
(-0.312894 -2.33085 -2.28615e-21)
(-0.609799 -2.38516 -1.12859e-18)
(-1.0348 -2.39334 -1.988e-19)
(-1.8615 -2.42952 -1.14815e-18)
(-2.61501 -2.70716 -1.52648e-18)
(-2.97686 -2.71695 2.20303e-18)
(-3.12935 -2.7769 -5.00446e-19)
(-3.16335 -2.79787 7.3803e-19)
(-3.2453 -2.7846 4.60299e-19)
(0.347661 -2.98985 -3.5237e-19)
(0.114924 -2.69512 0)
(-0.29534 -2.72167 0)
(-0.769343 -2.74168 -1.61299e-18)
(-1.40496 -2.81273 0)
(-2.14592 -2.96257 -1.30649e-18)
(-2.67205 -2.99416 6.6433e-19)
(-2.98977 -2.98343 2.4188e-18)
(-3.15276 -2.86064 -1.21114e-18)
(-3.24947 -2.75327 -1.92488e-18)
(-3.28671 -2.67074 -3.76119e-18)
(-3.35384 -2.58497 3.82994e-18)
(0.318074 -3.31927 -1.6819e-18)
(-0.0645229 -3.11089 -1.23645e-18)
(-0.626391 -3.20586 2.45227e-18)
(-1.27654 -3.26988 9.91554e-19)
(-1.93604 -3.33403 0)
(-2.47287 -3.32127 -4.41605e-18)
(-2.79137 -3.20387 3.17686e-18)
(-2.97256 -3.07296 0)
(-3.087 -2.91283 3.17914e-18)
(-3.1514 -2.78792 -5.24359e-18)
(-3.19162 -2.68125 3.58356e-18)
(-3.24468 -2.57941 4.95841e-19)
(0.104452 -3.53855 1.93117e-18)
(-0.335004 -3.48889 3.05736e-18)
(-0.937374 -3.59876 9.80531e-19)
(-1.57788 -3.63801 0)
(-2.13599 -3.59708 -2.70369e-18)
(-2.51124 -3.46196 4.46125e-18)
(-2.72942 -3.28667 0)
(-2.86728 -3.11286 -3.19308e-18)
(-2.95451 -2.94227 -2.99497e-18)
(-3.01591 -2.79105 4.38149e-18)
(-3.06613 -2.65925 0)
(-3.12036 -2.53802 -3.34911e-18)
(-0.105221 -3.73744 2.02704e-18)
(-0.586896 -3.78739 7.39e-19)
(-1.15327 -3.87716 -2.27518e-18)
(-1.70862 -3.85254 -8.89597e-18)
(-2.14367 -3.7253 -3.09812e-19)
(-2.42586 -3.53772 7.82498e-18)
(-2.6059 -3.33429 0)
(-2.72905 -3.13705 8.92576e-18)
(-2.81823 -2.95125 -5.20967e-18)
(-2.88734 -2.78432 4.55462e-18)
(-2.94685 -2.6364 2.88257e-19)
(-3.00533 -2.50203 -6.12772e-20)
(-0.325032 -3.90251 -1.92035e-18)
(-0.791679 -4.04806 -1.47914e-18)
(-1.28058 -4.08495 0)
(-1.72604 -4.00128 9.80589e-18)
(-2.06615 -3.82416 -1.33352e-17)
(-2.30106 -3.60635 -2.19982e-19)
(-2.46567 -3.38155 -1.32116e-17)
(-2.58789 -3.16627 5.52915e-19)
(-2.6832 -2.96632 -5.12534e-18)
(-2.76149 -2.7851 -5.0955e-18)
(-2.83015 -2.62248 5.07231e-18)
(-2.89483 -2.47515 -4.19319e-18)
(-0.533693 -4.08707 -1.69644e-19)
(-0.938097 -4.29834 -1.79842e-18)
(-1.3287 -4.2647 0)
(-1.6765 -4.13608 4.81514e-18)
(-1.95304 -3.9247 3.30212e-18)
(-2.16228 -3.68219 2.9596e-18)
(-2.32205 -3.43734 -5.20117e-19)
(-2.44846 -3.20401 -1.28496e-19)
(-2.55193 -2.98774 -5.67534e-18)
(-2.6394 -2.79085 -6.12554e-19)
(-2.7163 -2.61324 2.38156e-19)
(-2.78694 -2.4526 0)
(-0.70521 -4.2571 2.10882e-18)
(-1.02855 -4.53057 0)
(-1.31485 -4.41868 0)
(-1.58303 -4.24637 -3.75041e-18)
(-1.81434 -4.00615 3.35197e-18)
(-2.00741 -3.74222 -6.9701e-18)
(-2.16702 -3.47938 0)
(-2.30033 -3.22976 5.803e-18)
(-2.41326 -2.99857 -2.4674e-19)
(-2.51038 -2.78775 4.96846e-18)
(-2.59558 -2.59719 -5.21637e-18)
(-2.67245 -2.42498 1.00424e-17)
(-0.837861 -4.51126 4.33262e-18)
(-1.02434 -4.72009 -1.36624e-18)
(-1.21143 -4.50226 -4.81869e-18)
(-1.42807 -4.27004 -8.342e-18)
(-1.63146 -4.00328 0)
(-1.8167 -3.72548 6.32537e-18)
(-1.98114 -3.45502 -1.28573e-17)
(-2.12505 -3.20032 5.72716e-18)
(-2.25048 -2.96472 6.15024e-18)
(-2.3598 -2.7494 0)
(-2.45545 -2.55409 -5.89051e-18)
(-2.54052 -2.37698 -9.95233e-18)
(-0.986286 -4.56342 -6.40516e-18)
(-0.934421 -4.68331 1.40119e-18)
(-1.01541 -4.37449 4.2496e-18)
(-1.19433 -4.0841 3.60057e-18)
(-1.38519 -3.8151 -4.99861e-20)
(-1.57419 -3.5526 -1.05561e-17)
(-1.75115 -3.30242 1.26298e-17)
(-1.91146 -3.06771 2.47449e-17)
(-2.05372 -2.84912 -1.73641e-17)
(-2.17896 -2.6473 -1.17998e-17)
(-2.28825 -2.46212 1.08334e-17)
(-2.38443 -2.29218 0)
(-0.402493 -4.17843 5.41143e-18)
(-0.559349 -4.09773 1.84269e-18)
(-0.683776 -3.79651 1.98779e-18)
(-0.875203 -3.55316 7.81604e-18)
(-1.08721 -3.36331 0)
(-1.29652 -3.17549 6.21975e-18)
(-1.49235 -2.98975 -1.24082e-17)
(-1.6712 -2.80873 -5.49981e-18)
(-1.83152 -2.63364 -5.64049e-18)
(-1.97388 -2.46686 1.07105e-17)
(-2.09807 -2.30955 5.61318e-18)
(-2.20692 -2.16126 1.61492e-17)
(-3.64765 -2.23585 9.45079e-20)
(-3.87343 -2.15796 6.13434e-19)
(-4.0355 -2.09021 2.43355e-19)
(-4.12032 -1.93596 -5.49121e-19)
(-4.13943 -1.79985 1.37114e-19)
(-4.08984 -1.60639 0)
(-3.96719 -1.42885 -5.21525e-19)
(-3.76153 -1.22598 3.95672e-19)
(-3.48259 -1.02786 0)
(-3.10008 -0.786284 1.16062e-19)
(-2.68099 -0.376374 0)
(-2.535 0.224077 -3.00337e-19)
(-3.34634 -2.75739 -4.32386e-18)
(-3.43615 -2.71258 3.04987e-18)
(-3.52981 -2.63054 2.33383e-18)
(-3.62071 -2.50917 -9.87679e-19)
(-3.69922 -2.3518 0)
(-3.73771 -2.1921 0)
(-3.7326 -2.03589 1.49642e-18)
(-3.67533 -1.89233 -1.61249e-18)
(-3.56499 -1.78085 0)
(-3.32432 -1.67756 6.10762e-19)
(-3.04913 -1.53724 -3.78281e-20)
(-3.19037 -1.02084 -1.10685e-18)
(-3.42032 -2.49797 1.67893e-18)
(-3.4896 -2.40789 -2.86548e-18)
(-3.55851 -2.31406 0)
(-3.61757 -2.2161 -3.00778e-18)
(-3.65774 -2.12055 -3.07013e-18)
(-3.6738 -2.02867 6.52261e-18)
(-3.65965 -1.95207 -5.80551e-18)
(-3.61632 -1.90099 0)
(-3.55118 -1.87864 0)
(-3.41581 -1.87079 0)
(-3.19928 -1.86026 -5.37263e-19)
(-3.41267 -1.74082 1.65523e-19)
(-3.29683 -2.4808 -1.35508e-18)
(-3.35012 -2.38522 -4.00687e-19)
(-3.40227 -2.29065 0)
(-3.45017 -2.1977 -3.78279e-19)
(-3.48918 -2.11092 0)
(-3.51482 -2.03598 0)
(-3.52308 -1.98083 1.33684e-18)
(-3.51692 -1.9551 -1.59877e-18)
(-3.4929 -1.95917 1.73543e-18)
(-3.42577 -2.01687 0)
(-3.24888 -2.10085 -5.53383e-19)
(-3.5471 -2.15039 -6.63619e-19)
(-3.17445 -2.4247 7.3888e-18)
(-3.22915 -2.31853 -1.82688e-18)
(-3.28304 -2.2187 3.27171e-18)
(-3.33371 -2.1265 1.46697e-18)
(-3.37851 -2.04562 -4.94561e-18)
(-3.41587 -1.98085 0)
(-3.44425 -1.94076 -1.66535e-18)
(-3.46292 -1.93227 0)
(-3.47847 -1.96462 0)
(-3.47569 -2.05359 1.23876e-18)
(-3.36115 -2.19723 3.13133e-20)
(-3.77393 -2.39682 7.44406e-19)
(-3.06274 -2.37865 -3.50724e-18)
(-3.1199 -2.2651 -2.65983e-19)
(-3.17643 -2.1609 0)
(-3.23135 -2.06711 0)
(-3.28378 -1.98666 -5.39968e-18)
(-3.33342 -1.92393 3.38074e-18)
(-3.38113 -1.88513 3.43548e-18)
(-3.4289 -1.8775 1.78613e-18)
(-3.47876 -1.91199 -4.22843e-18)
(-3.53296 -2.00594 -1.09257e-18)
(-3.47946 -2.19594 0)
(-3.93823 -2.51781 8.49009e-19)
(-2.95703 -2.34084 -8.29017e-18)
(-3.01802 -2.21816 3.4019e-18)
(-3.07831 -2.10664 3.75592e-18)
(-3.13822 -2.00705 2.05429e-19)
(-3.1983 -1.92163 -4.197e-19)
(-3.25982 -1.85398 -3.75724e-18)
(-3.32515 -1.80925 -5.44272e-18)
(-3.39788 -1.7943 -1.94969e-18)
(-3.48148 -1.8203 1.85754e-18)
(-3.58219 -1.90712 0)
(-3.60372 -2.09665 2.12587e-18)
(-4.0982 -2.50533 -5.42158e-19)
(-2.85347 -2.30675 8.43418e-18)
(-2.9177 -2.174 -4.58573e-18)
(-2.98099 -2.05359 -4.25338e-18)
(-3.04469 -1.94577 -7.73237e-18)
(-3.11049 -1.85204 7.55842e-18)
(-3.18093 -1.77489 -1.95132e-19)
(-3.25999 -1.71806 1.12577e-17)
(-3.35337 -1.68747 1.78519e-18)
(-3.46691 -1.69357 2.12963e-18)
(-3.61258 -1.75768 0)
(-3.71084 -1.93286 -1.45542e-18)
(-4.20375 -2.38763 -6.9596e-19)
(-2.74329 -2.26894 0)
(-2.81045 -2.12689 4.34356e-18)
(-2.87591 -1.9977 4.23051e-18)
(-2.94179 -1.88092 -4.31362e-18)
(-3.01065 -1.77721 -1.64741e-19)
(-3.08606 -1.68799 -4.27037e-18)
(-3.17345 -1.61513 -3.82733e-18)
(-3.28094 -1.56274 0)
(-3.41766 -1.53903 -1.9388e-18)
(-3.60268 -1.5648 -1.20357e-18)
(-3.78074 -1.70407 4.66625e-18)
(-4.26192 -2.12951 -9.9962e-19)
(-2.61706 -2.21609 0)
(-2.68786 -2.06869 0)
(-2.7553 -1.93355 0)
(-2.82194 -1.80961 -1.42751e-17)
(-2.8908 -1.69669 9.05418e-18)
(-2.96645 -1.59515 8.69817e-18)
(-3.05559 -1.50468 0)
(-3.16822 -1.4268 -4.33772e-18)
(-3.31735 -1.36559 0)
(-3.53218 -1.33857 -2.47023e-18)
(-3.77208 -1.403 -7.92536e-19)
(-4.24828 -1.71971 -1.27364e-18)
(-2.46872 -2.13617 0)
(-2.54439 -1.99083 0)
(-2.61389 -1.85553 1.04927e-17)
(-2.67994 -1.72869 1.46591e-17)
(-2.74572 -1.6098 4.04641e-19)
(-2.81619 -1.49831 4.85151e-18)
(-2.89956 -1.39166 -2.31127e-18)
(-3.0062 -1.28807 6.48898e-18)
(-3.15299 -1.18546 4.45197e-18)
(-3.37738 -1.09573 2.24001e-18)
(-3.6497 -1.03097 -1.8216e-18)
(-4.11825 -1.02335 -1.95704e-18)
(-2.29971 -2.02213 0)
(-2.38025 -1.88786 0)
(-2.45065 -1.75978 -9.9197e-18)
(-2.5134 -1.63596 5.21957e-18)
(-2.57234 -1.51603 -4.67016e-18)
(-2.6322 -1.39915 -4.71862e-18)
(-2.70228 -1.28115 4.90143e-18)
(-2.79106 -1.15699 0)
(-2.91747 -1.01718 -4.33957e-18)
(-3.10906 -0.863477 -2.31248e-18)
(-3.38988 -0.640257 2.25124e-18)
(-3.71804 0.0355032 -4.62066e-18)
(-2.21584 0.29641 1.16944e-19)
(-1.93435 0.315793 0)
(-1.76688 0.400563 0)
(-1.65576 0.508782 5.57429e-19)
(-1.58316 0.631891 -5.87919e-19)
(-1.52951 0.753958 0)
(-1.6034 0.878998 0)
(-1.71001 1.18304 5.23393e-19)
(-1.43166 2.00382 1.19217e-18)
(-1.60492 2.86312 1.24486e-18)
(-2.00206 3.12798 -2.49233e-20)
(-2.12916 3.39552 7.12578e-19)
(-2.74069 -0.371542 -6.24854e-19)
(-2.37797 -0.216315 0)
(-2.33356 0.039042 0)
(-2.3308 0.312909 -8.91271e-19)
(-2.38506 0.609782 2.32113e-18)
(-2.39334 1.03467 -2.64062e-18)
(-2.42945 1.86128 9.55746e-19)
(-2.70707 2.61494 8.76819e-19)
(-2.71694 2.97687 -2.75873e-19)
(-2.77687 3.1294 8.03823e-19)
(-2.79783 3.16345 0)
(-2.78461 3.24536 -1.82721e-18)
(-2.98984 -0.347697 3.52323e-19)
(-2.69508 -0.114987 0)
(-2.72161 0.295262 0)
(-2.74159 0.769187 -9.4194e-19)
(-2.81259 1.40472 7.12442e-19)
(-2.96241 2.14576 -1.64101e-18)
(-2.99406 2.67206 0)
(-2.98336 2.98988 -3.17593e-18)
(-2.86061 3.1529 3.89341e-18)
(-2.75323 3.24967 -1.09286e-18)
(-2.67074 3.28682 -2.64678e-18)
(-2.58498 3.35393 3.82967e-18)
(-3.31928 -0.318173 -8.40839e-19)
(-3.11084 0.064369 1.2362e-18)
(-3.20578 0.626204 0)
(-3.26976 1.27635 9.91732e-19)
(-3.33392 1.93593 -6.56101e-19)
(-3.32121 2.47292 1.18703e-18)
(-3.20385 2.7915 0)
(-3.07294 2.97271 -2.39513e-18)
(-2.91282 3.08715 -5.32535e-18)
(-2.78791 3.15153 3.65341e-18)
(-2.68125 3.1917 3.58361e-18)
(-2.57942 3.24476 -6.97484e-18)
(-3.53858 -0.104577 9.65342e-19)
(-3.48886 0.334832 -1.24479e-18)
(-3.59871 0.937211 2.93309e-18)
(-3.63797 1.57779 0)
(-3.59708 2.13601 -5.7372e-18)
(-3.46196 2.51137 5.33734e-18)
(-3.28667 2.72958 3.17835e-18)
(-3.11285 2.86743 2.4267e-18)
(-2.94226 2.95464 0)
(-2.79104 3.01601 0)
(-2.65925 3.0662 0)
(-2.53803 3.12042 -7.49963e-19)
(-3.7375 0.105076 5.25952e-18)
(-3.78739 0.586743 0)
(-3.87719 1.15316 -2.27539e-18)
(-3.85258 1.7086 4.64763e-18)
(-3.72535 2.14375 3.53845e-18)
(-3.53774 2.42599 -7.45769e-18)
(-3.3343 2.60603 3.50786e-18)
(-3.13704 2.72918 -1.22494e-17)
(-2.95123 2.81834 -1.90909e-19)
(-2.7843 2.88742 -4.49676e-19)
(-2.63639 2.94691 2.88278e-19)
(-2.50203 3.00537 1.18593e-17)
(-3.90258 0.324915 -6.88633e-18)
(-4.0481 0.791572 4.18368e-18)
(-4.08503 1.28052 -6.46234e-18)
(-4.00136 1.72604 -4.5265e-18)
(-3.82422 2.06622 -8.28939e-18)
(-3.60638 2.30116 -4.4264e-18)
(-3.38156 2.46578 -6.54508e-18)
(-3.16626 2.58799 1.08933e-17)
(-2.9663 2.68328 0)
(-2.78508 2.76155 9.54069e-18)
(-2.62246 2.83019 -1.33986e-17)
(-2.47514 2.89486 4.48808e-18)
(-4.08713 0.533605 -3.13638e-18)
(-4.2984 0.938025 -5.26423e-18)
(-4.26478 1.32866 7.39121e-18)
(-4.13617 1.67651 0)
(-3.92477 1.95309 -4.13832e-18)
(-3.68222 2.16236 6.29942e-18)
(-3.43734 2.32213 -3.2004e-19)
(-3.20399 2.44853 1.28506e-19)
(-2.98771 2.55198 -5.24105e-18)
(-2.79082 2.63945 -9.91049e-18)
(-2.61321 2.71633 4.44663e-18)
(-2.45258 2.78696 -4.51081e-18)
(-4.25717 0.705164 2.10886e-18)
(-4.53062 1.02851 0)
(-4.41876 1.31483 0)
(-4.24645 1.58303 0)
(-4.00622 1.81438 3.35193e-18)
(-3.74226 2.00747 0)
(-3.47939 2.16708 -4.10533e-19)
(-3.22975 2.30038 1.15233e-17)
(-2.99854 2.41331 2.81809e-19)
(-2.78772 2.51041 4.96855e-18)
(-2.59716 2.5956 -5.02127e-18)
(-2.42495 2.67246 1.48608e-17)
(-4.51132 0.837861 7.11528e-20)
(-4.72012 1.02431 7.25045e-18)
(-4.50232 1.21141 -2.21827e-18)
(-4.2701 1.42807 0)
(-4.00333 1.63148 0)
(-3.72552 1.81673 0)
(-3.45504 1.98118 0)
(-3.20031 2.12509 5.98601e-18)
(-2.9647 2.25051 -2.30244e-17)
(-2.74938 2.35982 -1.13963e-17)
(-2.55406 2.45546 1.10119e-17)
(-2.37695 2.54053 5.8998e-18)
(-4.56344 0.986296 -6.40492e-18)
(-4.68332 0.934406 -4.25856e-18)
(-4.37452 1.0154 -2.53851e-18)
(-4.08415 1.19432 0)
(-3.81515 1.38521 0)
(-3.55264 1.57422 7.09185e-18)
(-3.30245 1.75118 -1.31138e-17)
(-3.06772 1.91149 2.49612e-17)
(-2.84912 2.05376 1.77003e-17)
(-2.64729 2.17899 1.11114e-17)
(-2.46211 2.28827 -1.08332e-17)
(-2.29216 2.38444 6.27351e-19)
(-4.17844 0.402517 -1.83071e-18)
(-4.09774 0.559355 0)
(-3.79654 0.683779 3.80521e-18)
(-3.55321 0.875211 -1.16191e-17)
(-3.36336 1.08723 1.05036e-17)
(-3.17554 1.29655 3.56065e-19)
(-2.98979 1.49239 5.8939e-18)
(-2.80876 1.67124 -5.49972e-18)
(-2.63366 1.83155 -2.81092e-17)
(-2.46687 1.9739 0)
(-2.30955 2.09809 0)
(-2.16126 2.20693 4.90643e-19)
(-2.23587 3.6477 -6.60544e-19)
(-2.15798 3.87349 -4.94768e-19)
(-2.09025 4.03557 -2.40125e-19)
(-1.936 4.12039 -4.81544e-19)
(-1.79988 4.13949 1.35572e-19)
(-1.60642 4.0899 8.61965e-20)
(-1.42888 3.96724 -5.21462e-19)
(-1.226 3.76159 1.3806e-18)
(-1.02788 3.48264 -6.7954e-19)
(-0.786301 3.10011 -1.16059e-19)
(-0.376395 2.68101 0)
(0.224032 2.53503 0)
(-2.75739 3.34641 3.91361e-18)
(-2.7126 3.43622 -1.75443e-18)
(-2.63057 3.52987 -8.87046e-19)
(-2.5092 3.62076 0)
(-2.35183 3.69927 -1.46013e-18)
(-2.19214 3.73776 0)
(-2.03593 3.73264 -6.52431e-19)
(-1.89237 3.67537 1.61241e-18)
(-1.78089 3.56502 0)
(-1.67759 3.32434 1.46491e-18)
(-1.53727 3.04915 -1.73193e-18)
(-1.02089 3.19038 2.53983e-19)
(-2.49798 3.4204 1.62518e-18)
(-2.40791 3.48967 -4.39808e-18)
(-2.31408 3.55856 1.23121e-18)
(-2.21613 3.61762 0)
(-2.12058 3.65778 1.31836e-18)
(-2.02871 3.67384 3.2965e-18)
(-1.95211 3.65968 -4.50504e-18)
(-1.90103 3.61634 2.05578e-18)
(-1.87868 3.5512 -8.90717e-19)
(-1.87083 3.41582 0)
(-1.8603 3.19928 0)
(-1.74087 3.41267 -1.52735e-19)
(-2.48081 3.2969 -3.1952e-18)
(-2.38524 3.35018 2.64557e-18)
(-2.29067 3.40232 3.08395e-18)
(-2.19773 3.45021 -1.68077e-18)
(-2.11095 3.48921 -3.11995e-18)
(-2.03602 3.51484 0)
(-1.98087 3.5231 1.60187e-19)
(-1.95514 3.51694 3.23545e-18)
(-1.95922 3.49291 -2.51117e-18)
(-2.01691 3.42578 9.99724e-19)
(-2.1009 3.24888 -5.6353e-20)
(-2.15045 3.5471 -5.94579e-19)
(-2.42471 3.1745 3.54623e-18)
(-2.31854 3.22918 -1.8269e-18)
(-2.21873 3.28307 3.27173e-18)
(-2.12652 3.33373 -1.7463e-18)
(-2.04565 3.37853 0)
(-1.98089 3.41588 0)
(-1.94081 3.44426 -1.40664e-18)
(-1.93232 3.46292 -3.48354e-18)
(-1.96467 3.47848 1.86149e-18)
(-2.05364 3.47569 1.23867e-18)
(-2.19728 3.36115 -1.081e-18)
(-2.39688 3.77393 0)
(-2.37865 3.06277 -2.5039e-19)
(-2.26511 3.11993 -7.43798e-18)
(-2.16092 3.17644 0)
(-2.06713 3.23136 3.40821e-18)
(-1.98669 3.28379 -3.37051e-18)
(-1.92396 3.33343 0)
(-1.88517 3.38113 -1.34813e-19)
(-1.87755 3.4289 -1.49193e-19)
(-1.91204 3.47876 0)
(-2.00599 3.53296 -2.38236e-18)
(-2.19599 3.47945 1.10469e-18)
(-2.51787 3.93823 -6.14075e-19)
(-2.34083 2.95705 -4.27469e-18)
(-2.21816 3.01803 1.15795e-17)
(-2.10665 3.07832 0)
(-2.00706 3.13822 -3.66029e-18)
(-1.92166 3.1983 3.5947e-18)
(-1.85401 3.25981 3.54358e-18)
(-1.80929 3.32514 -3.90621e-18)
(-1.79434 3.39787 -1.84384e-18)
(-1.82035 3.48147 0)
(-1.90717 3.58218 -1.50817e-18)
(-2.09669 3.60371 1.49877e-18)
(-2.50538 4.09819 0)
(-2.30674 2.85347 8.64914e-18)
(-2.17399 2.9177 -8.14724e-18)
(-2.05359 2.98099 8.32383e-18)
(-1.94578 3.04468 -7.93141e-18)
(-1.85206 3.11047 5.4761e-22)
(-1.77491 3.18092 3.80512e-18)
(-1.71809 3.25998 3.55329e-18)
(-1.6875 3.35336 0)
(-1.69361 3.4669 -2.12962e-18)
(-1.75772 3.61257 4.81003e-18)
(-1.9329 3.71083 -1.45538e-18)
(-2.38767 4.20374 0)
(-2.26892 2.74329 4.6791e-18)
(-2.12688 2.81044 1.78912e-19)
(-1.9977 2.87589 -4.23052e-18)
(-1.88093 2.94177 0)
(-1.77722 3.01063 0)
(-1.68801 3.08603 0)
(-1.61516 3.17342 0)
(-1.56277 3.28092 -4.14022e-18)
(-1.53907 3.41764 1.93878e-18)
(-1.56485 3.60267 2.81278e-19)
(-1.70411 3.78073 0)
(-2.12954 4.26191 0)
(-2.21607 2.61705 -5.02687e-18)
(-2.06868 2.68785 -1.48397e-17)
(-1.93354 2.75528 0)
(-1.80961 2.82192 4.94668e-18)
(-1.6967 2.89077 9.22755e-18)
(-1.59516 2.96642 0)
(-1.5047 3.05556 0)
(-1.42683 3.1682 1.78793e-18)
(-1.36563 3.31733 -6.45632e-18)
(-1.33861 3.53216 2.23757e-19)
(-1.40303 3.77207 0)
(-1.71974 4.24828 0)
(-2.13616 2.46872 -5.62527e-18)
(-1.99082 2.54438 -5.82025e-18)
(-1.85552 2.61387 1.04926e-17)
(-1.72869 2.67991 -1.46589e-17)
(-1.60981 2.74569 5.22471e-18)
(-1.49832 2.81617 9.56901e-18)
(-1.39168 2.89953 -2.40539e-18)
(-1.2881 3.00618 2.0807e-18)
(-1.18549 3.15296 4.1797e-18)
(-1.09576 3.37736 -4.63918e-18)
(-1.03101 3.64969 -1.8216e-18)
(-1.02337 4.11824 0)
(-2.02213 2.29971 -4.88335e-19)
(-1.88786 2.38025 1.00653e-17)
(-1.75977 2.45064 -9.91949e-18)
(-1.63596 2.51338 0)
(-1.51604 2.57231 -9.57424e-18)
(-1.39916 2.63217 -1.45993e-17)
(-1.28117 2.70225 -2.18072e-19)
(-1.15701 2.79103 0)
(-1.01721 2.91744 0)
(-0.863506 3.10904 1.09572e-18)
(-0.640285 3.38987 9.5469e-21)
(0.0354896 3.71803 2.32429e-18)
(0.140132 2.64016 5.62918e-19)
(0.231528 2.73623 2.26368e-18)
(0.426071 2.77724 1.25938e-19)
(0.633429 2.77047 0)
(0.849042 2.73191 5.49091e-18)
(1.0587 2.65987 -5.15941e-18)
(1.25775 2.56539 -1.53323e-17)
(1.44344 2.45701 -1.0213e-17)
(1.6137 2.3413 -6.90106e-21)
(1.76792 2.22342 -4.91707e-18)
(1.90345 2.10628 9.91547e-18)
(2.02266 1.99054 -9.51737e-18)
(0.170348 2.25192 0)
(0.29735 2.24303 0)
(0.43154 2.25139 -2.19289e-18)
(0.575406 2.24939 4.46307e-18)
(0.738691 2.23798 -1.10536e-17)
(0.912879 2.20882 -6.68233e-18)
(1.09069 2.16337 8.71301e-18)
(1.26623 2.10491 2.19841e-17)
(1.43405 2.03707 -4.41011e-18)
(1.59071 1.96334 0)
(1.72966 1.88548 2.42145e-19)
(1.85211 1.80354 0)
(0.134708 2.0163 -4.37539e-19)
(0.25019 1.98362 4.51751e-19)
(0.378821 1.96139 3.7008e-18)
(0.513124 1.93946 3.88846e-20)
(0.660701 1.9189 3.77541e-18)
(0.819041 1.89409 -6.55675e-20)
(0.983675 1.86344 0)
(1.14987 1.82719 -3.87429e-18)
(1.31164 1.78555 -3.9811e-18)
(1.46371 1.73929 1.21894e-17)
(1.59621 1.68773 -1.21635e-17)
(1.70857 1.63007 8.36398e-18)
(0.100859 1.80914 -7.93747e-19)
(0.214644 1.78151 1.62131e-18)
(0.337523 1.75854 3.06203e-20)
(0.466292 1.73862 -3.35401e-18)
(0.607582 1.72174 -6.89493e-18)
(0.760955 1.70418 -4.96091e-20)
(0.922845 1.68315 -7.14683e-18)
(1.0879 1.65667 3.63553e-18)
(1.24817 1.62281 -3.68359e-18)
(1.39446 1.58054 -7.46187e-18)
(1.51238 1.52845 0)
(1.59526 1.46683 7.82645e-18)
(2.12072 1.8779 9.45528e-18)
(2.20225 1.76159 9.7318e-18)
(2.26889 1.64674 0)
(2.32286 1.53108 0)
(2.36942 1.41512 4.55577e-18)
(2.41347 1.29812 -4.45392e-18)
(2.46503 1.17549 2.10697e-18)
(2.52904 1.04085 6.43694e-18)
(2.6222 0.881034 0)
(2.73386 0.686258 0)
(2.92191 0.394881 5.76256e-19)
(2.77896 -0.246012 -1.5125e-18)
(1.94571 1.7195 -9.04964e-18)
(2.01776 1.62141 2.85965e-19)
(2.07033 1.52129 0)
(2.10669 1.41594 -4.27824e-18)
(2.13423 1.30717 -6.7788e-21)
(2.15876 1.1943 4.08061e-18)
(2.1914 1.0733 0)
(2.23474 0.937362 -3.98613e-18)
(2.30502 0.776852 0)
(2.37377 0.577895 -3.84927e-18)
(2.49924 0.341916 -1.85309e-18)
(2.41365 -0.100579 -1.49634e-26)
(1.77748 1.56631 -2.47382e-19)
(1.82124 1.47722 -8.00682e-18)
(1.84557 1.38771 0)
(1.85526 1.29146 7.90818e-18)
(1.8603 1.19149 3.80426e-18)
(1.86758 1.08619 1.5936e-21)
(1.88818 0.971817 -9.12956e-18)
(1.92247 0.840198 1.07067e-17)
(1.98539 0.686529 -1.74619e-18)
(2.04187 0.494988 7.78796e-18)
(2.13901 0.30013 2.4602e-18)
(2.11408 -0.00952044 -4.34343e-19)
(1.60308 1.39955 2.28484e-17)
(1.59302 1.30589 0)
(1.57964 1.22364 0)
(1.56191 1.13871 -6.9549e-18)
(1.55121 1.05433 -6.91912e-18)
(1.55359 0.965626 6.7391e-18)
(1.57723 0.867587 1.307e-17)
(1.62002 0.749823 -6.38735e-18)
(1.6904 0.610329 3.17387e-18)
(1.75514 0.433466 -3.14286e-18)
(1.84043 0.258557 -1.5277e-18)
(1.8578 0.0269673 -3.89545e-19)
(2.64019 -0.14014 -1.12584e-18)
(2.73626 -0.23154 0)
(2.77727 -0.426083 1.25942e-19)
(2.7705 -0.633443 0)
(2.73195 -0.849058 0)
(2.6599 -1.05872 5.15934e-18)
(2.56542 -1.25777 0)
(2.45702 -1.44345 9.87572e-18)
(2.34131 -1.6137 9.73494e-18)
(2.22342 -1.76792 9.97035e-18)
(2.10628 -1.90344 -4.88384e-18)
(1.99053 -2.02265 -5.01902e-18)
(2.25194 -0.17036 -5.30569e-19)
(2.24305 -0.297362 -5.4068e-19)
(2.25141 -0.431552 -1.0875e-18)
(2.24941 -0.575418 0)
(2.23801 -0.738703 -2.21252e-18)
(2.20885 -0.91289 1.11079e-17)
(2.16339 -1.09069 0)
(2.10493 -1.26624 4.40473e-18)
(2.03708 -1.43405 -4.41001e-18)
(1.96334 -1.5907 -8.72426e-18)
(1.88548 -1.72965 -8.99983e-18)
(1.80354 -1.85209 8.78129e-18)
(2.01631 -0.134724 -8.78921e-19)
(1.98363 -0.250208 1.35053e-18)
(1.9614 -0.378835 -2.76117e-18)
(1.93948 -0.513135 1.8781e-18)
(1.91891 -0.660709 0)
(1.8941 -0.819046 -1.5352e-17)
(1.86346 -0.983676 0)
(1.8272 -1.14987 7.90344e-18)
(1.78556 -1.31163 -4.01985e-18)
(1.7393 -1.4637 8.15944e-18)
(1.68774 -1.59619 4.00552e-18)
(1.63007 -1.70855 -8.3637e-18)
(1.80914 -0.100879 1.1869e-18)
(1.78152 -0.214665 1.62131e-18)
(1.75855 -0.337539 0)
(1.73863 -0.466302 0)
(1.72174 -0.607587 0)
(1.70418 -0.760954 1.39874e-17)
(1.68316 -0.92284 7.1467e-18)
(1.65668 -1.08789 -1.0869e-17)
(1.62281 -1.24815 1.10801e-17)
(1.58054 -1.39444 -7.46167e-18)
(1.52845 -1.51236 0)
(1.46683 -1.59523 7.5647e-18)
(1.87789 -2.1207 -9.82399e-18)
(1.76159 -2.20222 -9.73144e-18)
(1.64674 -2.26886 9.24293e-18)
(1.53107 -2.32283 -9.45792e-18)
(1.41512 -2.3694 0)
(1.29813 -2.41344 -9.07066e-18)
(1.1755 -2.46501 1.11733e-17)
(1.04086 -2.52901 -2.16537e-18)
(0.881045 -2.62217 4.21623e-18)
(0.686272 -2.73383 -1.0776e-18)
(0.394896 -2.92189 1.10089e-18)
(-0.245996 -2.77893 -7.84742e-19)
(1.71949 -1.94569 8.76348e-18)
(1.62141 -2.01773 8.68264e-18)
(1.52129 -2.07031 0)
(1.41594 -2.10667 4.12493e-18)
(1.30717 -2.13421 8.3583e-18)
(1.1943 -2.15874 3.95785e-18)
(1.0733 -2.19138 -1.60333e-17)
(0.93737 -2.23472 -3.98601e-18)
(0.776863 -2.305 -3.90411e-18)
(0.57791 -2.37375 -9.60721e-19)
(0.341932 -2.49922 9.22388e-19)
(-0.10056 -2.41362 5.1253e-19)
(1.56631 -1.77746 0)
(1.47722 -1.82122 -1.23121e-17)
(1.38771 -1.84555 3.98727e-18)
(1.29146 -1.85525 4.00847e-18)
(1.1915 -1.86029 7.60958e-18)
(1.08619 -1.86756 -3.7096e-18)
(0.971824 -1.88817 8.99973e-18)
(0.840208 -1.92246 8.91936e-18)
(0.686542 -1.98537 1.72839e-18)
(0.495004 -2.04185 -1.72634e-18)
(0.300148 -2.13899 -4.12319e-19)
(-0.00949979 -2.11405 -3.93773e-21)
(1.39955 -1.60306 0)
(1.30589 -1.593 -1.56359e-19)
(1.22365 -1.57963 0)
(1.13871 -1.5619 -1.40569e-17)
(1.05434 -1.55121 3.4271e-18)
(0.965632 -1.55359 -1.00905e-17)
(0.867595 -1.57722 0)
(0.749833 -1.62 -6.38717e-18)
(0.610341 -1.69038 3.15299e-18)
(0.433483 -1.75511 -3.1486e-18)
(0.258577 -1.8404 -1.14557e-18)
(0.0269901 -1.85777 -3.8923e-19)
(-0.140121 -2.64016 -1.12581e-18)
(-0.231532 -2.73623 1.19775e-19)
(-0.426081 -2.77722 0)
(-0.633435 -2.77044 -2.57914e-18)
(-0.849037 -2.73187 5.43153e-18)
(-1.05868 -2.65982 -8.04806e-18)
(-1.25772 -2.56534 -2.12264e-19)
(-1.44339 -2.45695 1.00767e-17)
(-1.61365 -2.34125 -4.96877e-18)
(-1.76787 -2.22338 0)
(-1.90339 -2.10625 -1.94845e-17)
(-2.02261 -1.99051 3.57527e-19)
(-0.170338 -2.25191 1.06752e-18)
(-0.297349 -2.24302 -5.21301e-19)
(-0.43154 -2.25137 4.45149e-18)
(-0.575402 -2.24936 -8.85006e-18)
(-0.738679 -2.23794 4.4589e-18)
(-0.912856 -2.20878 -1.5646e-19)
(-1.09065 -2.16333 0)
(-1.26619 -2.10486 1.32816e-17)
(-1.434 -2.03702 -4.40991e-18)
(-1.59066 -1.9633 0)
(-1.72961 -1.88545 8.75756e-18)
(-1.85206 -1.80351 -8.78118e-18)
(-0.134702 -2.01628 -4.36289e-19)
(-0.250189 -1.9836 2.47452e-20)
(-0.378818 -1.96137 -3.65813e-18)
(-0.513115 -1.93944 3.7211e-18)
(-0.660683 -1.91887 -3.77526e-18)
(-0.819014 -1.89405 1.15095e-17)
(-0.983639 -1.86341 1.16963e-17)
(-1.14983 -1.82716 -3.87413e-18)
(-1.3116 -1.78551 4.03221e-18)
(-1.46367 -1.73926 0)
(-1.59617 -1.68771 -8.26862e-18)
(-1.70854 -1.63005 0)
(-0.100855 -1.80911 -1.58749e-18)
(-0.214643 -1.78149 -3.22529e-18)
(-0.337519 -1.75851 3.31423e-18)
(-0.46628 -1.73859 -1.6784e-18)
(-0.607561 -1.72171 3.43128e-18)
(-0.760926 -1.70415 -1.22083e-17)
(-0.92281 -1.68312 -7.09755e-18)
(-1.08786 -1.65665 7.25684e-18)
(-1.24813 -1.62279 -1.10312e-17)
(-1.39444 -1.58053 0)
(-1.51236 -1.52844 7.54788e-18)
(-1.59525 -1.46682 -1.53908e-17)
(-2.12067 -1.87788 1.46526e-17)
(-2.2022 -1.76158 -4.77991e-18)
(-2.26885 -1.64673 0)
(-2.32283 -1.53107 -9.09877e-18)
(-2.3694 -1.41511 0)
(-2.41344 -1.29811 0)
(-2.46502 -1.17548 -4.32403e-18)
(-2.52902 -1.04084 0)
(-2.62219 -0.881013 0)
(-2.73385 -0.686236 -4.39688e-20)
(-2.9219 -0.394856 2.22627e-18)
(-2.77894 0.246035 1.56947e-18)
(-1.94567 -1.71948 -8.76339e-18)
(-2.01772 -1.6214 0)
(-2.0703 -1.52128 0)
(-2.10666 -1.41593 -4.27801e-18)
(-2.13421 -1.30716 4.17568e-18)
(-2.15874 -1.19429 0)
(-2.19139 -1.07328 -6.10546e-18)
(-2.23474 -0.937345 -1.9672e-18)
(-2.30502 -0.776832 0)
(-2.37378 -0.577876 -9.8834e-19)
(-2.49925 -0.341894 -2.3059e-18)
(-2.41365 0.1006 -5.0992e-19)
(-1.77745 -1.56629 8.36764e-18)
(-1.82122 -1.47721 -4.06677e-18)
(-1.84555 -1.3877 -8.10148e-18)
(-1.85525 -1.29145 3.90029e-18)
(-1.86029 -1.19148 -7.70308e-18)
(-1.86758 -1.08618 0)
(-1.88819 -0.971805 1.44999e-17)
(-1.92249 -0.840183 0)
(-1.98541 -0.686511 1.75878e-18)
(-2.04189 -0.494971 8.59988e-19)
(-2.13903 -0.300112 1.23407e-18)
(-2.11409 0.0095368 3.06713e-22)
(-1.60307 -1.39955 -7.50831e-18)
(-1.59301 -1.30589 0)
(-1.57964 -1.22365 7.12855e-18)
(-1.56192 -1.13871 -1.06215e-17)
(-1.55123 -1.05433 1.71409e-17)
(-1.55362 -0.965624 -6.73867e-18)
(-1.57726 -0.86758 -1.30692e-17)
(-1.62006 -0.749811 0)
(-1.69044 -0.610312 0)
(-1.75517 -0.433451 0)
(-1.84046 -0.258543 -1.52768e-18)
(-1.85782 -0.026954 -1.17187e-18)
(-2.64018 0.140152 -5.30421e-20)
(-2.73625 0.231556 5.90319e-19)
(-2.77726 0.4261 0)
(-2.77049 0.633456 5.44794e-18)
(-2.73193 0.849064 -2.58693e-18)
(-2.65988 1.05872 -7.80135e-18)
(-2.56539 1.25776 -5.12988e-18)
(-2.457 1.44343 5.04441e-18)
(-2.34129 1.61368 9.7346e-18)
(-2.22341 1.7679 9.97e-18)
(-2.10628 1.90342 -9.91479e-18)
(-1.99053 2.02262 -9.51669e-18)
(-2.25194 0.170372 -1.6332e-26)
(-2.24305 0.297376 2.19534e-18)
(-2.25141 0.431565 4.45146e-18)
(-2.24941 0.57543 0)
(-2.238 0.738711 4.45887e-18)
(-2.20884 0.912894 0)
(-2.16339 1.09069 4.40458e-18)
(-2.10493 1.26623 -4.80985e-21)
(-2.03708 1.43404 -1.33052e-17)
(-1.96335 1.59069 -8.72398e-18)
(-1.88549 1.72964 8.75741e-18)
(-1.80354 1.85207 9.04707e-18)
(-2.01632 0.134738 4.4135e-19)
(-1.98364 0.250223 -4.49395e-18)
(-1.96141 0.378851 -6.43597e-18)
(-1.93949 0.51315 -1.87026e-18)
(-1.91892 0.660721 -1.13881e-17)
(-1.89411 0.819054 5.79195e-18)
(-1.86347 0.983681 3.65383e-21)
(-1.82722 1.14987 3.93755e-18)
(-1.78557 1.31163 -1.12518e-19)
(-1.73931 1.4637 0)
(-1.68775 1.59619 0)
(-1.63008 1.70854 2.22758e-19)
(-1.80916 0.100893 4.00602e-19)
(-1.78153 0.21468 1.60398e-18)
(-1.75856 0.337556 3.28355e-18)
(-1.73864 0.466319 -3.38294e-18)
(-1.72176 0.607602 1.37362e-17)
(-1.7042 0.760967 -6.96868e-18)
(-1.68317 0.922849 0)
(-1.65669 1.08789 7.28024e-18)
(-1.62283 1.24815 7.3477e-18)
(-1.58056 1.39444 0)
(-1.52847 1.51235 0)
(-1.46684 1.59522 -2.2955e-17)
(-1.87789 2.12067 9.45459e-18)
(-1.76158 2.2022 -9.73106e-18)
(-1.64674 2.26884 -1.43327e-17)
(-1.53107 2.32281 -7.60752e-21)
(-1.41512 2.36937 9.23657e-18)
(-1.29812 2.41342 2.22674e-17)
(-1.17549 2.46499 4.32397e-18)
(-1.04086 2.529 -4.41364e-18)
(-0.881036 2.62217 0)
(-0.68626 2.73383 -4.39685e-20)
(-0.394879 2.92189 0)
(0.246018 2.77894 -7.84738e-19)
(-1.7195 1.94567 0)
(-1.62141 2.01771 -2.85939e-19)
(-1.52129 2.07028 8.56031e-18)
(-1.41594 2.10664 -1.29556e-17)
(-1.30717 2.13418 -1.25112e-17)
(-1.1943 2.15872 -8.03803e-18)
(-1.0733 2.19137 1.01372e-17)
(-0.937363 2.23472 5.91466e-18)
(-0.776852 2.30501 -3.90397e-18)
(-0.577897 2.37376 1.89997e-18)
(-0.341915 2.49924 0)
(0.100582 2.41364 0)
(-1.56631 1.77744 -8.36747e-18)
(-1.47723 1.8212 3.93959e-18)
(-1.38771 1.84553 -4.11073e-18)
(-1.29146 1.85523 3.78765e-18)
(-1.19149 1.86027 1.13091e-17)
(-1.08619 1.86756 0)
(-0.971819 1.88817 1.3848e-19)
(-0.840199 1.92247 -3.53241e-18)
(-0.686528 1.98539 -3.04622e-20)
(-0.494989 2.04188 -3.4666e-18)
(-0.30013 2.13902 4.12309e-19)
(0.0095166 2.11408 -4.34017e-19)
(-1.39956 1.60304 -7.83053e-18)
(-1.3059 1.59298 0)
(-1.22365 1.57961 7.12853e-18)
(-1.13872 1.56189 -1.06215e-17)
(-1.05434 1.55121 3.43909e-18)
(-0.965634 1.5536 0)
(-0.867593 1.57724 9.72023e-20)
(-0.749826 1.62004 6.45694e-18)
(-0.610328 1.69042 3.15291e-18)
(-0.433466 1.75516 -5.82392e-21)
(-0.258559 1.84045 0)
(-0.0269753 1.85781 7.80707e-19)
(0.0846979 1.60352 1.07121e-18)
(0.197922 1.60187 2.19992e-20)
(0.324723 1.6039 -4.71077e-18)
(0.46224 1.6108 0)
(0.614626 1.61816 7.4884e-18)
(0.777393 1.61984 1.77646e-17)
(0.942674 1.61041 2.54743e-17)
(1.09955 1.58538 0)
(1.2345 1.54227 0)
(1.33299 1.48116 -5.12547e-18)
(1.38093 1.40568 5.06802e-18)
(1.3697 1.32323 -2.02472e-17)
(0.0806226 1.42032 -5.45002e-19)
(0.19491 1.4373 1.73575e-18)
(0.321099 1.45656 -6.02904e-18)
(0.458974 1.47883 0)
(0.609047 1.4976 1.0316e-17)
(0.764802 1.50572 -1.03215e-17)
(0.916071 1.4969 -5.166e-18)
(1.04976 1.46674 6.87986e-21)
(1.15128 1.41377 -5.2768e-18)
(1.20799 1.34183 0)
(1.21094 1.26016 0)
(1.1609 1.18169 2.14043e-17)
(0.0873436 1.24973 0)
(0.200231 1.27591 -2.29424e-18)
(0.323832 1.30252 4.80675e-18)
(0.457598 1.32893 2.52109e-18)
(0.598857 1.34829 -1.57117e-17)
(0.739168 1.35407 8.01632e-18)
(0.866989 1.34089 -1.63416e-17)
(0.969014 1.30583 5.55099e-18)
(1.0328 1.24974 1.41239e-20)
(1.05049 1.17882 2.96562e-20)
(1.02002 1.10601 -3.07505e-17)
(0.955964 1.05317 -2.51607e-17)
(0.0978493 1.08554 0)
(0.206558 1.11311 4.60363e-18)
(0.324 1.13892 0)
(0.448435 1.16139 1.01149e-17)
(0.574785 1.17444 0)
(0.693335 1.17282 5.56234e-18)
(0.792103 1.1526 2.29163e-17)
(0.858554 1.11198 -6.00577e-18)
(0.882851 1.05195 0)
(0.862452 0.976482 0)
(0.799292 0.894812 -7.98712e-18)
(0.731777 0.872908 7.81773e-18)
(1.28582 1.23167 -2.01559e-17)
(1.24943 1.12056 -4.94159e-18)
(1.22927 1.05438 2.41588e-17)
(1.21698 0.98568 -1.4015e-17)
(1.22654 0.919765 1.79916e-17)
(1.25855 0.846768 -1.74637e-17)
(1.31468 0.759787 -2.12029e-17)
(1.38945 0.649456 0)
(1.47668 0.514805 -4.03494e-18)
(1.55194 0.352511 0)
(1.61674 0.19324 0)
(1.6282 0.0194775 -1.03677e-18)
(1.03315 1.09112 0)
(1.00141 0.957381 0)
(0.991313 0.904489 -1.8229e-17)
(0.989371 0.850817 4.39977e-18)
(1.01211 0.798769 4.28781e-18)
(1.05689 0.73862 -5.36542e-20)
(1.1227 0.663839 1.01766e-17)
(1.20225 0.567108 6.06494e-18)
(1.28587 0.447963 0)
(1.35507 0.307435 0)
(1.40602 0.169206 -5.01734e-19)
(1.42195 0.0250182 2.59996e-18)
(0.78799 0.993895 0)
(0.783067 0.828615 -4.81007e-18)
(0.795507 0.785328 -1.35373e-17)
(0.807531 0.744266 1.72982e-17)
(0.84118 0.700384 1.68006e-17)
(0.892955 0.64621 4.07697e-18)
(0.960848 0.577057 -6.05386e-18)
(1.03721 0.488216 -5.95053e-18)
(1.11242 0.380691 7.9682e-18)
(1.17291 0.258159 0)
(1.21587 0.137881 5.05485e-19)
(1.23661 0.0152428 1.58136e-18)
(0.548072 0.90012 -3.22672e-17)
(0.585477 0.697435 -2.11646e-17)
(0.628709 0.670636 1.83234e-17)
(0.655503 0.646132 -2.15599e-17)
(0.696651 0.611091 4.23861e-18)
(0.750861 0.562532 0)
(0.816303 0.498677 -2.04227e-18)
(0.886017 0.417388 3.31235e-21)
(0.951919 0.320919 -5.95944e-18)
(1.00434 0.213781 0)
(1.0421 0.10814 -3.57425e-18)
(1.06563 0.000554727 -4.75237e-18)
(1.60352 -0.0847239 -2.15176e-18)
(1.60187 -0.197941 -2.24523e-18)
(1.6039 -0.324734 0)
(1.61079 -0.462243 0)
(1.61815 -0.614622 7.59822e-18)
(1.61983 -0.777384 -7.54967e-18)
(1.6104 -0.94266 1.04964e-19)
(1.58537 -1.09953 1.52394e-17)
(1.54227 -1.23448 -5.00139e-18)
(1.48116 -1.33296 5.1253e-18)
(1.40568 -1.3809 -2.5467e-17)
(1.32323 -1.36968 0)
(1.42032 -0.0806484 1.63278e-18)
(1.43729 -0.194926 1.72563e-18)
(1.45655 -0.321106 -4.8241e-18)
(1.47882 -0.458973 -2.50686e-18)
(1.49758 -0.60904 -7.6389e-18)
(1.5057 -0.76479 0)
(1.49688 -0.916055 -1.56183e-17)
(1.46672 -1.04974 -5.2799e-18)
(1.41376 -1.15126 -1.05251e-17)
(1.34182 -1.20797 0)
(1.26016 -1.21091 2.14465e-17)
(1.18169 -1.16088 0)
(1.24973 -0.0873678 1.10148e-18)
(1.2759 -0.200241 -4.60189e-18)
(1.30251 -0.323834 4.80643e-18)
(1.3289 -0.457592 2.52093e-18)
(1.34827 -0.598847 -5.25181e-18)
(1.35405 -0.739154 2.67804e-18)
(1.34087 -0.866973 0)
(1.30581 -0.968996 5.50865e-18)
(1.24973 -1.03278 5.69595e-18)
(1.17882 -1.05047 5.92589e-18)
(1.10601 -1.02 -3.07497e-17)
(1.05317 -0.955948 0)
(1.08554 -0.097871 -2.1996e-18)
(1.1131 -0.206564 6.89521e-18)
(1.1389 -0.323998 0)
(1.16136 -0.448427 -1.01142e-17)
(1.17441 -0.574775 0)
(1.17279 -0.693322 -5.56209e-18)
(1.15258 -0.792089 -5.74424e-18)
(1.11197 -0.858539 2.99946e-17)
(1.05194 -0.882836 1.0036e-20)
(0.976481 -0.862436 -7.02028e-18)
(0.894812 -0.799276 3.22166e-17)
(0.872901 -0.731761 -3.10502e-17)
(1.23167 -1.28581 0)
(1.12057 -1.24943 -9.95005e-18)
(1.05439 -1.22927 0)
(0.985684 -1.21697 4.60641e-18)
(0.91977 -1.22653 4.52185e-18)
(0.846774 -1.25854 2.18018e-17)
(0.759795 -1.31466 6.38845e-18)
(0.649466 -1.38942 -2.07283e-18)
(0.514819 -1.47665 4.07852e-18)
(0.35253 -1.55191 -3.32123e-20)
(0.193262 -1.61671 1.977e-18)
(0.0195009 -1.62816 0)
(1.09112 -1.03314 5.29394e-18)
(0.957384 -1.0014 -9.67761e-18)
(0.904493 -0.991308 4.55408e-18)
(0.850821 -0.989362 0)
(0.798774 -1.01209 8.59011e-18)
(0.738626 -1.05687 -8.31962e-18)
(0.663847 -1.12267 -1.63356e-17)
(0.567118 -1.20222 0)
(0.447977 -1.28584 -3.96496e-18)
(0.307453 -1.35504 -3.69463e-20)
(0.169227 -1.40599 -5.01716e-19)
(0.0250401 -1.42192 5.21908e-19)
(0.993889 -0.787987 0)
(0.828615 -0.783063 -9.00464e-20)
(0.785332 -0.795499 -1.80259e-17)
(0.744271 -0.807517 1.72974e-17)
(0.700389 -0.841161 -8.36357e-18)
(0.646216 -0.892931 -4.09339e-18)
(0.577066 -0.96082 1.00439e-17)
(0.488227 -1.03717 7.99795e-18)
(0.380704 -1.11239 1.98889e-18)
(0.258176 -1.17288 3.97374e-18)
(0.1379 -1.21584 0)
(0.0152622 -1.23659 1.05387e-18)
(0.90011 -0.54807 -3.22662e-17)
(0.697435 -0.585471 1.57038e-17)
(0.670638 -0.628697 4.13091e-17)
(0.646137 -0.655487 -2.15589e-17)
(0.611097 -0.696629 -1.25604e-17)
(0.56254 -0.750835 -1.22842e-17)
(0.498687 -0.816274 -4.02357e-18)
(0.417399 -0.885987 -7.96467e-18)
(0.320933 -0.951889 0)
(0.213796 -1.00431 1.00027e-18)
(0.108157 -1.04208 -1.0207e-18)
(0.000571078 -1.06562 -2.11171e-18)
(-0.0847015 -1.60349 2.14235e-18)
(-0.197921 -1.60185 2.24516e-18)
(-0.324714 -1.60387 -4.71037e-18)
(-0.462222 -1.61077 0)
(-0.614601 -1.61813 2.50624e-18)
(-0.777364 -1.61981 7.65949e-18)
(-0.942647 -1.6104 0)
(-1.09953 -1.58537 1.02313e-17)
(-1.23449 -1.54227 0)
(-1.33299 -1.48117 2.55636e-17)
(-1.38094 -1.40569 -1.01952e-17)
(-1.36972 -1.32325 2.52945e-17)
(-0.0806274 -1.42029 -5.44975e-19)
(-0.194907 -1.43727 2.87411e-18)
(-0.321089 -1.45653 -4.82397e-18)
(-0.458958 -1.4788 -7.58331e-18)
(-0.609028 -1.49757 -1.08165e-20)
(-0.764785 -1.50571 -1.29218e-17)
(-0.916061 -1.49689 -1.57176e-17)
(-1.04976 -1.46675 -1.57188e-17)
(-1.1513 -1.41379 -2.11857e-17)
(-1.20802 -1.34186 -2.12663e-17)
(-1.21097 -1.2602 0)
(-1.16093 -1.18173 0)
(-0.0873499 -1.24971 2.20291e-18)
(-0.200226 -1.27589 -3.44251e-18)
(-0.323822 -1.3025 6.01502e-18)
(-0.457585 -1.3289 -6.75837e-20)
(-0.598847 -1.34828 1.05301e-17)
(-0.739164 -1.35407 5.37922e-18)
(-0.866997 -1.34091 1.62777e-17)
(-0.969036 -1.30585 3.88325e-17)
(-1.03283 -1.24978 1.70446e-17)
(-1.05053 -1.17887 -2.36422e-17)
(-1.02007 -1.10606 0)
(-0.956014 -1.05323 0)
(-0.0978569 -1.08553 -4.39908e-18)
(-0.206553 -1.1131 1.14645e-18)
(-0.323992 -1.1389 -1.20489e-18)
(-0.448428 -1.16137 1.25881e-17)
(-0.574785 -1.17443 -1.32627e-17)
(-0.693345 -1.17282 -5.48921e-18)
(-0.792126 -1.15262 1.69509e-20)
(-0.858591 -1.11201 6.04164e-18)
(-0.882899 -1.05199 -2.5579e-17)
(-0.862505 -0.976531 2.81059e-17)
(-0.799344 -0.894861 -3.21253e-17)
(-0.731828 -0.872963 0)
(-1.28584 -1.2317 -2.02953e-17)
(-1.24945 -1.12058 -4.94112e-18)
(-1.22931 -1.0544 4.82165e-18)
(-1.21702 -0.985694 -4.74584e-18)
(-1.22658 -0.919775 -4.44082e-18)
(-1.2586 -0.846772 -9.51781e-20)
(-1.31473 -0.759784 1.05416e-17)
(-1.38949 -0.649448 -2.07263e-18)
(-1.47672 -0.514794 0)
(-1.55197 -0.352503 0)
(-1.61677 -0.193233 1.97682e-18)
(-1.62822 -0.0194695 2.05897e-18)
(-1.03318 -1.09116 4.23837e-17)
(-1.00145 -0.957412 0)
(-0.991359 -0.904516 0)
(-0.989422 -0.85084 8.8082e-18)
(-1.01216 -0.798785 -4.30933e-18)
(-1.05694 -0.73863 4.13957e-18)
(-1.12274 -0.663841 0)
(-1.2023 -0.567103 -6.06869e-18)
(-1.28591 -0.447955 -1.99692e-18)
(-1.3551 -0.307428 3.99829e-18)
(-1.40605 -0.1692 -2.51651e-18)
(-1.42197 -0.0250108 -5.17031e-19)
(-0.788029 -0.993946 -2.37689e-17)
(-0.783112 -0.82865 1.44518e-17)
(-0.795559 -0.785358 4.48873e-18)
(-0.807584 -0.744292 4.31472e-18)
(-0.841232 -0.700403 4.17057e-18)
(-0.893004 -0.646222 0)
(-0.960893 -0.577062 2.0112e-18)
(-1.03724 -0.488215 3.95812e-18)
(-1.11246 -0.380686 1.98867e-18)
(-1.17294 -0.258154 -3.97334e-18)
(-1.21589 -0.137876 2.01675e-18)
(-1.23663 -0.0152371 -1.05378e-18)
(-0.548106 -0.900178 3.22642e-17)
(-0.58552 -0.697471 -2.09633e-17)
(-0.628759 -0.670665 -4.58943e-18)
(-0.655554 -0.646158 3.8227e-22)
(-0.696699 -0.611111 -1.25587e-17)
(-0.750905 -0.562546 -4.08204e-18)
(-0.816341 -0.498685 1.20782e-17)
(-0.886049 -0.417389 0)
(-0.951944 -0.320918 7.98805e-18)
(-1.00436 -0.213778 0)
(-1.04212 -0.108137 -4.08259e-18)
(-1.06565 -0.000551136 2.11153e-18)
(-1.60354 0.0847356 1.08975e-18)
(-1.60189 0.197956 0)
(-1.60391 0.324748 4.75784e-18)
(-1.6108 0.462256 4.91673e-18)
(-1.61816 0.614631 -9.99391e-18)
(-1.61983 0.777388 5.13454e-18)
(-1.61041 0.942658 1.02422e-17)
(-1.58538 1.09952 5.16764e-20)
(-1.54227 1.23447 5.14605e-18)
(-1.48116 1.33295 -1.53132e-17)
(-1.40568 1.38088 -5.06773e-18)
(-1.32324 1.36966 2.02459e-17)
(-1.42033 0.0806581 -1.6304e-18)
(-1.4373 0.194937 -5.7423e-19)
(-1.45656 0.321117 -4.78217e-18)
(-1.47882 0.458982 0)
(-1.49758 0.609044 -1.28785e-17)
(-1.5057 0.764788 -7.71998e-18)
(-1.49687 0.916047 9.9663e-20)
(-1.46671 1.04972 5.25345e-18)
(-1.41375 1.15124 -1.58015e-17)
(-1.34182 1.20795 2.12667e-17)
(-1.26016 1.2109 0)
(-1.1817 1.16087 2.14032e-17)
(-1.24974 0.0873748 -2.75102e-18)
(-1.27591 0.200248 5.766e-19)
(-1.30251 0.32384 0)
(-1.3289 0.457596 -1.01323e-17)
(-1.34826 0.598846 1.30791e-17)
(-1.35404 0.739147 1.33767e-17)
(-1.34086 0.86696 -1.62775e-17)
(-1.3058 0.96898 -2.22226e-17)
(-1.24972 1.03276 -2.28186e-17)
(-1.17881 1.05045 2.95686e-17)
(-1.10601 1.01999 -6.13204e-18)
(-1.05318 0.955942 -5.0298e-17)
(-1.08554 0.0978748 3.84973e-18)
(-1.1131 0.206567 5.75445e-19)
(-1.13889 0.323999 0)
(-1.16135 0.448425 1.25875e-17)
(-1.17439 0.574768 -1.16936e-20)
(-1.17277 0.693311 -2.73576e-18)
(-1.15256 0.792074 0)
(-1.11195 0.858522 5.9628e-18)
(-1.05193 0.88282 1.91747e-17)
(-0.976475 0.862423 -3.49118e-20)
(-0.894814 0.799269 3.21263e-17)
(-0.872912 0.731763 6.24344e-17)
(-1.23168 1.2858 2.01546e-17)
(-1.12058 1.24942 4.94122e-18)
(-1.0544 1.22928 -4.82181e-18)
(-0.985697 1.21699 9.26744e-18)
(-0.91978 1.22656 0)
(-0.84678 1.25858 1.31271e-17)
(-0.759795 1.31471 -1.90842e-17)
(-0.649461 1.38948 -1.02983e-17)
(-0.514808 1.47671 0)
(-0.352516 1.55196 3.99681e-18)
(-0.193249 1.61676 0)
(-0.0194971 1.6282 -1.02714e-18)
(-1.09114 1.03314 0)
(-0.9574 1.00141 0)
(-0.904509 0.991326 0)
(-0.850838 0.989393 -4.40942e-18)
(-0.798787 1.01213 7.30823e-21)
(-0.738635 1.05692 -4.13981e-18)
(-0.66385 1.12273 8.13471e-18)
(-0.567115 1.20228 -8.07924e-18)
(-0.447968 1.2859 0)
(-0.307442 1.35509 3.004e-18)
(-0.169218 1.40603 1.50726e-18)
(-0.0250409 1.42196 -5.21882e-19)
(-0.993903 0.787989 0)
(-0.82863 0.783078 1.44527e-17)
(-0.785347 0.795527 -8.75375e-21)
(-0.744286 0.807556 3.1927e-22)
(-0.700402 0.84121 4.19223e-18)
(-0.646225 0.892987 4.1176e-18)
(-0.577069 0.96088 6.04058e-18)
(-0.488225 1.03723 3.95835e-18)
(-0.380698 1.11245 1.98878e-18)
(-0.258169 1.17293 -3.97353e-18)
(-0.137896 1.21588 -2.02874e-18)
(-0.0152684 1.23662 0)
(-0.900124 0.548078 7.91319e-18)
(-0.697447 0.585493 -5.08935e-18)
(-0.670651 0.628731 0)
(-0.646149 0.655529 0)
(-0.611107 0.696679 -4.17615e-18)
(-0.562547 0.75089 1.73175e-20)
(-0.498689 0.816331 -1.2079e-17)
(-0.417398 0.886043 0)
(-0.320929 0.95194 -7.98853e-18)
(-0.213793 1.00435 0)
(-0.108158 1.04211 -2.04949e-18)
(-0.000581763 1.06564 0)
(0.107902 0.925449 -1.1015e-18)
(0.209843 0.948753 -4.56765e-18)
(0.317787 0.967877 0)
(0.42866 0.981003 -1.00331e-17)
(0.535586 0.983244 -2.65515e-18)
(0.627876 0.970944 -1.41774e-17)
(0.693077 0.941509 6.10712e-18)
(0.71832 0.893513 0)
(0.691807 0.825689 0)
(0.604529 0.736444 8.92212e-18)
(0.424508 0.602926 3.79147e-17)
(0.17533 0.463573 0)
(0.11503 0.76987 1.10085e-18)
(0.20798 0.785291 0)
(0.30383 0.79418 -9.49704e-18)
(0.398263 0.795016 2.48939e-18)
(0.483059 0.784341 -2.66263e-18)
(0.546782 0.760403 1.71738e-17)
(0.576439 0.722266 1.25978e-17)
(0.558255 0.669623 -7.17921e-18)
(0.477645 0.601427 0)
(0.320852 0.520382 0)
(0.0386015 0.401453 0)
(-0.281966 0.377349 0)
(0.117983 0.620509 -1.10922e-18)
(0.200257 0.626176 -5.69995e-18)
(0.282294 0.623334 1.06305e-17)
(0.358792 0.611098 0)
(0.420688 0.587713 0)
(0.456296 0.55366 -5.14642e-17)
(0.452777 0.51056 3.17872e-17)
(0.397114 0.461087 0)
(0.277431 0.408106 -8.98701e-18)
(0.0898372 0.362737 2.41396e-17)
(-0.155457 0.32036 -2.05246e-17)
(-0.346816 0.344598 0)
(0.116386 0.47941 1.12224e-18)
(0.186922 0.474799 4.59038e-18)
(0.254324 0.460268 -9.46173e-18)
(0.312671 0.435749 7.43415e-18)
(0.35266 0.40142 -7.88091e-18)
(0.363086 0.360217 -5.65013e-18)
(0.332502 0.316984 -4.44363e-17)
(0.251004 0.278257 -7.34872e-18)
(0.114726 0.251373 9.00024e-18)
(-0.0639622 0.252236 4.68428e-17)
(-0.246962 0.281421 0)
(-0.368837 0.340394 0)
(0.110452 0.348507 0)
(0.168775 0.333995 0)
(0.221499 0.308749 9.55824e-18)
(0.262497 0.273579 -9.95894e-18)
(0.282818 0.230646 -1.31486e-17)
(0.272479 0.185299 5.40375e-17)
(0.222458 0.14561 1.26613e-17)
(0.127201 0.121406 3.65118e-17)
(-0.0083955 0.122467 0)
(-0.162737 0.16328 -4.52461e-17)
(-0.302017 0.235552 -7.0157e-17)
(-0.379898 0.309331 0)
(0.100716 0.229347 0)
(0.146839 0.205867 1.19683e-18)
(0.185428 0.171283 -1.226e-18)
(0.210535 0.127331 2.52397e-18)
(0.214034 0.0779439 3.99839e-17)
(0.187706 0.0305839 -2.86436e-17)
(0.125383 -0.00400657 6.36431e-18)
(0.0255738 -0.0139503 -2.91197e-17)
(-0.100497 0.0106919 -8.73986e-18)
(-0.229683 0.0815722 1.12419e-17)
(-0.337582 0.182113 6.85246e-17)
(-0.371107 0.273537 0)
(0.087868 0.122935 0)
(0.122152 0.091713 1.25567e-18)
(0.147509 0.0492584 -1.27996e-18)
(0.15849 -0.00175954 0)
(0.148077 -0.0560131 -2.47382e-17)
(0.110096 -0.104414 -2.90648e-18)
(0.0410964 -0.134306 -1.2947e-17)
(-0.0575188 -0.132882 -3.70789e-17)
(-0.170606 -0.0913456 3.5642e-17)
(-0.276392 0.000465314 0)
(-0.3569 0.121441 1.42218e-16)
(-0.349855 0.225776 0)
(0.0726193 0.0296671 0)
(0.0956129 -0.00796222 1.36063e-18)
(0.108801 -0.0568868 9.63234e-18)
(0.107452 -0.113582 2.80831e-18)
(0.0857616 -0.171723 2.05114e-17)
(0.0396094 -0.221239 -6.21728e-18)
(-0.032141 -0.248158 3.42598e-17)
(-0.126384 -0.239349 6.27345e-17)
(-0.225216 -0.187545 3.80735e-17)
(-0.308642 -0.0820577 1.26381e-17)
(-0.362436 0.0552422 -1.92721e-17)
(-0.314956 0.174069 0)
(0.0555877 -0.0507446 0)
(0.0678719 -0.0934756 0)
(0.0699256 -0.147618 -1.25982e-17)
(0.0578479 -0.208935 0)
(0.0269935 -0.270598 1.44514e-20)
(-0.0247527 -0.32194 -7.01701e-18)
(-0.0966495 -0.348229 7.72362e-18)
(-0.184952 -0.336179 -3.54489e-17)
(-0.268777 -0.279893 -1.0799e-17)
(-0.329661 -0.166515 1.30285e-16)
(-0.355438 -0.015321 -1.82135e-16)
(-0.269466 0.117742 2.90393e-16)
(0.0375495 -0.119534 0)
(0.0396781 -0.166216 8.18401e-18)
(0.0315012 -0.224559 -1.63546e-17)
(0.00994161 -0.289769 4.13152e-18)
(-0.0286554 -0.35513 -4.28054e-17)
(-0.0843068 -0.409241 3.17096e-17)
(-0.154946 -0.437321 -3.82934e-17)
(-0.236585 -0.425745 1.07748e-17)
(-0.304729 -0.369122 -1.04622e-16)
(-0.341999 -0.251835 -1.23979e-16)
(-0.338121 -0.0882663 -2.95991e-17)
(-0.214885 0.0589834 -3.76904e-16)
(0.0204193 -0.18026 0)
(0.0130494 -0.229895 -4.29864e-17)
(-0.00455962 -0.291736 2.79757e-17)
(-0.0348365 -0.36039 0)
(-0.0808167 -0.429996 -6.69457e-18)
(-0.139788 -0.487336 -3.3781e-17)
(-0.210151 -0.519604 -5.60823e-17)
(-0.282883 -0.51107 -3.0536e-17)
(-0.33491 -0.454285 1.81859e-16)
(-0.345205 -0.335702 1.6748e-16)
(-0.305091 -0.17092 0)
(-0.160436 0.000445586 0)
(0.0075447 -0.240479 -1.92282e-17)
(-0.0075993 -0.290793 -3.71888e-20)
(-0.0323604 -0.354883 0)
(-0.0683318 -0.425637 1.4848e-17)
(-0.11855 -0.500783 -1.39602e-17)
(-0.177076 -0.559206 -1.32527e-16)
(-0.242586 -0.606244 4.44237e-16)
(-0.309537 -0.585475 0)
(-0.32672 -0.518608 -2.29395e-16)
(-0.309555 -0.407214 -2.65117e-16)
(-0.259173 -0.245191 -4.19758e-16)
(-0.108954 -0.0553786 1.66826e-15)
(0.281477 0.561467 8.37749e-17)
(0.428627 0.52646 2.42578e-17)
(0.484114 0.548964 -1.88193e-17)
(0.524666 0.55029 0)
(0.569772 0.527258 -2.10832e-17)
(0.623432 0.485574 -1.23822e-17)
(0.684251 0.427717 1.01239e-17)
(0.746338 0.354175 6.05074e-18)
(0.803338 0.268204 0)
(0.848498 0.174342 1.00987e-18)
(0.88173 0.080985 3.07452e-18)
(0.905026 -0.0149565 2.1177e-18)
(0.324172 0.170656 1.36263e-16)
(0.337215 0.357121 -6.85516e-18)
(0.370786 0.432345 2.43524e-17)
(0.411424 0.457508 0)
(0.456458 0.448254 0)
(0.507274 0.414601 2.09735e-17)
(0.562593 0.363458 1.23859e-17)
(0.617172 0.297748 -1.0217e-17)
(0.66603 0.221557 2.04501e-18)
(0.704498 0.139266 9.23711e-18)
(0.732928 0.0566529 -1.04146e-18)
(0.753298 -0.0290961 1.06833e-18)
(0.35211 -0.0237165 -1.3737e-16)
(0.271248 0.208883 0)
(0.281291 0.327727 0)
(0.312656 0.370385 0)
(0.353996 0.374153 0)
(0.400582 0.349148 2.16052e-17)
(0.450282 0.305243 -4.01803e-17)
(0.497966 0.247396 1.0471e-17)
(0.539568 0.180369 0)
(0.571732 0.108401 -8.35925e-18)
(0.594866 0.0356073 -3.70312e-18)
(0.610386 -0.0404551 -1.62009e-18)
(0.361758 -0.14966 1.19099e-16)
(0.216315 0.093584 4.14663e-17)
(0.205677 0.2354 -2.77497e-17)
(0.22475 0.290427 1.9445e-17)
(0.260129 0.304958 0)
(0.302197 0.288692 4.5051e-18)
(0.346688 0.252379 1.53132e-17)
(0.388351 0.202438 -1.29528e-17)
(0.423657 0.144152 2.14753e-18)
(0.449928 0.0816739 -1.07141e-18)
(0.467438 0.0181766 5.40771e-18)
(0.476969 -0.0483041 0)
(0.354114 -0.230963 -3.5015e-19)
(0.16453 0.00350023 -3.66644e-17)
(0.137232 0.153422 3.02503e-17)
(0.144249 0.21721 -4.64843e-17)
(0.17316 0.240287 1.94853e-17)
(0.211261 0.232559 1.48989e-20)
(0.251356 0.204134 -2.29173e-18)
(0.28804 0.162188 2.25357e-17)
(0.318021 0.112384 -2.23252e-18)
(0.338967 0.0589028 0)
(0.350885 0.00443894 5.57196e-19)
(0.354029 -0.0524526 -2.82401e-18)
(0.329985 -0.280441 -1.10516e-16)
(0.11164 -0.0687419 0)
(0.0716702 0.0794349 0)
(0.0681999 0.149171 2.81155e-17)
(0.0921387 0.179573 -4.70967e-17)
(0.127085 0.179983 -2.51842e-17)
(0.163915 0.159758 2.44483e-18)
(0.196765 0.125967 -1.90794e-17)
(0.222424 0.0845275 2.35458e-18)
(0.238766 0.0397727 -1.16569e-18)
(0.245482 -0.00578248 1.75141e-18)
(0.242445 -0.0530774 -5.88436e-19)
(0.289368 -0.305609 -2.28821e-16)
(0.0558485 -0.127813 -1.07257e-16)
(0.00619197 0.0112876 1.51681e-17)
(-0.00507994 0.0847001 1.88242e-17)
(0.0159374 0.121686 4.61435e-17)
(0.0490729 0.130117 5.49823e-18)
(0.08399 0.118463 -5.30981e-18)
(0.114223 0.0930975 0)
(0.13662 0.0600332 0)
(0.149188 0.023867 8.76289e-18)
(0.151359 -0.0128438 1.24677e-18)
(0.142773 -0.0505894 2.49085e-18)
(0.230274 -0.309408 2.47393e-16)
(-0.00238104 -0.175341 -1.3643e-19)
(-0.0609805 -0.0525587 -7.07947e-17)
(-0.0765346 0.0223899 -8.62187e-17)
(-0.0564253 0.0652312 -2.62483e-17)
(-0.0233477 0.0819438 6.21882e-18)
(0.0111076 0.0793767 -8.96852e-18)
(0.0399939 0.0628546 2.89701e-18)
(0.0602294 0.038312 2.25851e-17)
(0.0699274 0.0107016 -2.35783e-17)
(0.0683662 -0.0172117 2.05931e-18)
(0.0551309 -0.0455149 -3.41389e-18)
(0.158777 -0.298223 -2.51176e-16)
(-0.0625238 -0.211322 1.25769e-16)
(-0.130701 -0.112732 8.69873e-17)
(-0.146781 -0.0387967 -3.11215e-20)
(-0.125753 0.00898515 0)
(-0.0909589 0.0343317 3.00091e-17)
(-0.0555121 0.0415078 3.58632e-18)
(-0.0266367 0.0344101 -7.64506e-21)
(-0.00742819 0.0187008 -5.68825e-17)
(0.00031541 -0.000263563 1.30637e-17)
(-0.00409693 -0.0194118 0)
(-0.0209167 -0.0384103 3.17372e-18)
(0.0659829 -0.27072 7.35261e-16)
(-0.12291 -0.236105 0)
(-0.202459 -0.168821 1.47666e-17)
(-0.216732 -0.0994146 1.76627e-16)
(-0.193623 -0.0478056 9.78854e-17)
(-0.155802 -0.0137618 -2.61558e-20)
(-0.117868 0.00378629 -1.47672e-17)
(-0.0873375 0.0068222 4.22758e-17)
(-0.0677959 0.000434738 3.60443e-17)
(-0.0610353 -0.00973068 1.51158e-17)
(-0.0674396 -0.020113 2.09472e-18)
(-0.0866254 -0.0299883 0)
(-0.0114041 -0.222348 -4.82488e-16)
(-0.18827 -0.247751 0)
(-0.273254 -0.22005 0)
(-0.288288 -0.159703 -1.57223e-16)
(-0.264093 -0.106218 -1.52899e-16)
(-0.223451 -0.0638766 -7.49379e-17)
(-0.181565 -0.0351939 -7.12746e-17)
(-0.14664 -0.020924 -1.27126e-16)
(-0.124605 -0.0173413 -8.09716e-18)
(-0.117432 -0.0185114 -3.39675e-17)
(-0.124924 -0.0205649 3.56156e-18)
(-0.145375 -0.0219163 0)
(-0.0510206 -0.155713 -6.79709e-16)
(-0.224414 -0.248142 0)
(-0.336402 -0.263355 0)
(-0.352731 -0.221304 3.97832e-17)
(-0.333544 -0.17159 -3.73242e-17)
(-0.297593 -0.124032 3.77798e-17)
(-0.253471 -0.0817928 -4.09341e-17)
(-0.211074 -0.0519905 1.82139e-16)
(-0.184843 -0.0368343 0)
(-0.176166 -0.0289279 -1.0252e-16)
(-0.183409 -0.0231823 -7.65681e-17)
(-0.204643 -0.0169362 2.06669e-17)
(0.925439 -0.107921 -3.15397e-21)
(0.948736 -0.209845 -4.56734e-18)
(0.967854 -0.317782 0)
(0.980976 -0.428651 7.52607e-18)
(0.983216 -0.535576 1.33206e-17)
(0.970918 -0.627865 5.6841e-18)
(0.941489 -0.693066 6.10682e-18)
(0.893499 -0.718309 -2.6337e-17)
(0.825683 -0.691797 0)
(0.736447 -0.604518 -2.66176e-17)
(0.602936 -0.424499 3.76109e-17)
(0.463583 -0.175322 7.61063e-17)
(0.769858 -0.115046 2.20365e-18)
(0.785274 -0.207979 0)
(0.794159 -0.303822 9.4963e-18)
(0.794991 -0.398254 0)
(0.784316 -0.483049 5.84022e-21)
(0.76038 -0.546773 2.28777e-17)
(0.722247 -0.576432 6.28178e-18)
(0.669611 -0.558249 -3.57877e-17)
(0.601422 -0.47764 0)
(0.520387 -0.320848 3.34682e-17)
(0.401468 -0.0385994 -5.42259e-17)
(0.377364 0.281974 0)
(0.620496 -0.117997 -1.10792e-18)
(0.626159 -0.200253 4.56197e-18)
(0.623314 -0.282286 -9.44571e-18)
(0.611076 -0.358782 1.23983e-17)
(0.587691 -0.42068 -5.2874e-18)
(0.55364 -0.45629 -1.43199e-17)
(0.510543 -0.452773 -3.81237e-17)
(0.461076 -0.397112 3.67784e-17)
(0.408103 -0.277431 0)
(0.362742 -0.0898372 -3.61185e-17)
(0.320374 0.15546 -2.05224e-17)
(0.344614 0.346831 0)
(0.479396 -0.116398 -5.60153e-19)
(0.474782 -0.186918 -5.16002e-18)
(0.460251 -0.254315 1.18556e-18)
(0.435731 -0.312662 -3.14516e-21)
(0.401402 -0.352654 -1.05281e-17)
(0.360199 -0.363083 0)
(0.316969 -0.332502 3.17544e-17)
(0.278247 -0.251006 -7.38276e-18)
(0.251369 -0.114729 0)
(0.252239 0.0639622 9.37216e-17)
(0.281431 0.24697 0)
(0.34041 0.368856 0)
(0.348493 -0.110463 -2.29366e-18)
(0.33398 -0.16877 0)
(0.308735 -0.221491 7.17366e-18)
(0.273565 -0.262489 -9.94199e-18)
(0.230631 -0.282814 1.90604e-20)
(0.185285 -0.272478 2.55977e-17)
(0.145597 -0.22246 -6.30426e-18)
(0.121396 -0.127205 -2.18662e-17)
(0.122461 0.00839274 8.81829e-18)
(0.163279 0.16274 -4.52203e-17)
(0.235559 0.30203 -3.50579e-17)
(0.309344 0.379919 2.51761e-17)
(0.229334 -0.100727 2.37243e-18)
(0.205852 -0.146835 0)
(0.171271 -0.185421 -9.7823e-18)
(0.127319 -0.210528 2.52375e-18)
(0.077932 -0.214031 -2.67539e-18)
(0.0305716 -0.187707 -2.86409e-17)
(-0.00401884 -0.125386 2.53973e-17)
(-0.0139615 -0.0255781 3.64142e-17)
(0.0106832 0.100495 0)
(0.0815684 0.229688 1.12678e-17)
(0.182116 0.337597 -1.71044e-17)
(0.273547 0.371127 0)
(0.122922 -0.0878785 6.24173e-19)
(0.0916998 -0.122148 -5.66698e-18)
(0.0492482 -0.147503 0)
(-0.00176899 -0.158484 0)
(-0.0560227 -0.148076 0)
(-0.104425 -0.110097 -5.8565e-18)
(-0.134318 -0.0411006 -1.9407e-17)
(-0.132894 0.0575151 -2.96459e-17)
(-0.0913564 0.170607 8.91176e-18)
(0.000459134 0.276401 3.44319e-20)
(0.121442 0.356917 -1.59919e-16)
(0.225783 0.349874 -2.18629e-16)
(0.029655 -0.0726294 2.72641e-18)
(-0.00797473 -0.0956101 6.81778e-18)
(-0.0568958 -0.108796 -1.38017e-18)
(-0.11359 -0.107447 2.80809e-18)
(-0.171731 -0.0857604 1.75898e-17)
(-0.221248 -0.039611 2.18737e-17)
(-0.24817 0.0321374 -2.73536e-17)
(-0.239362 0.126381 7.05878e-17)
(-0.187557 0.225218 0)
(-0.0820658 0.308652 0)
(0.0552407 0.362454 1.36998e-16)
(0.174074 0.314972 3.0015e-17)
(-0.0507557 -0.0555969 -3.15061e-18)
(-0.0934881 -0.0678699 -1.56451e-18)
(-0.147626 -0.0699208 1.57914e-18)
(-0.208942 -0.0578439 0)
(-0.270605 -0.0269924 -5.31675e-17)
(-0.321948 0.0247513 -3.51736e-17)
(-0.34824 0.0966471 3.08213e-17)
(-0.336192 0.184952 -3.54187e-17)
(-0.279907 0.268781 1.08842e-17)
(-0.166525 0.329672 1.45071e-17)
(-0.0153244 0.355455 -2.27246e-17)
(0.117745 0.269478 2.89919e-16)
(-0.119545 -0.0375571 -4.11418e-18)
(-0.166229 -0.039677 0)
(-0.224568 -0.0314968 -1.63536e-17)
(-0.289776 -0.00993841 4.13124e-18)
(-0.355136 0.0286567 2.56768e-17)
(-0.409248 0.0843059 -4.47083e-18)
(-0.437332 0.154945 -1.91738e-17)
(-0.425758 0.236586 7.52794e-17)
(-0.369137 0.304735 -9.16086e-17)
(-0.251847 0.342011 6.8878e-20)
(-0.0882713 0.338136 -2.9596e-17)
(0.0589844 0.214894 0)
(-0.180269 -0.0204255 5.3706e-18)
(-0.229911 -0.0130484 -2.32995e-17)
(-0.291745 0.00456368 5.24775e-17)
(-0.360396 0.0348394 0)
(-0.430001 0.0808183 -6.6942e-18)
(-0.487343 0.139788 6.78549e-18)
(-0.519615 0.210152 4.18758e-17)
(-0.511084 0.282886 -2.28812e-16)
(-0.4543 0.334918 1.45325e-16)
(-0.335716 0.345218 0)
(-0.170926 0.305105 0)
(0.000446001 0.160441 0)
(-0.240485 -0.00754895 3.84543e-17)
(-0.290811 0.00759993 7.06335e-17)
(-0.354895 0.0323641 -1.29323e-16)
(-0.425644 0.0683348 1.48475e-17)
(-0.500788 0.118552 -2.78203e-17)
(-0.559213 0.177078 -6.63492e-17)
(-0.606254 0.242589 -5.22959e-17)
(-0.585491 0.309544 3.67262e-17)
(-0.518625 0.326731 -2.00785e-16)
(-0.407229 0.309568 -3.3117e-17)
(-0.2452 0.259184 0)
(-0.0553791 0.108958 -1.66821e-15)
(0.561461 -0.281482 8.37721e-17)
(0.52646 -0.428619 2.44756e-17)
(0.548967 -0.484101 -1.87472e-17)
(0.550296 -0.524648 -2.19768e-17)
(0.527265 -0.56975 2.10849e-17)
(0.485583 -0.623408 2.05765e-17)
(0.427727 -0.684225 -2.03129e-18)
(0.354187 -0.746312 -4.0276e-18)
(0.268217 -0.803315 2.01464e-18)
(0.174356 -0.848478 0)
(0.0809994 -0.881715 0)
(-0.0149434 -0.905017 -2.77831e-21)
(0.17065 -0.324174 0)
(0.357122 -0.337206 6.65221e-20)
(0.43235 -0.370772 0)
(0.457515 -0.411406 1.7798e-17)
(0.448263 -0.456438 -4.31319e-18)
(0.414612 -0.507253 8.39747e-18)
(0.36347 -0.562572 -2.26989e-17)
(0.297761 -0.617152 2.04715e-18)
(0.22157 -0.666013 0)
(0.139279 -0.704486 -8.21257e-18)
(0.0566649 -0.732921 0)
(-0.0290863 -0.753297 2.1347e-18)
(-0.0237209 -0.35211 0)
(0.208886 -0.271238 -3.78567e-17)
(0.327733 -0.281278 5.1658e-18)
(0.370393 -0.31264 0)
(0.374164 -0.353979 1.78335e-17)
(0.349161 -0.400565 4.31693e-18)
(0.305256 -0.450266 1.47857e-17)
(0.247409 -0.497953 -1.25613e-17)
(0.180382 -0.539559 2.08756e-18)
(0.108412 -0.571727 1.6728e-17)
(0.0356171 -0.594867 4.23077e-18)
(-0.0404483 -0.610393 -1.0792e-18)
(-0.149662 -0.361755 -1.19099e-16)
(0.0935877 -0.216306 0)
(0.235407 -0.205665 0)
(0.290437 -0.224737 2.43018e-17)
(0.30497 -0.260117 -2.32028e-17)
(0.288706 -0.302185 4.48523e-18)
(0.252393 -0.346679 -4.38154e-18)
(0.202451 -0.388345 8.63359e-18)
(0.144165 -0.423655 8.58359e-18)
(0.0816844 -0.449931 6.29751e-21)
(0.0181844 -0.467447 -4.3243e-18)
(-0.0482999 -0.476983 1.09977e-18)
(-0.230963 -0.354111 1.11615e-16)
(0.00350527 -0.164522 0)
(0.15343 -0.137223 6.04755e-18)
(0.217221 -0.14424 -4.64823e-17)
(0.240301 -0.173152 0)
(0.232574 -0.211255 -2.35956e-17)
(0.20415 -0.251354 2.52348e-17)
(0.162202 -0.288042 -2.0284e-17)
(0.112396 -0.318028 -6.69007e-18)
(0.0589123 -0.338978 -2.00109e-17)
(0.00444516 -0.350901 0)
(-0.0524504 -0.354049 -2.25807e-18)
(-0.28044 -0.329982 2.7503e-17)
(-0.0687356 -0.111635 -5.15364e-17)
(0.0794441 -0.0716643 0)
(0.149183 -0.0681952 -1.47449e-20)
(0.179588 -0.0921365 0)
(0.179999 -0.127086 5.02414e-18)
(0.159774 -0.16392 -2.4393e-17)
(0.125982 -0.196774 1.67001e-17)
(0.0845394 -0.222438 1.17626e-17)
(0.0397815 -0.238784 9.33832e-18)
(-0.0057775 -0.245505 -4.66835e-18)
(-0.0530768 -0.242471 1.17409e-18)
(-0.305607 -0.289364 0)
(-0.127805 -0.0558451 1.42991e-16)
(0.0112975 -0.00618942 6.82782e-17)
(0.0847129 0.00508015 1.88084e-17)
(0.121701 -0.0159405 0)
(0.130134 -0.0490796 2.74993e-17)
(0.118479 -0.0840009 -2.65901e-18)
(0.0931123 -0.114238 -5.45393e-21)
(0.0600448 -0.13664 -1.26679e-17)
(0.0238752 -0.149213 0)
(-0.0128398 -0.151388 -4.3389e-22)
(-0.0505899 -0.142805 3.70429e-26)
(-0.309405 -0.230272 -2.47503e-16)
(-0.175333 0.00238204 -2.42817e-16)
(-0.0525482 0.0609796 -6.19e-17)
(0.0224031 0.0765305 -5.74869e-17)
(0.0652471 0.0564173 0)
(0.0819613 0.0233355 6.21854e-18)
(0.0793938 -0.0111243 -8.96814e-18)
(0.0628694 -0.0400155 6.31611e-21)
(0.0383235 -0.0602558 2.82644e-18)
(0.0107094 -0.069958 0)
(-0.0172082 -0.0683999 5.4886e-18)
(-0.045516 -0.0551663 2.7301e-18)
(-0.298221 -0.158776 -2.75205e-19)
(-0.211315 0.0625227 1.43787e-16)
(-0.112721 0.130697 0)
(-0.0387838 0.146773 8.63001e-18)
(0.00900087 0.12574 -8.1253e-21)
(0.0343491 0.0909419 -3.00176e-17)
(0.0415249 0.0554903 2.5117e-17)
(0.0344248 0.0266097 -3.10902e-17)
(0.018712 0.00739652 0)
(-0.00025603 -0.000351026 -1.30635e-17)
(-0.0194087 0.00405908 0)
(-0.0384116 0.0208781 -6.34784e-18)
(-0.270717 -0.0659835 3.67402e-16)
(-0.236099 0.122907 -2.35877e-17)
(-0.16881 0.202452 1.47842e-16)
(-0.0994026 0.216721 8.24035e-17)
(-0.0477906 0.193607 -7.61398e-17)
(-0.0137452 0.155781 4.12961e-17)
(0.00380297 0.117842 -9.86136e-18)
(0.00683645 0.087306 3.2889e-17)
(0.000445591 0.0677599 4.51064e-18)
(-0.00972333 0.0609956 3.23859e-17)
(-0.0201099 0.0673985 -6.2727e-18)
(-0.0299895 0.0865845 4.13186e-18)
(-0.222346 0.0114043 0)
(-0.247746 0.188266 0)
(-0.220041 0.273246 -1.82506e-16)
(-0.159692 0.288275 0)
(-0.106205 0.264075 1.71993e-16)
(-0.0638616 0.223428 -1.87282e-16)
(-0.0351783 0.181536 -4.45623e-17)
(-0.0209103 0.146604 5.9301e-17)
(-0.0173308 0.124565 0)
(-0.0185041 0.117389 1.07107e-21)
(-0.0205617 0.124881 4.26814e-17)
(-0.0219167 0.145333 0)
(-0.155709 0.0510185 -5.94894e-16)
(-0.24814 0.224411 -5.34727e-16)
(-0.263344 0.336396 5.34597e-17)
(-0.221296 0.352718 0)
(-0.17158 0.333528 -3.72571e-17)
(-0.12402 0.297571 3.78129e-16)
(-0.0817775 0.253441 -4.0961e-17)
(-0.0519755 0.211035 -2.04899e-16)
(-0.0368231 0.184801 2.32274e-17)
(-0.02892 0.176122 -9.11446e-17)
(-0.0231784 0.183365 -1.75041e-16)
(-0.0169354 0.204602 2.06676e-17)
(-0.107911 -0.925438 1.09511e-18)
(-0.209839 -0.948742 -1.14148e-18)
(-0.317782 -0.967868 1.19711e-18)
(-0.42866 -0.980998 1.00578e-17)
(-0.535595 -0.983247 1.06524e-17)
(-0.627897 -0.970956 -1.13547e-17)
(-0.693111 -0.941532 -6.08173e-18)
(-0.718365 -0.893545 -1.97407e-17)
(-0.691859 -0.825728 5.91024e-17)
(-0.604578 -0.736486 0)
(-0.424544 -0.602963 5.04671e-17)
(-0.175347 -0.463603 0)
(-0.11504 -0.769864 1.10077e-18)
(-0.207978 -0.785287 0)
(-0.303828 -0.79418 0)
(-0.398269 -0.795019 1.1262e-20)
(-0.483075 -0.78435 -1.06146e-17)
(-0.54681 -0.760418 -2.85829e-17)
(-0.576479 -0.722288 -1.88509e-17)
(-0.558302 -0.669651 0)
(-0.477693 -0.601457 -3.40735e-17)
(-0.320888 -0.520414 1.1139e-17)
(-0.0386131 -0.401479 3.59176e-17)
(0.281982 -0.377376 1.75584e-16)
(-0.117995 -0.620509 -1.10913e-18)
(-0.200257 -0.626179 1.13756e-18)
(-0.282297 -0.62334 8.26756e-18)
(-0.358802 -0.611106 -1.73729e-17)
(-0.42071 -0.587725 -1.58482e-17)
(-0.456329 -0.553675 -2.80788e-18)
(-0.452819 -0.510578 3.81688e-17)
(-0.397159 -0.461107 2.19788e-17)
(-0.27747 -0.408128 -3.5923e-17)
(-0.0898596 -0.36276 0)
(0.155459 -0.320382 -8.23451e-17)
(0.346839 -0.344624 -4.67096e-20)
(-0.116399 -0.479416 2.24496e-18)
(-0.186924 -0.474806 0)
(-0.254329 -0.460279 -9.46004e-18)
(-0.312684 -0.435762 2.47098e-18)
(-0.352685 -0.401434 1.051e-17)
(-0.363121 -0.36023 4.84081e-17)
(-0.332543 -0.316996 -3.17543e-17)
(-0.251044 -0.27827 -3.68229e-17)
(-0.114756 -0.251385 8.08912e-17)
(0.063951 -0.252251 -4.68382e-17)
(0.246972 -0.281441 0)
(0.368864 -0.340421 -1.02741e-16)
(-0.110466 -0.348518 -2.29333e-18)
(-0.168779 -0.334008 0)
(-0.221507 -0.308765 0)
(-0.262512 -0.273595 7.47763e-18)
(-0.282844 -0.23066 2.63308e-17)
(-0.272512 -0.18531 -2.56222e-17)
(-0.222496 -0.145617 2.53109e-17)
(-0.127234 -0.121411 -2.91872e-17)
(0.0083739 -0.122471 -7.05534e-17)
(0.162734 -0.163289 -2.69221e-22)
(0.302033 -0.235569 7.01497e-17)
(0.379927 -0.309356 0)
(-0.100731 -0.229363 1.18619e-18)
(-0.146845 -0.205883 -4.79945e-18)
(-0.185437 -0.171302 0)
(-0.21055 -0.127348 0)
(-0.21406 -0.0779579 -2.39898e-17)
(-0.187737 -0.0305922 -2.00389e-17)
(-0.125416 0.00400472 0)
(-0.0256004 0.0139515 2.91167e-17)
(0.100483 -0.0106893 2.62039e-17)
(0.229686 -0.0815758 5.62127e-17)
(0.337602 -0.182126 -1.37126e-16)
(0.371136 -0.273558 2.05503e-16)
(-0.0878839 -0.122956 -3.73629e-26)
(-0.122159 -0.091733 6.29177e-18)
(-0.147519 -0.0492802 -1.27984e-18)
(-0.158505 0.00174084 -2.61882e-18)
(-0.148101 0.0559994 5.4974e-18)
(-0.110123 0.104408 2.05666e-17)
(-0.041125 0.134308 0)
(0.0574989 0.132888 0)
(0.170599 0.0913542 3.56381e-17)
(0.276401 -0.000463992 0)
(0.356923 -0.12145 5.3183e-17)
(0.349883 -0.225793 -1.90974e-16)
(-0.0726352 -0.0296914 2.72634e-18)
(-0.0956204 0.0079396 5.45744e-18)
(-0.108811 0.0568632 1.10115e-17)
(-0.107465 0.113563 0)
(-0.0857831 0.17171 2.91981e-18)
(-0.0396315 0.221235 -9.34789e-18)
(0.0321177 0.248165 1.3701e-17)
(0.12637 0.239359 -4.70677e-17)
(0.225214 0.187559 -2.84822e-17)
(0.308654 0.0820639 0)
(0.362461 -0.0552469 1.56917e-16)
(0.314982 -0.174082 2.44396e-16)
(-0.0556025 0.0507168 -6.30187e-18)
(-0.0678796 0.0934516 -6.27463e-18)
(-0.0699342 0.147593 -1.25969e-17)
(-0.0578604 0.208916 3.19713e-18)
(-0.0270106 0.270586 -2.45822e-20)
(0.0247344 0.321937 -3.53358e-18)
(0.0966333 0.348238 0)
(0.184944 0.336193 -3.3404e-20)
(0.268781 0.279912 -1.08884e-17)
(0.329676 0.166526 1.3027e-16)
(0.355462 0.0153213 -1.82115e-16)
(0.269489 -0.117751 -2.89907e-16)
(-0.0375618 0.119504 4.11172e-18)
(-0.0396857 0.166192 -8.18331e-18)
(-0.0315076 0.224534 1.63531e-17)
(-0.00995314 0.289751 0)
(0.0286439 0.355118 0)
(0.0842918 0.40924 -2.71706e-17)
(0.154938 0.437332 2.87316e-17)
(0.236581 0.425762 1.29028e-16)
(0.304739 0.369145 1.04705e-16)
(0.342018 0.251851 1.79101e-17)
(0.338144 0.0882721 -2.95958e-17)
(0.214903 -0.0589891 0)
(-0.020429 0.180228 0)
(-0.0130554 0.229873 1.43178e-17)
(0.00455459 0.291712 -2.7974e-17)
(0.0348275 0.360373 6.78497e-18)
(0.0808089 0.429985 -6.74303e-18)
(0.139778 0.487337 5.4036e-17)
(0.210149 0.519618 -5.58035e-17)
(0.282886 0.511091 -1.21975e-16)
(0.334925 0.454312 -1.45321e-16)
(0.345226 0.335724 -1.91189e-16)
(0.305113 0.170931 3.45879e-16)
(0.160449 -0.000446284 -7.6113e-17)
(-0.00755052 0.240445 3.84555e-17)
(0.00759535 0.290775 -7.06723e-17)
(0.0323577 0.354862 0)
(0.068326 0.425623 -1.19184e-16)
(0.118547 0.500774 -1.11298e-16)
(0.177072 0.55921 0)
(0.24259 0.60626 2.60662e-17)
(0.309548 0.585504 -7.36638e-17)
(0.32674 0.51864 -1.19484e-21)
(0.309576 0.407241 3.3116e-17)
(0.259192 0.245208 -8.3931e-16)
(0.108963 0.0553831 0)
(-0.281496 -0.561508 -8.37662e-17)
(-0.428666 -0.52649 -3.05546e-17)
(-0.484159 -0.54899 2.35282e-17)
(-0.524711 -0.550314 0)
(-0.569813 -0.527278 1.68592e-17)
(-0.623469 -0.485589 4.11842e-18)
(-0.684283 -0.427726 -1.21532e-17)
(-0.746364 -0.354178 -6.05304e-18)
(-0.803358 -0.268204 -1.00503e-17)
(-0.848513 -0.174341 0)
(-0.88174 -0.0809837 4.10326e-18)
(-0.905032 0.0149578 -1.05873e-18)
(-0.324199 -0.170668 0)
(-0.337252 -0.357142 3.43186e-17)
(-0.370824 -0.432366 -2.43474e-17)
(-0.411461 -0.457529 0)
(-0.456491 -0.448273 1.29589e-17)
(-0.507303 -0.414616 4.19991e-18)
(-0.562618 -0.363468 -1.65095e-17)
(-0.617192 -0.297754 -1.68059e-20)
(-0.666045 -0.221559 0)
(-0.704508 -0.139266 0)
(-0.732934 -0.0566534 0)
(-0.7533 0.0290954 -1.0682e-18)
(-0.352142 0.02372 0)
(-0.271281 -0.208894 2.27223e-17)
(-0.281322 -0.327742 2.57698e-17)
(-0.312685 -0.370402 0)
(-0.354021 -0.37417 -1.33505e-17)
(-0.400603 -0.349163 8.64826e-18)
(-0.450299 -0.305253 2.3246e-17)
(-0.49798 -0.247402 -4.19631e-18)
(-0.539578 -0.180373 -6.25792e-18)
(-0.571738 -0.108403 0)
(-0.594869 -0.0356094 -4.23033e-18)
(-0.610386 0.0404525 1.0791e-18)
(-0.36179 0.149675 0)
(-0.216343 -0.093586 -3.32203e-17)
(-0.2057 -0.235409 -4.43559e-17)
(-0.22477 -0.29044 0)
(-0.260146 -0.304972 -4.64011e-18)
(-0.30221 -0.288706 -1.34475e-17)
(-0.346699 -0.252389 1.75215e-17)
(-0.388359 -0.202444 8.6324e-18)
(-0.423662 -0.144157 -7.13358e-21)
(-0.44993 -0.0816771 1.07125e-18)
(-0.467438 -0.0181797 3.78057e-18)
(-0.476967 0.0483001 -5.50615e-19)
(-0.354146 0.230986 2.77288e-17)
(-0.164552 -0.00349476 -1.83483e-17)
(-0.137248 -0.153425 2.42076e-17)
(-0.144261 -0.217218 5.16763e-18)
(-0.173168 -0.240298 2.43473e-17)
(-0.211267 -0.23257 -4.71928e-18)
(-0.251361 -0.204144 -3.43968e-17)
(-0.288043 -0.162194 -4.32411e-21)
(-0.318022 -0.112388 8.91067e-18)
(-0.338966 -0.0589065 -1.11191e-17)
(-0.350883 -0.00444279 0)
(-0.354026 0.0524477 2.25821e-18)
(-0.330015 0.28047 0)
(-0.111656 0.0687535 -1.02938e-17)
(-0.0716782 -0.0794326 6.70561e-18)
(-0.068204 -0.149175 0)
(-0.0921398 -0.179581 -1.56898e-17)
(-0.127085 -0.179992 -2.01602e-17)
(-0.163914 -0.159766 1.46263e-17)
(-0.196763 -0.125974 -2.38292e-18)
(-0.222422 -0.0845321 2.35418e-18)
(-0.238763 -0.0397765 9.33723e-18)
(-0.245479 0.00577845 0)
(-0.242441 0.0530722 -2.34796e-18)
(-0.289392 0.30564 2.28798e-16)
(-0.0558574 0.127829 8.34172e-17)
(-0.00619263 -0.0112799 6.60539e-21)
(0.00508349 -0.0846995 6.27608e-18)
(-0.0159314 -0.121689 2.30718e-17)
(-0.0490665 -0.130123 2.74941e-17)
(-0.0839839 -0.118469 -5.30867e-18)
(-0.114217 -0.093103 0)
(-0.136614 -0.0600373 0)
(-0.149183 -0.0238705 0)
(-0.151354 0.01284 4.3575e-18)
(-0.142769 0.0505845 6.23744e-19)
(-0.230292 0.309439 -2.1652e-16)
(0.00237895 0.175361 -1.28492e-16)
(0.0609868 0.0525713 0)
(0.0765453 -0.0223847 0)
(0.056438 -0.0652308 -4.59341e-17)
(0.02336 -0.0819467 2.48811e-17)
(-0.0110967 -0.0793811 -2.69039e-17)
(-0.0399844 -0.0628586 -2.89361e-17)
(-0.060221 -0.0383153 2.82607e-18)
(-0.0699199 -0.0107045 -1.38472e-18)
(-0.0683598 0.0172083 -4.11385e-18)
(-0.0551258 0.0455105 -2.72987e-18)
(-0.158787 0.298254 0)
(0.0625287 0.211345 -1.79681e-17)
(0.130713 0.112749 1.08832e-17)
(0.146799 0.0388063 8.65934e-18)
(0.125772 -0.00898041 3.16625e-17)
(0.0909768 -0.0343309 -3.00124e-17)
(0.0555275 -0.0415095 2.15284e-17)
(0.0266498 -0.0344124 5.5258e-17)
(0.00743926 -0.0187029 0)
(-0.000305928 0.000261519 1.63023e-18)
(0.00410476 0.0194093 -1.60787e-18)
(0.0209226 0.0384068 3.17336e-18)
(-0.0659828 0.270747 0)
(0.122922 0.236132 -2.35832e-17)
(0.202477 0.168841 3.29034e-20)
(0.216756 0.0994285 1.0598e-16)
(0.193648 0.047815 -9.78622e-17)
(0.155825 0.0137666 6.19391e-17)
(0.117887 -0.00378467 -4.9326e-18)
(0.0873541 -0.00682225 -4.69675e-17)
(0.0678097 -0.000435265 4.51009e-18)
(0.0610469 0.00972978 1.72691e-17)
(0.0674492 0.0201115 0)
(0.0866327 0.0299859 4.13306e-18)
(0.0114033 0.222365 0)
(0.18829 0.24778 0)
(0.273279 0.220074 0)
(0.288319 0.159722 -1.57189e-16)
(0.264125 0.106232 3.24799e-16)
(0.22348 0.0638859 -9.3662e-17)
(0.181589 0.0351991 8.9008e-18)
(0.14666 0.0209264 -8.48073e-18)
(0.124622 0.0173425 0)
(0.117446 0.0185117 -6.41583e-17)
(0.124936 0.0205644 3.37903e-17)
(0.145384 0.021915 -8.83247e-18)
(0.0510223 0.155721 6.79655e-16)
(0.224434 0.248163 0)
(0.336434 0.263387 -5.32462e-17)
(0.352772 0.221326 3.58484e-16)
(0.333584 0.171609 -2.60987e-16)
(0.297629 0.124047 -7.56058e-17)
(0.253501 0.0818026 2.2508e-16)
(0.211099 0.0519963 -4.55183e-17)
(0.184863 0.0368377 2.32233e-17)
(0.176183 0.0289298 1.82262e-16)
(0.183423 0.023183 -8.75035e-17)
(0.204654 0.016936 -4.13305e-17)
(-0.92544 0.107921 -1.09503e-18)
(-0.948732 0.209844 -1.1414e-18)
(-0.967844 0.317779 1.19704e-18)
(-0.980961 0.428645 0)
(-0.983197 0.535566 -1.33067e-17)
(-0.970897 0.627851 -8.50518e-18)
(-0.941468 0.69305 3.04424e-17)
(-0.893481 0.718293 1.97407e-17)
(-0.825669 0.691784 0)
(-0.736439 0.60451 -1.58243e-19)
(-0.602935 0.424496 -5.04685e-17)
(-0.463586 0.17532 -7.61059e-17)
(-0.769856 0.115044 -2.20341e-18)
(-0.785267 0.207974 -1.1373e-18)
(-0.794147 0.303816 -8.30671e-18)
(-0.794975 0.398245 2.48904e-18)
(-0.784297 0.483038 7.9518e-18)
(-0.76036 0.546759 -2.85816e-17)
(-0.722227 0.576417 -1.88805e-17)
(-0.669593 0.558236 0)
(-0.601409 0.477631 0)
(-0.520378 0.320844 -3.34676e-17)
(-0.401465 0.0385992 -1.79745e-17)
(-0.377363 -0.281978 -1.40447e-16)
(-0.620492 0.117993 5.54591e-19)
(-0.626151 0.200247 5.1327e-18)
(-0.623303 0.282277 9.44503e-18)
(-0.611061 0.358772 0)
(-0.587674 0.420668 -7.93098e-18)
(-0.553622 0.456277 3.71851e-17)
(-0.510527 0.452761 -1.90266e-17)
(-0.461061 0.397103 0)
(-0.40809 0.277426 0)
(-0.362732 0.089836 0)
(-0.320367 -0.15546 0)
(-0.344611 -0.346834 1.21927e-16)
(-0.479391 0.116392 0)
(-0.474775 0.18691 -3.44465e-18)
(-0.460241 0.254305 -1.18548e-18)
(-0.435719 0.312651 2.46773e-18)
(-0.401389 0.352643 5.26638e-18)
(-0.360186 0.363072 -2.56265e-17)
(-0.316957 0.332493 6.41477e-18)
(-0.278235 0.251001 0)
(-0.251358 0.114727 -3.59155e-17)
(-0.252229 -0.0639623 3.51074e-17)
(-0.281423 -0.246971 -5.66737e-17)
(-0.340404 -0.368857 -1.02774e-16)
(-0.348488 0.110456 1.72133e-18)
(-0.333974 0.168761 5.84265e-19)
(-0.308728 0.221481 0)
(-0.273557 0.262479 -2.4802e-18)
(-0.230623 0.282804 -1.57959e-17)
(-0.185277 0.272469 -2.85481e-18)
(-0.145589 0.222454 3.02284e-20)
(-0.121388 0.127202 -2.9186e-17)
(-0.122453 -0.0083924 2.64677e-17)
(-0.163271 -0.162739 -3.39337e-17)
(-0.235551 -0.302029 7.01082e-17)
(-0.309339 -0.379918 -1.05583e-19)
(-0.22933 0.10072 -2.96392e-18)
(-0.205849 0.146826 1.7979e-18)
(-0.171267 0.185411 -1.22582e-18)
(-0.127315 0.210519 2.52361e-18)
(-0.0779287 0.214023 2.13137e-17)
(-0.0305688 0.187701 2.83273e-18)
(0.00402182 0.125383 1.90075e-17)
(0.0139653 0.0255784 5.09555e-17)
(-0.0106783 -0.100493 8.74606e-18)
(-0.0815624 -0.229686 0)
(-0.182109 -0.337595 0)
(-0.273541 -0.371124 1.02593e-16)
(-0.122919 0.0878716 -1.86799e-26)
(-0.0916979 0.122139 -3.78008e-18)
(-0.0492477 0.147494 -1.14895e-17)
(0.00176854 0.158476 0)
(0.0560212 0.148069 0)
(0.104423 0.110093 -5.85627e-18)
(0.134316 0.0411 6.49871e-18)
(0.132894 -0.0575126 -5.92817e-17)
(0.0913578 -0.170603 -4.45486e-17)
(-0.000455927 -0.276397 2.32585e-17)
(-0.121437 -0.356913 1.24478e-16)
(-0.225777 -0.349869 2.18632e-16)
(-0.0296519 0.0726232 2.04623e-18)
(0.00797522 0.0956025 7.50086e-18)
(0.0568937 0.108788 2.06415e-17)
(0.113586 0.107441 -2.25477e-17)
(0.171725 0.0857563 -2.05307e-17)
(0.221242 0.0396095 -9.34771e-18)
(0.248164 -0.0321358 6.87084e-18)
(0.239357 -0.126377 3.13525e-17)
(0.187555 -0.225213 1.14053e-16)
(0.0820659 -0.308646 1.00913e-16)
(-0.0552385 -0.362449 2.79562e-19)
(-0.174068 -0.314967 4.4566e-19)
(0.050759 0.0555919 -3.1503e-18)
(0.0934879 0.0678636 -6.27634e-18)
(0.147622 0.0699146 -1.25965e-17)
(0.208935 0.0578394 4.81473e-17)
(0.270596 0.0269903 2.66001e-17)
(0.321938 -0.0247508 3.53353e-18)
(0.34823 -0.0966438 -3.07984e-17)
(0.336184 -0.184946 0)
(0.279901 -0.268774 9.06699e-20)
(0.166522 -0.329666 -2.31485e-16)
(0.0153243 -0.355449 -2.04943e-16)
(-0.117741 -0.269473 3.66581e-17)
(0.119549 0.0375535 0)
(0.166229 0.0396723 1.02158e-17)
(0.224564 0.0314923 -1.8401e-17)
(0.289768 0.00993565 -3.31543e-17)
(0.355125 -0.0286571 -3.00139e-17)
(0.409236 -0.0843038 -1.3542e-17)
(0.437319 -0.15494 1.02846e-20)
(0.425747 -0.236579 -7.52784e-17)
(0.369128 -0.304727 -2.22416e-16)
(0.251841 -0.342004 1.59449e-16)
(0.0882688 -0.33813 0)
(-0.0589818 -0.214888 -7.54215e-16)
(0.180275 0.0204232 0)
(0.229912 0.0130453 -2.50924e-17)
(0.291742 -0.00456657 2.44653e-17)
(0.360388 -0.0348406 -6.78489e-18)
(0.42999 -0.080817 1.14261e-16)
(0.48733 -0.139785 5.41324e-17)
(0.519601 -0.210146 5.58044e-17)
(0.511071 -0.282878 1.21977e-16)
(0.454289 -0.33491 1.45325e-16)
(0.335708 -0.34521 0)
(0.170922 -0.305099 0)
(-0.000445707 -0.160436 6.09976e-16)
(0.240494 0.0075478 -1.9226e-17)
(0.290816 -0.00760177 1.50111e-16)
(0.354894 -0.0323657 5.65778e-17)
(0.425638 -0.068335 1.19183e-16)
(0.500776 -0.11855 -1.11192e-16)
(0.559199 -0.177074 -2.63248e-17)
(0.606238 -0.242583 2.62294e-17)
(0.585477 -0.309536 -3.67637e-17)
(0.518614 -0.326724 2.87178e-17)
(0.40722 -0.309561 0)
(0.245193 -0.259179 0)
(0.0553766 -0.108954 1.66831e-15)
(-0.561473 0.281497 0)
(-0.526469 0.428646 -3.03383e-17)
(-0.548977 0.484136 4.71291e-18)
(-0.550304 0.52469 0)
(-0.527272 0.569797 0)
(-0.485587 0.623458 4.1188e-18)
(-0.427728 0.684276 6.0655e-18)
(-0.354185 0.74636 -2.01534e-18)
(-0.268215 0.803356 8.03645e-18)
(-0.174356 0.848512 0)
(-0.0810049 0.88174 4.10343e-18)
(0.0149291 0.905032 1.06154e-18)
(-0.170652 0.324194 0)
(-0.357126 0.337234 0)
(-0.432354 0.370806 -1.95067e-17)
(-0.457519 0.411445 0)
(-0.448266 0.456479 -4.31296e-18)
(-0.414613 0.507295 8.39702e-18)
(-0.363469 0.562613 -2.06371e-17)
(-0.297759 0.61719 -2.04367e-18)
(-0.221569 0.666045 2.04483e-18)
(-0.139281 0.70451 8.21217e-18)
(-0.0566736 0.732938 0)
(0.0290692 0.753305 -1.06633e-18)
(0.0237263 0.352133 0)
(-0.208884 0.271265 -7.55019e-18)
(-0.327733 0.281308 3.08849e-17)
(-0.370392 0.312673 -4.61449e-18)
(-0.374162 0.354012 0)
(-0.349158 0.400598 -1.29697e-17)
(-0.305252 0.450296 2.96e-17)
(-0.247406 0.497979 0)
(-0.180382 0.539579 0)
(-0.108416 0.571741 -7.31459e-18)
(-0.0356281 0.594875 3.17177e-18)
(0.0404291 0.610396 1.08034e-18)
(0.149674 0.36178 0)
(-0.0935804 0.21633 0)
(-0.235402 0.20569 -2.2191e-17)
(-0.290431 0.224762 4.85742e-18)
(-0.304964 0.26014 -4.64357e-18)
(-0.288699 0.302207 4.03808e-17)
(-0.252387 0.346697 -4.36335e-18)
(-0.202447 0.38836 1.07985e-17)
(-0.144164 0.423665 -1.07305e-17)
(-0.0816887 0.449936 8.58603e-18)
(-0.0181965 0.467446 -4.32406e-18)
(0.0482793 0.476981 -1.09899e-18)
(0.230981 0.354136 0)
(-0.00349319 0.164542 3.66291e-17)
(-0.15342 0.137242 2.42003e-17)
(-0.217211 0.144256 0)
(-0.24029 0.173166 -1.4616e-17)
(-0.232563 0.211266 -2.82993e-17)
(-0.20414 0.251361 -2.98112e-17)
(-0.162195 0.288044 6.76463e-18)
(-0.112394 0.318025 8.91673e-18)
(-0.0589163 0.338972 -8.89007e-18)
(-0.00445732 0.350892 0)
(0.0524294 0.354042 0)
(0.28046 0.330005 0)
(0.0687518 0.111649 -4.12096e-17)
(-0.0794303 0.0716756 6.6991e-18)
(-0.149169 0.0682026 -5.62837e-18)
(-0.179573 0.0921397 2.09225e-17)
(-0.179985 0.127085 5.0352e-18)
(-0.159762 0.163915 1.4628e-17)
(-0.125974 0.196765 -4.05551e-17)
(-0.0845361 0.222425 2.35437e-18)
(-0.0397845 0.238769 -1.16558e-18)
(0.00576615 0.245488 1.16877e-18)
(0.0530561 0.242457 0)
(0.305629 0.289385 0)
(0.127825 0.055854 -9.53384e-17)
(-0.0112801 0.00619337 0)
(-0.0846958 -0.0050819 -2.50995e-17)
(-0.121683 0.0159336 1.73102e-17)
(-0.130116 0.049068 3.30101e-17)
(-0.118464 0.0839849 -2.65888e-18)
(-0.0931016 0.114218 1.80703e-17)
(-0.0600397 0.136617 0)
(-0.0238767 0.149189 -1.24945e-18)
(0.0128299 0.151363 1.24665e-18)
(0.0505702 0.142785 0)
(0.309427 0.230288 0)
(0.175355 -0.00237918 -1.44115e-17)
(0.0525686 -0.0609831 8.84935e-18)
(-0.0223832 -0.076541 -2.87581e-17)
(-0.0652262 -0.0564339 -5.25006e-17)
(-0.0819407 -0.0233574 -1.86683e-17)
(-0.0793758 0.0110979 -5.98178e-18)
(-0.0628564 0.0399853 -2.60423e-17)
(-0.0383163 0.0602229 2.82629e-18)
(-0.0107088 0.0699249 -1.24806e-17)
(0.0172005 0.0683681 1.37426e-18)
(0.0454981 0.0551405 0)
(0.298241 0.158786 -2.86935e-16)
(0.211337 -0.0625257 1.43781e-16)
(0.112743 -0.130707 -7.61704e-17)
(0.0388055 -0.146792 -8.70165e-18)
(-0.00897787 -0.125766 3.16753e-17)
(-0.0343261 -0.0909731 7.49664e-18)
(-0.0415044 -0.0555262 -7.18433e-18)
(-0.0344095 -0.0266494 1.12365e-21)
(-0.0187027 -0.0074387 0)
(0.00025903 0.000309213 1.30626e-17)
(0.0194038 -0.00409865 0)
(0.0383961 -0.0209094 0)
(0.270736 0.0659865 3.67379e-16)
(0.236121 -0.122915 -2.1268e-16)
(0.168834 -0.202469 1.32976e-16)
(0.0994254 -0.216746 9.41848e-17)
(0.0478149 -0.19364 1.08703e-17)
(0.0137698 -0.15582 4.12816e-17)
(-0.00378059 -0.117886 -4.42942e-17)
(-0.00681896 -0.0873547 2.81857e-17)
(-0.000434272 -0.0678109 4.51043e-18)
(0.00972892 -0.0610459 1.72701e-17)
(0.0201083 -0.067446 -8.36687e-18)
(0.0299772 -0.0866218 0)
(0.222358 -0.0114027 0)
(0.247767 -0.18828 2.67702e-16)
(0.220064 -0.273269 -2.0543e-16)
(0.159716 -0.288307 3.9312e-17)
(0.10623 -0.264114 -3.82194e-17)
(0.063887 -0.223474 -7.49042e-17)
(0.035202 -0.181588 9.80285e-17)
(0.0209297 -0.146662 -8.48146e-18)
(0.0173441 -0.124625 0)
(0.0185121 -0.117448 -3.01956e-17)
(0.020563 -0.124937 4.26788e-17)
(0.021908 -0.145376 0)
(0.155719 -0.0510223 -6.79675e-16)
(0.248154 -0.224425 4.27769e-16)
(0.263374 -0.33642 4.26504e-16)
(0.221318 -0.352755 0)
(0.171603 -0.33357 -2.98249e-16)
(0.124045 -0.29762 -2.64667e-16)
(0.0818041 -0.253499 1.2274e-16)
(0.0519999 -0.211103 -2.27373e-17)
(0.0368397 -0.184869 2.32241e-17)
(0.028931 -0.176188 0)
(0.0231834 -0.18343 1.05442e-20)
(0.0169313 -0.204651 2.06663e-17)
)
;

boundaryField
{
    rotor
    {
        type            noSlip;
    }
    stator
    {
        type            noSlip;
    }
    front
    {
        type            empty;
    }
    back
    {
        type            empty;
    }
}


// ************************************************************************* //
